#CHROM,POS,ID,REF,ALT,QUAL,FILTER,INFO,FORMAT,HG01595,HG01596,HG01597,HG01598,HG01599,HG01600,HG01840,HG01841,HG01842,HG01843,HG01844,HG01845,HG01846,HG01847,HG01848,HG01849,HG01850,HG01851,HG01852,HG01853,HG01855,HG01857,HG01858,HG01859,HG01860,HG01861,HG01862,HG01863,HG01864,HG01865,HG01866,HG01867,HG01868,HG01869,HG01870,HG01871,HG01872,HG01873,HG01874,HG01878,HG02016,HG02017,HG02019,HG02020,HG02023,HG02025,HG02026,HG02028,HG02029,HG02031,HG02032,HG02035,HG02040,HG02047,HG02048,HG02049,HG02050,HG02057,HG02058,HG02060,HG02061,HG02064,HG02067,HG02069,HG02070,HG02072,HG02073,HG02075,HG02076,HG02078,HG02079,HG02081,HG02082,HG02084,HG02085,HG02086,HG02087,HG02088,HG02113,HG02116,HG02121,HG02122,HG02127,HG02128,HG02130,HG02131,HG02133,HG02134,HG02136,HG02137,HG02138,HG02139,HG02140,HG02141,HG02142,HG02512,HG02513,HG02521,HG02522
14,20684198,.,G,C,.,PASS,AC=112;AN=5096;DP=22129;AF=0.02;EAS_AF=0;EUR_AF=0.04;AFR_AF=0;AMR_AF=0.02;SAS_AF=0.05;VT=SNP;NS=2548,GT,0|0,0|0,0|0,0|0,0|0,0|0,0|0,0|0,0|0,0|0,0|0,0|0,0|0,0|0,0|0,0|0,0|0,0|0,0|0,0|0,0|0,0|0,0|0,0|0,0|0,0|0,0|0,0|0,0|0,0|0,0|0,0|0,0|0,0|0,0|0,0|0,0|0,0|0,0|0,0|0,0|0,0|0,0|0,0|0,0|0,0|0,0|0,0|0,0|0,0|0,0|0,0|0,0|0,0|0,0|0,0|0,0|0,0|0,0|0,0|0,0|0,0|0,0|0,0|0,0|0,0|0,0|0,0|0,0|0,0|0,0|0,0|0,0|0,0|0,0|0,0|0,0|0,0|0,0|0,0|0,0|0,0|0,0|0,0|0,0|0,0|0,0|0,0|0,0|0,0|0,0|0,0|0,0|0,0|1,0|0,0|0,0|0,0|0,0|0
14,20684247,.,T,C,.,PASS,AC=112;AN=5096;DP=21135;AF=0.02;EAS_AF=0;EUR_AF=0.04;AFR_AF=0;AMR_AF=0.02;SAS_AF=0.05;VT=SNP;NS=2548,GT,0|0,0|0,0|0,0|0,0|0,0|0,0|0,0|0,0|0,0|0,0|0,0|0,0|0,0|0,0|0,0|0,0|0,0|0,0|0,0|0,0|0,0|0,0|0,0|0,0|0,0|0,0|0,0|0,0|0,0|0,0|0,0|0,0|0,0|0,0|0,0|0,0|0,0|0,0|0,0|0,0|0,0|0,0|0,0|0,0|0,0|0,0|0,0|0,0|0,0|0,0|0,0|0,0|0,0|0,0|0,0|0,0|0,0|0,0|0,0|0,0|0,0|0,0|0,0|0,0|0,0|0,0|0,0|0,0|0,0|0,0|0,0|0,0|0,0|0,0|0,0|0,0|0,0|0,0|0,0|0,0|0,0|0,0|0,0|0,0|0,0|0,0|0,0|0,0|0,0|0,0|0,0|0,0|0,0|1,0|0,0|0,0|0,0|0,0|0
14,20684376,.,G,T,.,PASS,AC=112;AN=5096;DP=17929;AF=0.02;EAS_AF=0;EUR_AF=0.04;AFR_AF=0;AMR_AF=0.02;SAS_AF=0.05;VT=SNP;NS=2548,GT,0|0,0|0,0|0,0|0,0|0,0|0,0|0,0|0,0|0,0|0,0|0,0|0,0|0,0|0,0|0,0|0,0|0,0|0,0|0,0|0,0|0,0|0,0|0,0|0,0|0,0|0,0|0,0|0,0|0,0|0,0|0,0|0,0|0,0|0,0|0,0|0,0|0,0|0,0|0,0|0,0|0,0|0,0|0,0|0,0|0,0|0,0|0,0|0,0|0,0|0,0|0,0|0,0|0,0|0,0|0,0|0,0|0,0|0,0|0,0|0,0|0,0|0,0|0,0|0,0|0,0|0,0|0,0|0,0|0,0|0,0|0,0|0,0|0,0|0,0|0,0|0,0|0,0|0,0|0,0|0,0|0,0|0,0|0,0|0,0|0,0|0,0|0,0|0,0|0,0|0,0|0,0|0,0|0,0|1,0|0,0|0,0|0,0|0,0|0
14,20684445,.,C,A,.,PASS,AC=499;AN=5096;DP=16101;AF=0.1;EAS_AF=0.02;EUR_AF=0.11;AFR_AF=0.1;AMR_AF=0.16;SAS_AF=0.12;VT=SNP;NS=2548,GT,0|0,0|0,0|0,0|0,0|0,0|0,0|0,0|0,0|0,0|0,0|0,0|0,0|0,0|0,0|0,0|0,0|0,0|0,0|0,0|0,0|0,0|0,0|0,0|0,0|0,0|0,0|0,0|0,0|0,0|0,0|1,0|0,0|0,0|0,0|0,0|0,0|0,0|0,0|0,0|0,0|0,0|0,0|0,0|0,0|0,0|0,0|0,0|0,0|0,0|0,0|0,0|0,0|0,0|0,0|0,0|0,0|0,0|0,0|0,0|0,0|0,0|0,0|0,0|0,0|0,0|0,0|0,0|0,0|0,0|0,0|0,0|0,0|0,0|0,0|0,0|0,0|0,0|0,0|0,0|0,0|0,0|0,0|0,0|0,0|0,0|0,0|0,0|0,0|0,0|0,0|0,0|0,0|0,0|0,0|0,0|0,0|0,0|0,0|0
14,20684540,.,A,C,.,PASS,AC=112;AN=5096;DP=18148;AF=0.02;EAS_AF=0;EUR_AF=0.04;AFR_AF=0;AMR_AF=0.02;SAS_AF=0.05;VT=SNP;NS=2548,GT,0|0,0|0,0|0,0|0,0|0,0|0,0|0,0|0,0|0,0|0,0|0,0|0,0|0,0|0,0|0,0|0,0|0,0|0,0|0,0|0,0|0,0|0,0|0,0|0,0|0,0|0,0|0,0|0,0|0,0|0,0|0,0|0,0|0,0|0,0|0,0|0,0|0,0|0,0|0,0|0,0|0,0|0,0|0,0|0,0|0,0|0,0|0,0|0,0|0,0|0,0|0,0|0,0|0,0|0,0|0,0|0,0|0,0|0,0|0,0|0,0|0,0|0,0|0,0|0,0|0,0|0,0|0,0|0,0|0,0|0,0|0,0|0,0|0,0|0,0|0,0|0,0|0,0|0,0|0,0|0,0|0,0|0,0|0,0|0,0|0,0|0,0|0,0|0,0|0,0|0,0|0,0|0,0|0,0|1,0|0,0|0,0|0,0|0,0|0
14,20684736,.,T,C,.,PASS,AC=112;AN=5096;DP=22408;AF=0.02;EAS_AF=0;EUR_AF=0.04;AFR_AF=0;AMR_AF=0.02;SAS_AF=0.05;VT=SNP;NS=2548,GT,0|0,0|0,0|0,0|0,0|0,0|0,0|0,0|0,0|0,0|0,0|0,0|0,0|0,0|0,0|0,0|0,0|0,0|0,0|0,0|0,0|0,0|0,0|0,0|0,0|0,0|0,0|0,0|0,0|0,0|0,0|0,0|0,0|0,0|0,0|0,0|0,0|0,0|0,0|0,0|0,0|0,0|0,0|0,0|0,0|0,0|0,0|0,0|0,0|0,0|0,0|0,0|0,0|0,0|0,0|0,0|0,0|0,0|0,0|0,0|0,0|0,0|0,0|0,0|0,0|0,0|0,0|0,0|0,0|0,0|0,0|0,0|0,0|0,0|0,0|0,0|0,0|0,0|0,0|0,0|0,0|0,0|0,0|0,0|0,0|0,0|0,0|0,0|0,0|0,0|0,0|0,0|0,0|0,0|1,0|0,0|0,0|0,0|0,0|0
14,20684874,.,G,C,.,PASS,AC=112;AN=5096;DP=21360;AF=0.02;EAS_AF=0;EUR_AF=0.04;AFR_AF=0;AMR_AF=0.02;SAS_AF=0.05;VT=SNP;NS=2548,GT,0|0,0|0,0|0,0|0,0|0,0|0,0|0,0|0,0|0,0|0,0|0,0|0,0|0,0|0,0|0,0|0,0|0,0|0,0|0,0|0,0|0,0|0,0|0,0|0,0|0,0|0,0|0,0|0,0|0,0|0,0|0,0|0,0|0,0|0,0|0,0|0,0|0,0|0,0|0,0|0,0|0,0|0,0|0,0|0,0|0,0|0,0|0,0|0,0|0,0|0,0|0,0|0,0|0,0|0,0|0,0|0,0|0,0|0,0|0,0|0,0|0,0|0,0|0,0|0,0|0,0|0,0|0,0|0,0|0,0|0,0|0,0|0,0|0,0|0,0|0,0|0,0|0,0|0,0|0,0|0,0|0,0|0,0|0,0|0,0|0,0|0,0|0,0|0,0|0,0|0,0|0,0|0,0|0,0|1,0|0,0|0,0|0,0|0,0|0
14,20684967,.,G,A,.,PASS,AC=1;AN=5096;DP=22160;AF=0;EAS_AF=0;EUR_AF=0;AFR_AF=0;AMR_AF=0;SAS_AF=0;VT=SNP;NS=2548,GT,0|0,0|0,0|0,0|0,0|0,0|0,0|0,0|0,0|0,0|0,0|0,0|0,0|0,0|0,0|0,0|0,0|0,0|0,0|0,0|0,0|0,0|0,0|0,0|0,0|0,0|0,0|0,0|0,0|0,0|0,0|0,0|0,0|0,0|0,0|0,0|0,0|0,0|0,0|0,0|0,0|0,0|0,0|0,0|0,0|0,0|0,0|0,0|0,0|0,0|0,0|0,0|0,0|0,0|0,0|0,0|0,0|0,0|0,0|0,0|0,0|0,0|0,0|0,0|0,0|0,0|0,0|0,0|0,0|0,0|0,0|0,0|0,0|0,0|0,0|0,0|0,0|0,0|0,0|0,0|1,0|0,0|0,0|0,0|0,0|0,0|0,0|0,0|0,0|0,0|0,0|0,0|0,0|0,0|0,0|0,0|0,0|0,0|0,0|0
14,20685098,.,A,G,.,PASS,AC=4;AN=5096;DP=23293;AF=0;EAS_AF=0;EUR_AF=0;AFR_AF=0;AMR_AF=0;SAS_AF=0;VT=SNP;NS=2548,GT,0|0,0|0,0|0,0|0,0|0,0|0,0|0,0|0,0|0,0|0,0|0,0|0,0|0,0|0,0|0,0|0,0|0,0|0,0|0,0|0,0|0,0|0,0|0,0|0,0|0,0|0,0|0,0|0,0|0,0|0,0|0,0|0,0|0,0|0,0|0,0|0,0|0,0|0,0|0,0|0,0|0,0|0,0|0,0|0,0|0,0|0,0|0,0|0,0|0,0|0,0|0,0|0,0|0,0|0,0|0,0|0,0|0,0|0,0|0,0|0,0|0,0|0,0|0,0|0,0|0,0|0,0|0,0|0,0|0,0|0,0|0,0|0,0|0,0|0,0|0,0|0,0|0,0|0,0|0,0|0,0|0,0|0,0|0,0|0,0|0,0|0,0|0,0|0,0|0,0|0,0|0,0|0,0|0,0|0,0|0,0|0,0|0,0|0,0|1
14,20685133,.,T,A,.,PASS,AC=112;AN=5096;DP=23021;AF=0.02;EAS_AF=0;EUR_AF=0.04;AFR_AF=0;AMR_AF=0.02;SAS_AF=0.05;VT=SNP;NS=2548,GT,0|0,0|0,0|0,0|0,0|0,0|0,0|0,0|0,0|0,0|0,0|0,0|0,0|0,0|0,0|0,0|0,0|0,0|0,0|0,0|0,0|0,0|0,0|0,0|0,0|0,0|0,0|0,0|0,0|0,0|0,0|0,0|0,0|0,0|0,0|0,0|0,0|0,0|0,0|0,0|0,0|0,0|0,0|0,0|0,0|0,0|0,0|0,0|0,0|0,0|0,0|0,0|0,0|0,0|0,0|0,0|0,0|0,0|0,0|0,0|0,0|0,0|0,0|0,0|0,0|0,0|0,0|0,0|0,0|0,0|0,0|0,0|0,0|0,0|0,0|0,0|0,0|0,0|0,0|0,0|0,0|0,0|0,0|0,0|0,0|0,0|0,0|0,0|0,0|0,0|0,0|0,0|0,0|0,0|1,0|0,0|0,0|0,0|0,0|0
14,20685140,.,A,C,.,PASS,AC=2329;AN=5096;DP=23068;AF=0.46;EAS_AF=0.44;EUR_AF=0.45;AFR_AF=0.54;AMR_AF=0.43;SAS_AF=0.38;VT=SNP;NS=2548,GT,1|0,0|0,0|0,1|0,0|1,0|1,0|1,1|1,1|1,1|1,0|1,1|1,1|0,1|0,0|0,1|1,1|1,0|0,0|1,0|1,1|1,1|1,0|1,0|1,0|0,1|0,0|0,1|1,0|0,0|0,0|1,1|1,0|1,0|0,1|0,0|0,0|1,0|0,1|1,0|1,1|0,1|0,0|1,0|1,0|0,0|0,0|0,1|1,1|0,1|0,0|1,0|0,1|1,1|1,1|0,0|0,1|1,0|0,0|1,1|0,0|1,1|0,1|0,0|1,0|0,0|0,0|1,0|1,1|1,0|0,1|0,1|0,0|0,0|0,1|1,0|0,0|0,1|0,1|0,0|1,0|0,1|0,0|1,0|0,1|0,1|0,0|1,1|1,0|0,1|1,0|1,0|1,0|1,1|0,1|1,0|1,1|0,0|0,0|0
14,20685457,.,G,A,.,PASS,AC=2201;AN=5096;DP=20819;AF=0.43;EAS_AF=0.44;EUR_AF=0.45;AFR_AF=0.46;AMR_AF=0.42;SAS_AF=0.37;VT=SNP;NS=2548,GT,1|0,0|0,0|0,1|0,0|1,0|1,0|1,1|1,1|1,1|1,0|1,1|1,1|0,1|0,0|0,1|1,1|1,0|0,0|1,0|1,1|1,1|1,0|1,0|1,0|0,1|0,0|0,1|1,0|0,0|0,0|1,1|1,0|1,0|0,1|0,0|0,0|1,0|0,1|1,0|1,1|0,1|0,0|1,0|1,0|0,0|0,0|0,1|1,1|0,1|0,0|1,0|0,1|1,1|1,1|0,0|0,1|1,0|0,0|1,1|0,0|1,1|0,1|0,0|1,0|0,0|0,0|1,0|1,1|1,0|0,1|0,1|0,0|0,0|0,1|1,0|0,0|0,1|0,1|0,0|1,0|0,1|0,0|1,0|0,1|0,1|0,0|1,1|1,0|0,1|1,0|1,0|1,0|1,1|0,1|1,0|1,1|0,0|0,0|0
14,20685464,.,G,A,.,PASS,AC=2201;AN=5096;DP=20596;AF=0.43;EAS_AF=0.44;EUR_AF=0.45;AFR_AF=0.46;AMR_AF=0.42;SAS_AF=0.37;VT=SNP;NS=2548,GT,1|0,0|0,0|0,1|0,0|1,0|1,0|1,1|1,1|1,1|1,0|1,1|1,1|0,1|0,0|0,1|1,1|1,0|0,0|1,0|1,1|1,1|1,0|1,0|1,0|0,1|0,0|0,1|1,0|0,0|0,0|1,1|1,0|1,0|0,1|0,0|0,0|1,0|0,1|1,0|1,1|0,1|0,0|1,0|1,0|0,0|0,0|0,1|1,1|0,1|0,0|1,0|0,1|1,1|1,1|0,0|0,1|1,0|0,0|1,1|0,0|1,1|0,1|0,0|1,0|0,0|0,0|1,0|1,1|1,0|0,1|0,1|0,0|0,0|0,1|1,0|0,0|0,1|0,1|0,0|1,0|0,1|0,0|1,0|0,1|0,1|0,0|1,1|1,0|0,1|1,0|1,0|1,0|1,1|0,1|1,0|1,1|0,0|0,0|0
14,20685569,.,C,T,.,PASS,AC=317;AN=5096;DP=22737;AF=0.06;EAS_AF=0.14;EUR_AF=0.05;AFR_AF=0;AMR_AF=0.05;SAS_AF=0.08;VT=SNP;NS=2548,GT,0|0,1|0,0|0,0|0,0|0,0|0,0|0,0|0,0|0,0|0,0|0,0|0,0|0,0|1,0|0,0|0,0|0,0|1,0|0,0|0,0|0,0|0,1|0,0|0,1|1,0|0,0|0,0|0,0|0,0|1,0|0,0|0,1|0,0|1,0|0,0|0,0|0,0|0,0|0,0|0,0|0,0|0,0|0,1|0,0|0,0|1,0|0,0|0,0|1,0|1,0|0,1|0,0|0,0|0,0|0,0|1,0|0,0|0,0|0,0|0,0|0,0|0,0|0,0|0,0|0,0|1,0|0,1|0,0|0,0|0,0|0,0|0,0|0,1|0,0|0,0|0,1|0,0|1,0|0,0|0,0|0,0|0,0|0,0|0,0|0,0|0,0|0,0|0,0|1,0|0,1|0,0|0,0|0,0|0,0|0,0|0,0|0,0|1,0|0
14,20685629,.,A,C,.,PASS,AC=2202;AN=5096;DP=22198;AF=0.43;EAS_AF=0.45;EUR_AF=0.45;AFR_AF=0.46;AMR_AF=0.42;SAS_AF=0.37;VT=SNP;NS=2548,GT,1|0,0|0,0|0,1|0,0|1,0|1,0|1,1|1,1|1,1|1,0|1,1|1,1|0,1|0,0|0,1|1,1|1,0|0,0|1,0|1,1|1,1|1,0|1,0|1,0|0,1|0,0|0,1|1,0|0,0|0,0|1,1|1,0|1,0|0,1|0,0|0,0|1,0|0,1|1,0|1,1|0,1|0,0|1,0|1,0|0,0|0,0|0,1|1,1|0,1|0,0|1,0|0,1|1,1|1,1|0,0|0,1|1,0|0,0|1,1|0,0|1,1|0,1|0,0|1,0|0,0|0,0|1,0|1,1|1,0|0,1|0,1|0,0|0,0|0,1|1,0|0,0|0,1|0,1|0,0|1,0|0,1|0,0|1,0|0,1|0,1|0,0|1,1|1,0|0,1|1,0|1,0|1,0|1,1|0,1|1,0|1,1|0,0|0,0|0
14,20685921,.,C,T,.,PASS,AC=2206;AN=5096;DP=18052;AF=0.43;EAS_AF=0.44;EUR_AF=0.45;AFR_AF=0.46;AMR_AF=0.42;SAS_AF=0.37;VT=SNP;NS=2548,GT,1|0,0|0,0|0,1|0,0|1,0|1,0|1,1|1,1|1,1|1,0|1,1|1,1|0,1|0,0|0,1|1,1|1,0|0,0|1,0|1,1|1,1|1,0|1,0|1,0|0,1|0,0|0,1|1,0|0,0|0,0|1,1|1,0|1,0|0,1|0,0|0,0|1,0|0,1|1,0|1,1|0,1|0,0|1,0|1,0|0,0|0,0|0,1|1,1|0,1|0,0|1,0|0,1|1,1|1,1|0,0|0,1|1,0|0,0|1,1|0,0|1,1|0,1|0,0|1,0|0,0|0,0|1,0|1,1|1,0|0,1|0,1|0,0|0,0|0,1|1,0|0,0|0,1|0,1|0,0|1,0|0,1|0,0|1,0|0,1|0,1|0,0|1,1|1,0|0,1|1,0|1,0|1,0|1,0|0,1|1,0|1,1|0,0|0,0|0
14,20685955,.,T,G,.,PASS,AC=2207;AN=5096;DP=20108;AF=0.43;EAS_AF=0.45;EUR_AF=0.45;AFR_AF=0.46;AMR_AF=0.42;SAS_AF=0.37;VT=SNP;NS=2548,GT,1|0,0|0,0|0,1|0,0|1,0|1,0|1,1|1,1|1,1|1,0|1,1|1,1|0,1|0,0|0,1|1,1|1,0|0,0|1,0|1,1|1,1|1,0|1,0|1,0|0,1|0,0|0,1|1,0|0,0|0,0|1,1|1,0|1,0|0,1|0,0|0,0|1,0|0,1|1,0|1,1|0,1|0,0|1,0|1,0|0,0|0,0|0,1|1,1|0,1|0,0|1,0|0,1|1,1|1,1|0,0|0,1|1,0|0,0|1,1|0,0|1,1|0,1|0,0|1,0|0,0|0,0|1,0|1,1|1,0|0,1|0,1|0,0|0,0|0,1|1,0|0,0|0,1|0,1|0,0|1,0|0,1|0,0|1,0|0,1|0,1|0,0|1,1|1,0|0,1|1,0|1,0|1,0|1,0|0,1|1,0|1,1|0,0|0,0|0
14,20686090,.,G,C,.,PASS,AC=3024;AN=5096;DP=20639;AF=0.59;EAS_AF=0.59;EUR_AF=0.54;AFR_AF=0.74;AMR_AF=0.52;SAS_AF=0.51;VT=SNP;NS=2548,GT,1|0,1|0,0|0,1|0,0|1,0|1,0|1,1|1,1|1,1|1,0|1,1|1,1|0,1|1,0|0,1|1,1|1,0|1,0|1,0|1,1|1,1|1,1|1,0|1,1|1,1|0,0|0,1|1,0|0,0|1,0|1,1|1,1|1,0|1,1|0,0|0,0|1,0|0,1|1,0|1,1|0,1|0,0|1,1|1,0|0,0|1,0|0,1|1,1|1,1|1,0|1,1|0,1|1,1|1,1|0,0|1,1|1,0|0,0|1,1|0,0|1,1|0,1|0,0|1,0|0,0|1,0|1,1|1,1|1,0|0,1|0,1|0,0|1,1|0,1|1,0|0,1|0,1|1,1|0,0|1,0|0,1|0,0|1,0|0,1|0,1|0,0|1,1|1,0|1,1|1,1|1,0|1,0|1,1|1,1|1,0|1,1|0,0|1,0|0
14,20686224,.,G,C,.,PASS,AC=2206;AN=5096;DP=20856;AF=0.43;EAS_AF=0.45;EUR_AF=0.45;AFR_AF=0.46;AMR_AF=0.42;SAS_AF=0.37;VT=SNP;NS=2548,GT,1|0,0|0,0|0,1|0,0|1,0|1,0|1,1|1,1|1,1|1,0|1,1|1,1|0,1|0,0|0,1|1,1|1,0|0,0|1,0|1,1|1,1|1,0|1,0|1,0|0,1|0,0|0,1|1,0|0,0|0,0|1,1|1,0|1,0|0,1|0,0|0,0|1,0|0,1|1,0|1,1|0,1|0,0|1,0|1,0|0,0|0,0|0,1|1,1|0,1|0,0|1,0|0,1|1,1|1,1|0,0|0,1|1,0|0,0|1,1|0,0|1,1|0,1|0,0|1,0|0,0|0,0|1,0|1,1|1,0|0,1|0,1|0,0|0,0|0,1|1,0|0,0|0,1|0,1|0,0|1,0|0,1|0,0|1,0|0,1|0,1|0,0|1,1|1,0|0,1|1,0|1,0|1,0|1,0|0,1|1,0|1,1|0,0|0,0|0
14,20686336,.,G,C,.,PASS,AC=505;AN=5096;DP=23507;AF=0.1;EAS_AF=0.02;EUR_AF=0.11;AFR_AF=0.1;AMR_AF=0.16;SAS_AF=0.12;VT=SNP;NS=2548,GT,0|0,0|0,0|0,0|0,0|0,0|0,0|0,0|0,0|0,0|0,0|0,0|0,0|0,0|0,0|0,0|0,0|0,0|0,0|0,0|0,0|0,0|0,0|0,0|0,0|0,0|0,0|0,0|0,0|0,0|0,0|1,0|0,0|0,0|0,0|0,0|0,0|0,0|0,0|0,0|0,0|0,0|0,0|0,0|0,0|0,0|0,0|0,0|0,0|0,0|0,0|0,0|0,0|0,0|0,0|0,0|0,0|0,0|0,0|0,0|0,0|0,0|0,0|0,0|0,0|0,0|0,0|0,0|0,0|0,0|0,0|0,0|0,0|0,0|0,0|0,0|0,0|0,0|0,0|0,0|0,0|0,0|0,0|0,0|0,0|0,0|0,0|0,0|0,0|0,0|0,0|0,0|0,0|0,0|0,0|0,0|0,0|0,0|0,0|0
14,20686352,.,G,GC,.,PASS,AC=285;AN=5096;DP=23588;AF=0.06;EAS_AF=0.02;EUR_AF=0.06;AFR_AF=0.02;AMR_AF=0.13;SAS_AF=0.09;VT=INDEL;NS=2548,GT,0|0,0|0,0|0,0|0,0|0,0|0,0|0,0|0,0|0,0|0,0|0,0|0,0|0,0|0,0|0,0|0,0|0,0|0,0|0,0|0,0|0,0|0,0|0,0|0,0|0,0|0,0|0,0|0,0|0,0|0,0|1,0|0,0|0,0|0,0|0,0|0,0|0,0|0,0|0,0|0,0|0,0|0,0|0,0|0,0|0,0|0,0|0,0|0,0|0,0|0,0|0,0|0,0|0,0|0,0|0,0|0,0|0,0|0,0|0,0|0,0|0,0|0,0|0,0|0,0|0,0|0,0|0,0|0,0|0,0|0,0|0,0|0,0|0,0|0,0|0,0|0,0|0,0|0,0|0,0|0,0|0,0|0,0|0,0|0,0|0,0|0,0|0,0|0,0|0,0|0,0|0,0|0,0|0,0|0,0|0,0|0,0|0,0|0,0|0
14,20686697,.,A,AGT,.,PASS,AC=116;AN=5096;DP=22443;AF=0.02;EAS_AF=0.01;EUR_AF=0.04;AFR_AF=0;AMR_AF=0.02;SAS_AF=0.05;VT=INDEL;NS=2548,GT,0|0,0|0,0|0,0|0,0|0,0|0,0|0,0|0,0|0,0|0,0|0,0|0,0|0,0|0,0|0,0|0,0|0,0|0,0|0,0|0,0|0,0|0,0|0,0|0,0|0,0|0,0|0,0|0,0|0,0|0,0|0,0|0,0|0,0|0,0|0,0|0,0|0,0|0,0|0,0|0,0|0,0|0,0|0,0|0,0|0,0|0,0|0,0|0,0|0,0|0,0|0,0|0,0|0,0|0,0|0,0|0,0|0,0|0,0|0,0|0,0|0,0|0,0|0,0|0,0|0,0|0,0|0,0|0,0|0,0|0,0|0,0|0,0|1,0|0,0|0,0|0,0|0,0|0,0|0,0|0,0|0,0|0,0|0,0|0,0|0,0|0,0|0,0|0,0|0,0|0,0|0,0|0,0|0,0|1,0|0,0|0,0|0,0|0,0|0
14,20686836,.,T,C,.,PASS,AC=44;AN=5096;DP=20491;AF=0.01;EAS_AF=0.04;EUR_AF=0;AFR_AF=0;AMR_AF=0;SAS_AF=0;VT=SNP;NS=2548,GT,0|0,0|0,0|0,0|0,0|0,0|0,0|0,0|0,0|0,0|0,0|0,0|0,0|0,0|0,0|0,0|0,0|0,0|0,0|0,0|0,0|0,0|0,0|0,0|0,0|0,0|0,0|0,0|0,0|0,1|0,0|0,0|0,0|0,0|0,0|0,1|0,0|0,0|0,0|0,0|0,0|0,0|0,0|0,0|0,0|0,0|0,0|0,0|0,0|0,0|0,0|0,0|0,0|0,0|0,0|0,0|0,0|0,0|0,0|0,0|0,0|0,0|0,0|0,0|0,0|0,0|0,0|0,0|0,0|0,0|0,0|1,0|0,0|0,0|0,0|0,0|0,0|0,0|0,0|0,0|0,0|0,0|0,0|0,1|0,0|0,0|0,0|0,0|0,0|0,0|0,0|0,1|0,0|0,0|0,0|0,0|0,0|0,0|0,0|0
14,20686949,.,G,A,.,PASS,AC=499;AN=5096;DP=19278;AF=0.1;EAS_AF=0.02;EUR_AF=0.11;AFR_AF=0.1;AMR_AF=0.16;SAS_AF=0.11;VT=SNP;NS=2548,GT,0|0,0|0,0|0,0|0,0|0,0|0,0|0,0|0,0|0,0|0,0|0,0|0,0|0,0|0,0|0,0|0,0|0,0|0,0|0,0|0,0|0,0|0,0|0,0|0,0|0,0|0,0|0,0|0,0|0,0|0,0|1,0|0,0|0,0|0,0|0,0|0,0|0,0|0,0|0,0|0,0|0,0|0,0|0,0|0,0|0,0|0,0|0,0|0,0|0,0|0,0|0,0|0,0|0,0|0,0|0,0|0,0|0,0|0,0|0,0|0,0|0,0|0,0|0,0|0,0|0,0|0,0|0,0|0,0|0,0|0,0|0,0|0,0|0,0|0,0|0,0|0,0|0,0|0,0|0,0|0,0|0,0|0,0|0,0|0,0|0,0|0,0|0,0|0,0|0,0|0,0|0,0|0,0|0,0|0,0|0,0|0,0|0,0|0,0|0
14,20687101,.,T,C,.,PASS,AC=116;AN=5096;DP=19907;AF=0.02;EAS_AF=0.01;EUR_AF=0.04;AFR_AF=0;AMR_AF=0.02;SAS_AF=0.05;VT=SNP;NS=2548,GT,0|0,0|0,0|0,0|0,0|0,0|0,0|0,0|0,0|0,0|0,0|0,0|0,0|0,0|0,0|0,0|0,0|0,0|0,0|0,0|0,0|0,0|0,0|0,0|0,0|0,0|0,0|0,0|0,0|0,0|0,0|0,0|0,0|0,0|0,0|0,0|0,0|0,0|0,0|0,0|0,0|0,0|0,0|0,0|0,0|0,0|0,0|0,0|0,0|0,0|0,0|0,0|0,0|0,0|0,0|0,0|0,0|0,0|0,0|0,0|0,0|0,0|0,0|0,0|0,0|0,0|0,0|0,0|0,0|0,0|0,0|0,0|0,0|1,0|0,0|0,0|0,0|0,0|0,0|0,0|0,0|0,0|0,0|0,0|0,0|0,0|0,0|0,0|0,0|0,0|0,0|0,0|0,0|0,0|1,0|0,0|0,0|0,0|0,0|0
14,20687111,.,T,C,.,PASS,AC=479;AN=5096;DP=20285;AF=0.09;EAS_AF=0.02;EUR_AF=0.11;AFR_AF=0.1;AMR_AF=0.16;SAS_AF=0.1;VT=SNP;NS=2548,GT,0|0,0|0,0|0,0|0,0|0,0|0,0|0,0|0,0|0,0|0,0|0,0|0,0|0,0|0,0|0,0|0,0|0,0|0,0|0,0|0,0|0,0|0,0|0,0|0,0|0,0|0,0|0,0|0,0|0,0|0,0|1,0|0,0|0,0|0,0|0,0|0,0|0,0|0,0|0,0|0,0|0,0|0,0|0,0|0,0|0,0|0,0|0,0|0,0|0,0|0,0|0,0|0,0|0,0|0,0|0,0|0,0|0,0|0,0|0,0|0,0|0,0|0,0|0,0|0,0|0,0|0,0|0,0|0,0|0,0|0,0|0,0|0,0|0,0|0,0|0,0|0,0|0,0|0,0|0,0|0,0|0,0|0,0|0,0|0,0|0,0|0,0|0,0|0,0|0,0|0,0|0,0|0,0|0,0|0,0|0,0|0,0|0,0|0,0|0
14,20687123,.,G,A,.,PASS,AC=1;AN=5096;DP=20549;AF=0;EAS_AF=0;EUR_AF=0;AFR_AF=0;AMR_AF=0;SAS_AF=0;VT=SNP;NS=2548,GT,0|0,0|0,0|0,0|0,0|0,0|0,0|0,0|0,0|0,0|0,0|0,0|0,0|0,0|0,0|0,0|0,0|0,0|0,0|0,0|0,0|0,0|0,0|0,0|0,0|0,0|0,0|0,0|0,0|0,0|0,0|0,0|0,0|0,0|0,0|0,1|0,0|0,0|0,0|0,0|0,0|0,0|0,0|0,0|0,0|0,0|0,0|0,0|0,0|0,0|0,0|0,0|0,0|0,0|0,0|0,0|0,0|0,0|0,0|0,0|0,0|0,0|0,0|0,0|0,0|0,0|0,0|0,0|0,0|0,0|0,0|0,0|0,0|0,0|0,0|0,0|0,0|0,0|0,0|0,0|0,0|0,0|0,0|0,0|0,0|0,0|0,0|0,0|0,0|0,0|0,0|0,0|0,0|0,0|0,0|0,0|0,0|0,0|0,0|0
14,20687215,.,C,T,.,PASS,AC=137;AN=5096;DP=22070;AF=0.03;EAS_AF=0.12;EUR_AF=0;AFR_AF=0;AMR_AF=0.01;SAS_AF=0.01;VT=SNP;NS=2548,GT,0|0,0|0,0|0,1|0,0|0,0|0,0|0,0|0,0|0,0|0,0|0,0|0,1|0,0|0,0|0,1|0,0|0,0|0,0|0,0|0,0|0,1|0,0|0,0|0,0|0,0|0,0|0,1|0,0|0,0|0,0|0,0|0,0|0,0|0,0|0,0|0,0|0,0|0,1|1,0|0,0|0,0|0,0|0,0|0,0|0,0|0,0|0,0|0,0|0,0|0,0|0,0|0,0|0,0|0,0|0,0|0,0|0,0|0,0|1,0|0,0|0,0|0,0|0,0|0,0|0,0|0,0|1,0|0,0|1,0|0,0|0,0|0,0|0,0|0,0|1,0|0,0|0,0|0,1|0,0|0,0|0,1|0,0|0,0|0,0|0,0|0,0|0,1|0,0|0,0|1,0|0,0|1,0|0,0|0,0|0,0|0,1|0,0|0,0|0
14,20687234,.,A,G,.,PASS,AC=2906;AN=5096;DP=22129;AF=0.57;EAS_AF=0.59;EUR_AF=0.54;AFR_AF=0.65;AMR_AF=0.52;SAS_AF=0.51;VT=SNP;NS=2548,GT,1|0,1|0,0|0,1|0,0|1,0|1,0|1,1|1,1|1,1|1,0|1,1|1,1|0,1|1,0|0,1|1,1|1,0|1,0|1,0|1,1|1,1|1,1|1,0|1,1|1,1|0,0|0,1|1,0|0,0|1,0|1,1|1,1|1,0|1,1|0,0|0,0|1,0|0,1|1,0|1,1|0,1|0,0|1,1|1,0|0,0|1,0|0,1|1,1|1,1|1,0|1,1|0,1|1,1|1,1|0,0|1,1|1,0|0,0|1,1|0,0|1,1|0,1|0,0|1,0|0,0|1,0|1,1|1,1|1,0|0,1|0,1|0,0|1,1|0,1|1,0|0,1|0,1|1,1|0,0|1,0|0,1|0,0|1,0|0,1|0,1|0,0|1,1|1,0|1,1|1,1|1,0|1,0|1,1|1,1|0,0|1,1|0,0|1,0|0
14,20687469,.,T,C,.,PASS,AC=5;AN=5096;DP=22943;AF=0;EAS_AF=0;EUR_AF=0;AFR_AF=0;AMR_AF=0;SAS_AF=0;VT=SNP;NS=2548,GT,0|0,0|0,0|0,0|0,0|0,0|0,0|0,0|0,0|0,0|0,0|0,0|0,0|0,0|0,0|0,0|0,0|0,0|0,0|0,0|0,0|0,0|0,0|0,0|0,0|0,0|0,0|0,0|0,0|0,0|0,0|0,0|0,0|0,0|0,0|0,0|0,0|0,0|0,0|0,0|0,0|0,0|0,0|0,0|0,0|0,1|0,0|0,0|0,0|0,0|0,0|0,0|0,0|0,0|0,0|0,0|0,0|0,0|0,0|0,0|0,0|0,0|0,0|0,0|0,0|0,0|0,0|0,0|0,0|0,0|0,0|0,0|0,0|0,0|0,0|0,1|0,0|0,0|0,0|0,0|0,0|0,0|0,0|0,0|0,0|0,0|0,0|0,0|0,0|0,0|0,0|0,0|0,0|0,0|0,0|0,0|0,0|0,0|0,0|0
14,20687528,.,G,A,.,PASS,AC=2;AN=5096;DP=22964;AF=0;EAS_AF=0;EUR_AF=0;AFR_AF=0;AMR_AF=0;SAS_AF=0;VT=SNP;NS=2548,GT,0|0,0|0,0|0,0|0,0|0,0|0,0|0,0|0,0|0,0|0,0|0,0|0,0|0,0|0,0|0,0|0,0|0,0|0,0|0,0|0,0|0,0|0,0|0,0|0,0|0,0|0,0|0,0|0,0|0,0|0,0|0,0|1,0|0,0|0,0|0,0|0,0|0,0|0,0|0,0|0,0|0,0|0,0|0,0|0,0|0,0|0,0|0,0|0,0|0,0|0,0|0,0|0,0|0,0|0,0|0,0|0,0|0,0|0,0|0,0|0,0|0,0|0,0|0,0|0,0|0,0|0,0|0,0|0,0|0,0|0,0|0,0|0,0|0,0|0,0|0,0|0,0|0,0|0,0|0,0|0,0|0,0|0,0|0,0|0,0|0,0|0,0|0,0|0,0|0,0|0,0|0,0|0,0|0,0|0,0|0,0|0,0|0,0|0,0|0
14,20687898,.,A,G,.,PASS,AC=1;AN=5096;DP=22709;AF=0;EAS_AF=0;EUR_AF=0;AFR_AF=0;AMR_AF=0;SAS_AF=0;VT=SNP;NS=2548,GT,0|0,0|0,0|0,0|0,0|0,0|0,0|0,0|0,0|0,0|0,0|0,0|0,0|0,0|0,0|0,0|0,0|0,0|0,0|0,0|0,0|0,0|0,0|0,0|0,0|0,0|0,0|0,0|0,0|0,0|0,0|0,0|0,0|0,0|0,0|0,0|0,0|0,0|0,0|0,0|0,0|0,0|0,0|0,0|0,0|0,0|0,0|0,0|0,0|0,0|0,0|0,0|0,0|0,0|0,0|0,0|0,0|0,0|0,0|0,0|0,0|0,0|0,0|0,0|0,0|0,0|0,0|0,0|0,0|1,0|0,0|0,0|0,0|0,0|0,0|0,0|0,0|0,0|0,0|0,0|0,0|0,0|0,0|0,0|0,0|0,0|0,0|0,0|0,0|0,0|0,0|0,0|0,0|0,0|0,0|0,0|0,0|0,0|0,0|0
14,20688032,.,G,A,.,PASS,AC=1880;AN=5096;DP=25692;AF=0.37;EAS_AF=0.42;EUR_AF=0.3;AFR_AF=0.54;AMR_AF=0.26;SAS_AF=0.25;VT=SNP;NS=2548,GT,1|0,0|0,0|0,1|0,0|1,0|1,0|1,1|1,0|1,1|1,0|1,1|0,1|0,1|0,0|0,1|1,1|1,0|0,0|1,0|1,1|1,1|1,0|1,0|1,0|0,1|0,0|0,1|1,0|0,0|0,0|0,1|1,0|1,0|0,1|0,0|0,0|1,0|0,1|1,0|1,1|0,1|0,0|1,0|1,0|0,0|0,0|0,1|1,1|0,1|0,0|1,0|0,1|1,1|1,1|0,0|0,1|1,0|0,0|1,1|0,0|1,1|0,1|0,0|1,0|0,0|0,0|1,0|1,1|1,0|0,1|0,1|0,0|0,0|0,1|1,0|0,0|0,1|0,1|0,0|1,0|0,1|0,0|1,0|0,1|0,1|0,0|1,1|1,0|0,1|1,0|1,0|1,0|1,0|0,1|0,0|0,0|0,0|0,0|0
14,20688145,.,G,A,.,PASS,AC=603;AN=5096;DP=25382;AF=0.12;EAS_AF=0.02;EUR_AF=0.11;AFR_AF=0.18;AMR_AF=0.16;SAS_AF=0.11;VT=SNP;NS=2548,GT,0|0,0|0,0|0,0|0,0|0,0|0,0|0,0|0,0|0,0|0,0|0,0|0,0|0,0|0,0|0,0|0,0|0,0|0,0|0,0|0,0|0,0|0,0|0,0|0,0|0,0|0,0|0,0|0,0|0,0|0,0|1,0|0,0|0,0|0,0|0,0|0,0|0,0|0,0|0,0|0,0|0,0|0,0|0,0|0,0|0,0|0,0|0,0|0,0|0,0|0,0|0,0|0,0|0,0|0,0|0,0|0,0|0,0|0,0|0,0|0,0|0,0|0,0|0,0|0,0|0,0|0,0|0,0|0,0|0,0|0,0|0,0|0,0|0,0|0,0|0,0|0,0|0,0|0,0|0,0|0,0|0,0|0,0|0,0|0,0|0,0|0,0|0,0|0,0|0,0|0,0|0,0|0,0|0,0|0,0|0,0|0,0|0,0|0,0|0
14,20688289,.,G,A,.,PASS,AC=602;AN=5096;DP=26645;AF=0.12;EAS_AF=0.02;EUR_AF=0.11;AFR_AF=0.18;AMR_AF=0.16;SAS_AF=0.11;VT=SNP;NS=2548,GT,0|0,0|0,0|0,0|0,0|0,0|0,0|0,0|0,0|0,0|0,0|0,0|0,0|0,0|0,0|0,0|0,0|0,0|0,0|0,0|0,0|0,0|0,0|0,0|0,0|0,0|0,0|0,0|0,0|0,0|0,0|1,0|0,0|0,0|0,0|0,0|0,0|0,0|0,0|0,0|0,0|0,0|0,0|0,0|0,0|0,0|0,0|0,0|0,0|0,0|0,0|0,0|0,0|0,0|0,0|0,0|0,0|0,0|0,0|0,0|0,0|0,0|0,0|0,0|0,0|0,0|0,0|0,0|0,0|0,0|0,0|0,0|0,0|0,0|0,0|0,0|0,0|0,0|0,0|0,0|0,0|0,0|0,0|0,0|0,0|0,0|0,0|0,0|0,0|0,0|0,0|0,0|0,0|0,0|0,0|0,0|0,0|0,0|0,0|0
14,20688299,.,C,T,.,PASS,AC=7;AN=5096;DP=26865;AF=0;EAS_AF=0;EUR_AF=0;AFR_AF=0;AMR_AF=0;SAS_AF=0;VT=SNP;NS=2548,GT,0|0,0|0,0|0,0|0,0|0,0|0,0|0,0|0,0|0,0|0,0|0,0|0,0|0,0|0,0|0,0|0,0|0,0|0,0|0,0|0,0|0,0|0,0|0,0|0,0|0,0|0,0|0,0|0,0|0,0|0,0|0,0|0,0|0,0|0,0|0,0|0,0|0,0|0,0|0,0|0,0|0,0|0,0|0,0|0,0|0,0|0,0|0,0|0,0|0,0|1,0|0,0|0,0|0,0|0,0|0,0|0,0|0,0|0,0|0,0|0,0|0,0|0,0|0,0|0,0|0,0|0,0|0,0|0,0|0,0|0,0|0,0|0,0|0,0|0,0|0,0|0,0|0,0|0,0|0,0|0,0|0,0|0,0|0,0|0,0|0,0|0,0|0,0|0,0|0,0|0,0|0,0|0,0|0,0|0,0|0,0|0,0|0,0|0,0|0
14,20688313,.,G,A,.,PASS,AC=1180;AN=5096;DP=27037;AF=0.23;EAS_AF=0.42;EUR_AF=0.21;AFR_AF=0.12;AMR_AF=0.2;SAS_AF=0.23;VT=SNP;NS=2548,GT,1|0,0|0,0|0,1|0,0|1,0|1,0|1,1|1,0|1,1|1,0|1,1|1,1|0,1|0,0|0,1|1,1|1,0|0,0|1,0|1,1|1,1|1,0|1,0|1,0|0,1|0,0|0,1|1,0|0,0|0,0|0,1|1,0|1,0|0,1|0,0|0,0|1,0|0,1|1,0|1,1|0,1|0,0|1,0|1,0|0,0|0,0|0,1|1,1|0,1|0,0|1,0|0,1|1,1|1,1|0,0|0,1|1,0|0,0|1,1|0,0|1,1|0,1|0,0|1,0|0,0|0,0|1,0|1,0|1,0|0,1|0,1|0,0|0,0|0,1|1,0|0,0|0,1|0,1|0,0|1,0|0,1|0,0|1,0|0,1|0,1|0,0|1,1|1,0|0,1|1,0|1,0|1,0|1,0|0,1|0,0|1,0|0,0|0,0|0
14,20688526,.,A,C,.,PASS,AC=22;AN=5096;DP=24758;AF=0;EAS_AF=0.02;EUR_AF=0;AFR_AF=0;AMR_AF=0;SAS_AF=0;VT=SNP;NS=2548,GT,0|0,0|0,0|0,0|0,0|0,0|0,0|0,0|0,0|0,0|0,0|0,0|0,0|0,0|0,0|0,0|0,0|0,0|1,0|0,0|0,0|0,0|0,0|0,0|0,0|0,0|0,0|0,0|0,0|0,0|1,0|0,0|0,0|0,0|1,0|0,0|0,0|0,0|0,0|0,0|0,0|0,0|0,0|0,0|0,0|0,0|0,0|0,0|0,0|0,0|0,0|0,0|0,0|0,0|0,0|0,0|0,0|0,0|0,0|0,0|0,0|0,0|0,0|0,0|0,0|0,0|0,0|0,0|0,0|0,0|0,0|0,0|0,0|0,1|0,0|0,0|0,0|0,0|0,0|0,0|0,0|0,0|0,0|0,0|0,0|0,0|0,0|0,0|0,0|1,0|0,0|0,0|0,0|0,1|0,0|0,0|0,0|0,0|0,0|0
14,20688677,.,C,T,.,PASS,AC=612;AN=5096;DP=23622;AF=0.12;EAS_AF=0.02;EUR_AF=0.11;AFR_AF=0.18;AMR_AF=0.16;SAS_AF=0.12;VT=SNP;NS=2548,GT,0|0,0|0,0|0,0|0,0|0,0|0,0|0,0|0,0|0,0|0,0|0,0|0,0|0,0|0,0|0,0|0,0|0,0|0,0|0,0|0,0|0,0|0,0|0,0|0,0|0,0|0,0|0,0|0,0|0,0|0,0|1,0|0,0|0,0|0,0|0,0|0,0|0,0|0,0|0,0|0,0|0,0|0,0|0,0|0,0|0,0|0,0|0,0|0,0|0,0|0,0|0,0|0,0|0,0|0,0|0,0|0,0|0,0|0,0|0,0|0,0|0,0|0,0|0,0|0,0|0,0|0,0|0,0|0,0|0,0|0,0|0,0|0,0|0,0|0,0|0,0|0,0|0,0|0,0|0,0|0,0|0,0|0,0|0,0|0,0|0,0|0,0|0,0|0,0|0,0|0,0|0,0|0,0|0,0|0,0|0,0|0,0|0,0|0,0|0
14,20688678,.,G,A,.,PASS,AC=104;AN=5096;DP=23542;AF=0.02;EAS_AF=0.01;EUR_AF=0.03;AFR_AF=0;AMR_AF=0.01;SAS_AF=0.05;VT=SNP;NS=2548,GT,0|0,0|0,0|0,0|0,0|0,0|0,0|0,0|0,0|0,0|0,0|0,0|0,0|0,0|0,0|0,0|0,0|0,0|0,0|0,0|0,0|0,0|0,0|0,0|0,0|0,0|0,0|0,0|0,0|0,0|0,0|0,0|0,0|0,0|0,0|0,0|0,0|0,0|0,0|0,0|0,0|0,0|0,0|0,0|0,0|0,0|0,0|0,0|0,0|0,0|0,0|0,0|0,0|0,0|0,0|0,0|0,0|0,0|0,0|0,0|0,0|0,0|0,0|0,0|0,0|0,0|0,0|0,0|0,0|0,0|0,0|0,0|0,0|1,0|0,0|0,0|0,0|0,0|0,0|0,0|0,0|0,0|0,0|0,0|0,0|0,0|0,0|0,0|0,0|0,0|0,0|0,0|0,0|0,0|1,0|0,0|0,0|0,0|0,0|0
14,20689777,.,G,A,.,PASS,AC=614;AN=5096;DP=16957;AF=0.12;EAS_AF=0.02;EUR_AF=0.11;AFR_AF=0.19;AMR_AF=0.16;SAS_AF=0.12;VT=SNP;NS=2548,GT,0|0,0|0,0|0,0|0,0|0,0|0,0|0,0|0,0|0,0|0,0|0,0|0,0|0,0|0,0|0,0|0,0|0,0|0,0|0,0|0,0|0,0|0,0|0,0|0,0|0,0|0,0|0,0|0,0|0,0|0,0|1,0|0,0|0,0|0,0|0,0|0,0|0,0|0,0|0,0|0,0|0,0|0,0|0,0|0,0|0,0|0,0|0,0|0,0|0,0|0,0|0,0|0,0|0,0|0,0|0,0|0,0|0,0|0,0|0,0|0,0|0,0|0,0|0,0|0,0|0,0|0,0|0,0|0,0|0,0|0,0|0,0|0,0|0,0|0,0|0,0|0,0|0,0|0,0|0,0|0,0|0,0|0,0|0,0|0,0|0,0|0,0|0,0|0,0|0,0|0,0|0,0|0,0|0,0|0,0|0,0|0,0|0,0|0,0|0
14,20690243,.,A,G,.,PASS,AC=12;AN=5096;DP=13441;AF=0;EAS_AF=0;EUR_AF=0;AFR_AF=0.01;AMR_AF=0;SAS_AF=0;VT=SNP;NS=2548,GT,0|0,0|0,0|0,0|0,0|0,0|0,0|0,0|0,0|0,0|0,0|0,0|0,0|0,0|0,0|0,0|0,0|0,0|0,0|0,0|0,0|0,0|0,0|0,0|0,0|0,0|0,0|0,0|0,0|0,0|1,0|0,0|0,0|0,0|0,0|0,0|0,0|0,0|0,0|0,0|0,0|0,0|0,0|0,0|0,0|0,0|0,0|0,0|0,0|0,0|0,0|0,0|0,0|0,0|0,0|0,0|0,0|0,0|0,0|0,0|0,0|0,0|0,0|0,0|0,0|0,0|0,0|0,0|0,0|0,0|0,0|0,0|0,0|0,0|0,0|0,0|0,0|0,0|0,0|0,0|0,0|0,0|0,0|0,0|0,0|0,0|0,0|0,0|0,0|0,0|0,0|0,0|0,0|0,0|0,0|0,0|0,0|0,0|0,0|0
14,20690413,.,C,G,.,PASS,AC=321;AN=5096;DP=17615;AF=0.06;EAS_AF=0.14;EUR_AF=0.05;AFR_AF=0;AMR_AF=0.06;SAS_AF=0.08;VT=SNP;NS=2548,GT,0|0,1|0,0|0,0|0,0|0,0|0,0|0,0|0,0|0,0|0,0|0,0|0,0|0,0|0,0|0,0|0,0|0,0|1,0|0,0|0,0|0,0|0,1|0,0|0,1|1,0|0,0|0,0|0,0|0,0|1,0|0,0|0,1|0,0|1,0|0,0|0,0|0,0|0,0|0,0|0,0|0,0|0,0|0,1|0,0|0,0|1,0|0,0|0,0|1,0|1,0|0,1|0,0|0,0|0,0|0,0|1,0|0,0|0,0|0,0|0,0|0,0|0,0|0,0|0,0|0,0|1,0|0,1|0,0|0,0|0,0|0,0|0,0|0,1|0,0|0,0|0,1|0,0|1,0|0,0|0,0|0,0|0,0|0,0|0,0|0,0|0,0|0,0|0,0|1,0|0,1|0,0|0,0|0,1|0,0|0,0|0,1|0,0|1,0|0
14,20690418,.,G,A,.,PASS,AC=1649;AN=5096;DP=17645;AF=0.32;EAS_AF=0.43;EUR_AF=0.28;AFR_AF=0.32;AMR_AF=0.24;SAS_AF=0.32;VT=SNP;NS=2548,GT,1|0,0|0,0|0,1|0,0|1,0|1,0|1,1|1,1|1,1|1,0|1,1|1,1|0,1|0,1|0,1|1,1|1,0|0,0|1,0|1,1|1,1|1,0|1,0|1,0|0,1|0,0|0,1|1,0|0,0|0,0|0,1|1,0|1,0|0,1|0,0|0,0|1,0|0,1|1,0|1,1|0,1|0,0|1,0|1,0|0,0|0,0|0,1|1,1|0,1|0,0|1,0|0,1|1,1|1,1|0,0|0,1|1,0|0,0|1,1|0,0|1,1|0,1|0,0|1,0|0,0|0,0|1,0|1,0|1,0|0,1|0,1|0,0|1,0|0,1|1,0|0,0|0,1|0,1|0,0|1,0|0,1|0,0|1,0|0,1|0,1|0,0|1,1|1,0|0,1|1,0|1,0|1,0|1,0|1,1|0,0|1,0|0,0|0,0|0
14,20690599,.,A,T,.,PASS,AC=15;AN=5096;DP=18232;AF=0;EAS_AF=0.01;EUR_AF=0;AFR_AF=0;AMR_AF=0;SAS_AF=0;VT=SNP;NS=2548,GT,0|0,0|0,0|0,0|0,0|0,0|0,0|0,1|0,0|0,0|0,0|0,0|0,0|0,0|0,0|0,0|0,0|0,0|0,0|0,0|0,0|0,0|0,0|0,0|0,0|0,0|0,0|0,0|0,0|0,0|0,0|0,0|1,0|0,0|0,1|0,0|0,0|1,0|0,0|0,0|1,0|0,0|0,0|0,0|0,0|0,0|0,0|0,0|0,0|0,0|0,0|0,0|0,0|0,0|1,0|0,0|0,0|0,0|0,0|0,0|0,0|0,0|0,0|0,0|0,0|0,0|0,0|0,0|0,0|0,0|0,0|0,0|0,0|0,0|0,0|0,0|0,0|0,0|0,0|0,0|0,0|0,0|0,0|1,0|0,0|0,0|0,0|0,0|0,0|0,0|0,0|0,0|0,0|0,0|0,0|0,0|0,0|0,0|0,0|0
14,20690741,.,A,G,.,PASS,AC=182;AN=5096;DP=20586;AF=0.04;EAS_AF=0.11;EUR_AF=0.01;AFR_AF=0;AMR_AF=0.02;SAS_AF=0.04;VT=SNP;NS=2548,GT,0|0,0|0,0|0,0|0,0|1,0|0,0|0,0|0,0|1,0|0,0|1,0|1,0|0,1|0,0|0,0|0,1|0,0|0,0|0,0|1,0|1,0|0,0|0,0|0,0|0,1|0,0|0,0|0,0|0,0|0,0|0,0|0,0|0,0|0,0|0,0|0,0|0,0|0,0|0,0|0,0|0,0|0,0|0,0|0,0|0,0|0,0|0,0|1,0|0,0|0,0|0,0|0,0|0,1|0,0|0,0|0,0|0,0|0,0|0,1|0,0|0,1|0,0|0,0|0,0|0,0|0,0|0,0|0,0|0,0|0,0|0,1|0,0|0,0|0,0|0,0|0,0|0,1|0,0|0,0|0,0|0,0|0,0|0,0|0,0|0,0|0,0|0,0|1,0|0,0|0,0|0,0|0,0|0,0|0,0|1,0|1,0|0,0|0,0|0
14,20690751,.,G,T,.,PASS,AC=1116;AN=5096;DP=20615;AF=0.22;EAS_AF=0.15;EUR_AF=0.12;AFR_AF=0.48;AMR_AF=0.14;SAS_AF=0.09;VT=SNP;NS=2548,GT,0|0,1|0,0|0,0|0,0|0,0|0,0|0,0|0,0|0,0|0,0|0,0|0,0|0,0|0,0|0,0|0,0|0,0|1,0|0,0|0,0|0,0|0,1|0,0|0,1|1,0|0,0|0,0|0,0|0,0|1,0|0,0|0,1|0,0|1,0|0,0|0,0|0,0|0,0|0,0|0,0|0,0|0,0|0,1|0,0|0,0|1,0|0,0|0,0|1,0|1,0|0,1|0,0|0,0|0,0|0,0|1,0|0,0|0,0|0,0|0,0|0,0|0,0|0,0|0,0|0,0|1,0|0,1|0,0|0,0|0,0|0,0|0,0|0,1|0,0|0,0|0,1|0,0|1,0|0,0|0,0|0,0|0,0|0,0|0,0|0,0|0,0|0,0|0,0|1,0|0,1|0,0|0,0|0,1|0,0|0,0|0,1|0,0|1,0|0
14,20690882,.,C,G,.,PASS,AC=1221;AN=5096;DP=22687;AF=0.24;EAS_AF=0.16;EUR_AF=0.15;AFR_AF=0.48;AMR_AF=0.15;SAS_AF=0.15;VT=SNP;NS=2548,GT,0|0,1|0,0|0,0|0,0|0,0|0,0|0,0|0,0|0,0|0,0|0,0|0,0|0,0|0,1|0,0|0,0|0,0|1,0|0,0|0,0|0,0|0,1|0,0|0,1|1,0|0,0|0,0|0,0|0,0|1,0|0,0|0,1|0,0|1,0|0,0|0,0|0,0|0,0|0,0|0,0|0,0|0,0|0,1|0,0|0,0|1,0|0,0|0,0|1,0|1,0|0,1|0,0|0,0|0,0|0,0|1,0|0,0|0,0|0,0|0,0|0,0|0,0|0,0|0,0|0,0|1,0|0,1|0,0|0,0|0,0|0,0|0,0|1,1|0,0|0,0|0,1|0,0|1,0|0,0|0,0|0,0|0,0|0,0|0,0|0,0|0,0|0,0|0,0|1,0|0,1|0,0|0,0|0,1|1,0|0,0|0,1|0,0|1,0|0
14,20691107,.,C,T,.,PASS,AC=1373;AN=5096;DP=23873;AF=0.27;EAS_AF=0.44;EUR_AF=0.26;AFR_AF=0.19;AMR_AF=0.23;SAS_AF=0.24;VT=SNP;NS=2548,GT,1|0,0|0,0|0,1|0,0|1,0|1,0|1,1|1,1|1,1|1,0|1,1|1,1|0,1|1,0|0,1|1,1|1,0|0,0|1,0|1,1|1,1|1,0|1,1|1,0|0,1|0,0|0,1|1,0|0,0|0,0|0,1|1,0|1,0|0,1|0,0|0,0|1,0|0,1|1,0|1,1|1,1|0,0|1,0|1,0|0,0|0,0|0,1|1,1|0,1|0,0|1,0|0,1|1,1|1,1|0,0|0,1|1,0|0,0|1,1|0,0|1,1|0,1|0,0|1,0|0,0|0,0|1,0|1,0|1,0|0,1|0,1|0,0|0,0|0,1|1,0|0,0|0,1|0,1|0,0|1,0|0,1|0,0|1,0|0,1|0,1|0,0|1,1|1,0|0,1|1,0|1,0|1,0|1,1|0,1|1,0|1,0|0,0|0,0|0
14,20691986,.,A,G,.,PASS,AC=114;AN=5096;DP=19345;AF=0.02;EAS_AF=0.01;EUR_AF=0.03;AFR_AF=0;AMR_AF=0.01;SAS_AF=0.06;VT=SNP;NS=2548,GT,0|0,0|0,0|0,0|0,0|0,0|0,0|0,0|0,0|0,0|0,0|0,0|0,0|0,0|0,0|0,0|0,0|0,0|0,0|0,0|0,0|0,0|0,0|0,0|0,0|0,0|0,0|0,0|0,0|0,0|0,0|0,0|0,0|0,0|0,0|0,0|0,0|0,0|0,0|0,0|0,0|0,0|0,0|0,0|0,0|0,0|0,0|0,0|0,0|0,0|0,0|0,0|0,0|0,0|0,0|0,0|0,0|0,0|0,0|0,0|0,0|0,0|0,0|0,0|0,0|0,0|0,0|0,0|0,0|0,0|0,0|0,0|0,0|1,0|0,0|0,0|0,0|0,0|0,0|0,0|0,0|0,0|0,0|0,0|0,0|0,0|0,0|0,0|0,0|0,0|0,0|0,0|0,0|0,0|1,0|0,0|0,0|0,0|0,0|0
14,20692629,.,A,G,.,PASS,AC=112;AN=5096;DP=20264;AF=0.02;EAS_AF=0.01;EUR_AF=0.03;AFR_AF=0;AMR_AF=0.01;SAS_AF=0.06;VT=SNP;NS=2548,GT,0|0,0|0,0|0,0|0,0|0,0|0,0|0,0|0,0|0,0|0,0|0,0|0,0|0,0|0,0|0,0|0,0|0,0|0,0|0,0|0,0|0,0|0,0|0,0|0,0|0,0|0,0|0,0|0,0|0,0|0,0|0,0|0,0|0,0|0,0|0,0|0,0|0,0|0,0|0,0|0,0|0,0|0,0|0,0|0,0|0,0|0,0|0,0|0,0|0,0|0,0|0,0|0,0|0,0|0,0|0,0|0,0|0,0|0,0|0,0|0,0|0,0|0,0|0,0|0,0|0,0|0,0|0,0|0,0|0,0|0,0|0,0|0,0|1,0|0,0|0,0|0,0|0,0|0,0|0,0|0,0|0,0|0,0|0,0|0,0|0,0|0,0|0,0|0,0|0,0|0,0|0,0|0,0|0,0|1,0|0,0|0,0|0,0|0,0|0
14,20693052,.,G,T,.,PASS,AC=2198;AN=5096;DP=15621;AF=0.43;EAS_AF=0.37;EUR_AF=0.31;AFR_AF=0.71;AMR_AF=0.31;SAS_AF=0.33;VT=SNP;NS=2548,GT,1|0,0|0,0|0,1|0,0|0,0|0,0|1,1|0,0|0,0|1,0|0,1|0,1|0,0|1,1|0,1|1,1|1,0|1,1|0,0|0,1|0,1|0,0|1,1|1,0|1,0|0,0|0,1|0,0|0,1|1,0|0,0|1,1|1,0|1,1|0,0|0,1|0,0|0,1|1,0|1,0|1,1|0,0|0,0|0,0|0,0|1,0|0,0|0,1|1,1|0,0|1,1|0,0|0,0|1,0|0,0|1,0|1,0|0,0|1,0|0,0|0,0|0,0|0,0|1,0|0,0|1,0|1,0|0,0|1,0|0,0|1,0|0,0|1,0|0,1|1,0|0,1|1,0|1,0|0,0|0,0|0,1|0,0|1,0|0,1|0,0|0,0|1,1|0,0|1,0|1,1|0,0|1,0|1,0|1,0|0,0|0,1|0,0|1,0|0
14,20693068,.,C,T,.,PASS,AC=1685;AN=5096;DP=16224;AF=0.33;EAS_AF=0.31;EUR_AF=0.21;AFR_AF=0.55;AMR_AF=0.23;SAS_AF=0.25;VT=SNP;NS=2548,GT,1|0,0|0,0|0,1|0,0|0,0|0,0|0,1|0,0|0,0|1,0|0,1|0,1|0,0|1,1|0,1|1,1|0,0|1,1|0,0|0,0|0,1|0,0|0,1|1,0|1,0|0,0|0,1|0,0|0,1|1,0|0,0|1,1|0,0|1,1|0,0|0,1|0,0|0,1|1,0|1,0|1,0|0,0|0,0|0,0|0,0|1,0|0,0|0,1|1,1|0,0|1,1|0,0|0,0|1,0|0,0|1,0|1,0|0,0|1,0|0,0|0,0|0,0|0,0|0,0|0,0|1,0|1,0|0,0|1,0|0,0|1,0|0,0|0,0|0,1|1,0|0,1|0,0|1,0|0,0|0,0|0,1|0,0|1,0|0,1|0,0|0,0|1,1|0,0|1,0|1,1|0,0|1,0|1,0|0,0|0,0|0,0|0,0|1,0|0
14,20693098,.,T,C,.,PASS,AC=689;AN=5096;DP=17224;AF=0.14;EAS_AF=0.01;EUR_AF=0.1;AFR_AF=0.37;AMR_AF=0.08;SAS_AF=0.02;VT=SNP;NS=2548,GT,0|0,0|0,0|0,0|0,0|0,0|0,0|0,0|0,0|0,0|0,0|0,0|0,0|0,0|0,0|0,0|0,0|0,0|0,0|0,0|0,0|0,0|0,0|0,0|0,0|0,0|0,0|0,0|0,0|0,0|0,0|0,0|0,0|0,0|0,0|0,0|0,0|0,0|0,0|0,0|0,0|0,0|0,0|0,0|0,0|0,0|0,0|0,0|0,0|0,0|0,0|0,0|0,0|0,0|0,0|0,0|0,0|0,0|0,0|0,0|0,0|0,0|0,0|0,0|0,0|0,0|0,0|0,0|0,0|0,0|0,0|0,0|0,0|0,0|0,0|0,0|0,0|0,0|0,0|0,0|0,0|0,0|0,0|0,0|0,0|0,0|0,0|0,0|0,0|0,0|0,0|0,0|0,0|0,0|0,1|0,0|0,0|0,0|0,0|0
14,20693127,.,G,A,.,PASS,AC=2;AN=5096;DP=18385;AF=0;EAS_AF=0;EUR_AF=0;AFR_AF=0;AMR_AF=0;SAS_AF=0;VT=SNP;NS=2548,GT,0|0,0|0,0|0,0|0,0|0,0|0,0|0,0|0,0|0,0|0,0|0,0|0,0|0,0|0,0|0,0|0,0|0,0|0,0|0,0|0,0|0,0|0,0|0,0|0,1|0,0|0,0|0,0|0,0|0,0|0,0|0,0|0,0|0,0|0,0|0,0|0,0|0,0|0,0|0,0|0,0|0,0|0,0|0,0|0,0|0,0|0,0|0,0|0,0|0,0|0,0|0,0|0,0|0,0|0,0|0,0|0,0|0,0|0,0|0,0|0,0|0,0|0,0|0,0|0,0|0,0|0,0|0,0|0,0|0,0|0,0|0,0|0,0|0,0|0,0|0,0|0,0|0,0|0,0|0,0|0,0|0,0|0,0|0,0|0,0|0,0|0,0|0,0|0,0|0,0|0,0|0,0|0,0|0,0|0,0|0,0|0,0|0,0|0,0|0
14,20693222,.,A,G,.,PASS,AC=5068;AN=5096;DP=26531;AF=0.99;EAS_AF=1;EUR_AF=1;AFR_AF=0.98;AMR_AF=1;SAS_AF=1;VT=SNP;NS=2548,GT,1|1,1|1,1|1,1|1,1|1,1|1,1|1,1|1,1|1,1|1,1|1,1|1,1|1,1|1,1|1,1|1,1|1,1|1,1|1,1|1,1|1,1|1,1|1,1|1,1|1,1|1,1|1,1|1,1|1,1|1,1|1,1|1,1|1,1|1,1|1,1|1,1|1,1|1,1|1,1|1,1|1,1|1,1|1,1|1,1|1,1|1,1|1,1|1,1|1,1|1,1|1,1|1,1|1,1|1,1|1,1|1,1|1,1|1,1|1,1|1,1|1,1|1,1|1,1|1,1|1,1|1,1|1,1|1,1|1,1|1,1|1,1|1,1|1,1|1,1|1,1|1,1|1,1|1,1|1,1|1,1|1,1|1,1|1,1|1,1|1,1|1,1|1,1|1,1|1,1|1,1|1,1|1,1|1,1|1,1|1,1|1,1|1,1|1,1|1
14,20693226,.,T,G,.,PASS,AC=381;AN=5096;DP=27356;AF=0.07;EAS_AF=0.15;EUR_AF=0.06;AFR_AF=0.02;AMR_AF=0.04;SAS_AF=0.11;VT=SNP;NS=2548,GT,0|0,0|0,0|0,0|0,0|0,0|0,0|0,1|0,0|0,0|0,0|0,0|0,0|0,0|1,1|0,0|1,0|0,0|1,0|0,0|0,0|0,0|0,0|0,0|0,0|1,0|0,0|0,0|0,0|0,0|1,0|0,0|1,1|0,0|1,1|0,0|0,1|0,0|0,0|0,0|1,0|0,0|0,0|0,0|0,0|0,0|1,0|0,0|0,0|1,0|0,0|0,0|0,0|0,0|1,0|0,1|1,0|0,0|0,0|0,0|0,0|0,0|0,0|1,0|0,0|0,0|1,0|0,0|0,0|0,0|0,0|1,0|0,0|0,0|0,0|0,0|0,1|0,0|1,0|0,0|0,0|0,0|0,0|1,0|0,0|0,0|0,0|0,0|0,0|1,0|0,1|0,0|1,0|0,0|0,0|0,0|0,1|0,0|1,0|0
14,20693325,.,G,C,.,PASS,AC=115;AN=5096;DP=46071;AF=0.02;EAS_AF=0.01;EUR_AF=0.04;AFR_AF=0;AMR_AF=0.01;SAS_AF=0.06;VT=SNP;NS=2548,GT,0|0,0|0,0|0,0|0,0|0,0|0,0|0,0|0,0|0,0|0,0|0,0|0,0|0,0|0,0|0,0|0,0|0,0|0,0|0,0|0,0|0,0|0,0|0,0|0,0|0,0|0,0|0,0|0,0|0,0|0,0|0,0|0,0|0,0|0,0|0,0|0,0|0,0|0,0|0,0|0,0|0,0|0,0|0,0|0,0|0,0|0,0|0,0|0,0|0,0|0,0|0,0|0,0|0,0|0,0|0,0|0,0|0,0|0,0|0,0|0,0|0,0|0,0|0,0|0,0|0,0|0,0|0,0|0,0|0,0|0,0|0,0|0,0|1,0|0,0|0,0|0,0|0,0|0,0|0,0|0,0|0,0|0,0|0,0|0,0|0,0|0,0|0,0|0,0|0,0|0,0|0,0|0,0|0,0|1,0|0,0|0,0|0,0|0,0|0
