#CHROM,POS,ID,REF,ALT,QUAL,FILTER,INFO,FORMAT,HG01595,HG01596,HG01597,HG01598,HG01599,HG01600,HG01840,HG01841,HG01842,HG01843,HG01844,HG01845,HG01846,HG01847,HG01848,HG01849,HG01850,HG01851,HG01852,HG01853,HG01855,HG01857,HG01858,HG01859,HG01860,HG01861,HG01862,HG01863,HG01864,HG01865,HG01866,HG01867,HG01868,HG01869,HG01870,HG01871,HG01872,HG01873,HG01874,HG01878,HG02016,HG02017,HG02019,HG02020,HG02023,HG02025,HG02026,HG02028,HG02029,HG02031,HG02032,HG02035,HG02040,HG02047,HG02048,HG02049,HG02050,HG02057,HG02058,HG02060,HG02061,HG02064,HG02067,HG02069,HG02070,HG02072,HG02073,HG02075,HG02076,HG02078,HG02079,HG02081,HG02082,HG02084,HG02085,HG02086,HG02087,HG02088,HG02113,HG02116,HG02121,HG02122,HG02127,HG02128,HG02130,HG02131,HG02133,HG02134,HG02136,HG02137,HG02138,HG02139,HG02140,HG02141,HG02142,HG02512,HG02513,HG02521,HG02522
9,27546830,.,A,G,.,PASS,AC=854;AN=5096;DP=17554;AF=0.17;EAS_AF=0.13;EUR_AF=0.27;AFR_AF=0.11;AMR_AF=0.15;SAS_AF=0.2;VT=SNP;NS=2548,GT,0|0,0|0,0|0,1|0,0|0,0|1,0|0,0|1,1|0,0|0,0|0,1|0,0|0,0|0,0|0,0|0,0|1,0|0,0|0,1|0,0|1,0|0,0|0,0|0,0|0,0|1,0|1,0|0,0|0,0|0,0|1,0|0,0|0,1|1,0|0,0|0,0|0,0|0,1|0,0|0,1|0,0|0,0|0,0|0,1|1,0|1,1|0,0|0,1|0,1|0,0|1,0|0,0|1,0|0,0|0,0|0,0|0,0|0,0|0,0|0,0|0,0|0,0|0,0|0,0|0,0|0,0|0,0|0,1|0,0|0,0|0,0|1,0|1,0|0,0|0,0|0,1|0,0|1,0|1,0|0,0|0,0|0,1|0,0|0,0|0,0|1,0|0,0|0,0|1,0|0,0|1,0|0,1|0,0|0,0|0,0|0,0|0,0|0,0|0
9,27546892,.,G,A,.,PASS,AC=1394;AN=5096;DP=17400;AF=0.27;EAS_AF=0.47;EUR_AF=0.26;AFR_AF=0.06;AMR_AF=0.35;SAS_AF=0.31;VT=SNP;NS=2548,GT,1|0,1|1,0|1,0|1,1|1,1|0,1|1,0|0,0|1,0|0,1|0,0|1,0|0,1|1,0|1,0|0,1|0,0|1,1|0,0|1,0|0,0|0,1|1,1|1,1|0,0|0,1|0,1|0,1|1,0|1,0|0,1|1,1|0,0|0,1|0,1|0,1|1,0|0,0|1,1|0,0|0,1|1,0|1,1|1,0|0,0|0,0|1,1|0,0|0,0|0,0|0,0|1,1|0,0|1,1|1,1|1,0|0,1|0,1|0,1|0,0|0,0|1,1|1,0|1,0|0,0|1,0|0,0|0,0|0,0|0,0|0,1|0,0|0,1|0,0|0,1|0,0|1,1|0,1|0,0|1,0|0,0|0,0|1,0|0,1|1,1|0,0|1,1|0,1|0,0|1,0|0,0|1,0|0,0|1,1|0,0|1,0|1,0|0,0|1
9,27547212,.,T,C,.,PASS,AC=36;AN=5096;DP=21398;AF=0.01;EAS_AF=0;EUR_AF=0;AFR_AF=0;AMR_AF=0;SAS_AF=0.03;VT=SNP;NS=2548,GT,0|0,0|0,0|0,0|0,0|0,0|0,0|0,0|0,0|0,0|0,0|0,0|0,0|0,0|0,0|0,0|0,0|0,0|0,0|0,0|0,0|0,0|0,0|0,0|0,0|0,0|0,0|0,0|0,0|0,0|0,0|0,0|0,0|0,0|0,0|0,0|0,0|0,0|0,0|0,0|0,0|0,0|0,0|0,0|0,0|1,0|0,0|0,0|0,0|0,0|0,0|0,0|0,0|0,0|0,0|0,0|0,0|0,0|0,0|0,0|0,0|0,0|0,0|0,0|0,0|0,0|0,0|0,0|0,0|0,0|0,0|0,0|0,0|0,0|0,0|0,0|0,0|0,0|0,0|0,0|0,0|0,0|0,0|0,0|0,0|0,0|0,0|0,0|0,0|0,0|0,0|0,0|0,0|0,0|0,0|0,0|0,0|0,0|0,0|0
9,27547315,.,G,T,.,PASS,AC=1065;AN=5096;DP=22045;AF=0.21;EAS_AF=0.29;EUR_AF=0.16;AFR_AF=0.09;AMR_AF=0.27;SAS_AF=0.28;VT=SNP;NS=2548,GT,0|1,0|0,1|0,0|0,0|0,0|0,0|0,0|0,0|0,0|0,0|1,0|0,0|1,0|0,0|0,0|1,0|0,0|0,0|1,0|0,1|0,0|1,0|0,0|0,0|1,1|0,0|0,0|0,0|0,1|0,1|0,0|0,0|1,0|0,0|1,0|1,0|0,1|1,0|0,0|0,0|1,0|0,1|0,0|0,0|0,1|0,0|0,0|1,0|0,0|0,1|0,1|0,0|0,0|0,0|0,0|0,0|1,0|1,0|1,0|1,0|1,1|0,0|0,1|0,1|0,1|0,1|1,1|1,0|0,1|1,1|0,0|0,1|0,0|1,0|1,0|1,0|0,0|0,0|0,0|0,1|1,1|1,0|0,1|1,0|0,0|0,1|0,0|0,0|0,1|0,0|0,1|0,0|1,1|0,0|0,1|0,1|0,1|1,0|0
9,27547868,.,T,A,.,PASS,AC=1;AN=5096;DP=26548;AF=0;EAS_AF=0;EUR_AF=0;AFR_AF=0;AMR_AF=0;SAS_AF=0;VT=SNP;NS=2548,GT,0|0,0|0,0|0,0|0,0|0,0|0,0|0,0|0,0|0,0|0,0|0,0|0,0|0,0|0,0|0,0|0,0|0,0|0,0|0,0|0,0|0,0|0,0|0,0|0,0|0,0|0,0|0,0|0,0|0,0|0,0|0,0|0,0|0,0|0,0|0,0|0,0|0,0|0,0|0,0|0,0|0,0|0,0|0,0|0,0|0,0|1,0|0,0|0,0|0,0|0,0|0,0|0,0|0,0|0,0|0,0|0,0|0,0|0,0|0,0|0,0|0,0|0,0|0,0|0,0|0,0|0,0|0,0|0,0|0,0|0,0|0,0|0,0|0,0|0,0|0,0|0,0|0,0|0,0|0,0|0,0|0,0|0,0|0,0|0,0|0,0|0,0|0,0|0,0|0,0|0,0|0,0|0,0|0,0|0,0|0,0|0,0|0,0|0,0|0
9,27548514,.,A,C,.,PASS,AC=435;AN=5096;DP=181676;AF=0.09;EAS_AF=0.19;EUR_AF=0;AFR_AF=0.01;AMR_AF=0.16;SAS_AF=0.11;VT=SNP;NS=2548,GT,0|1,0|0,0|0,0|0,0|0,0|0,0|0,0|0,0|0,0|0,0|1,0|0,0|0,0|0,0|0,0|1,0|0,1|0,0|1,0|0,1|0,0|0,0|0,0|0,0|0,0|0,0|0,0|0,0|0,1|0,1|0,0|0,0|0,0|0,0|1,0|1,0|0,0|1,0|0,0|0,0|0,0|0,1|0,0|0,0|0,1|0,0|0,0|1,0|0,0|0,1|0,1|0,0|0,0|0,0|0,0|0,0|0,0|1,0|1,0|0,0|0,0|0,0|0,1|0,1|0,0|0,0|1,0|1,0|0,1|0,1|0,0|0,0|0,0|1,0|0,0|1,0|0,0|0,0|0,0|0,0|1,0|0,0|0,1|1,0|0,0|0,1|0,0|0,0|0,0|0,0|0,1|0,0|1,0|0,0|0,1|0,0|0,1|1,0|0
9,27548773,.,T,C,.,PASS,AC=4;AN=5096;DP=81427;AF=0;EAS_AF=0;EUR_AF=0;AFR_AF=0;AMR_AF=0;SAS_AF=0;VT=SNP;NS=2548,GT,0|0,0|0,0|0,0|0,0|0,0|0,0|0,0|0,0|0,0|0,0|0,0|0,0|0,0|0,0|0,0|0,0|0,0|0,0|0,0|0,0|0,0|0,0|0,0|0,0|0,0|0,0|0,0|0,0|0,0|0,0|0,0|0,0|0,1|1,0|0,0|0,0|0,0|0,0|0,0|0,0|0,0|0,0|0,0|0,0|0,0|0,0|0,0|0,0|0,0|0,0|0,0|0,0|0,0|0,0|0,0|0,0|0,0|0,0|0,0|0,0|0,0|0,0|0,0|0,0|0,0|0,0|0,0|0,0|0,0|0,0|0,0|0,0|0,0|0,0|0,0|0,0|0,0|0,0|0,0|0,0|0,0|0,0|0,0|0,0|0,0|0,0|0,0|0,0|0,0|0,0|0,0|0,0|0,0|0,0|0,0|0,0|0,0|0,0|0
9,27548843,.,C,G,.,PASS,AC=341;AN=5096;DP=45245;AF=0.07;EAS_AF=0;EUR_AF=0.16;AFR_AF=0.03;AMR_AF=0.1;SAS_AF=0.07;VT=SNP;NS=2548,GT,0|0,0|0,0|0,0|0,0|0,0|0,0|0,0|0,0|0,0|0,0|0,0|0,0|0,0|0,0|0,0|0,0|0,0|0,0|0,0|0,0|0,0|0,0|0,0|0,0|0,0|0,0|0,0|0,0|0,0|0,0|0,0|0,0|0,0|0,0|0,0|0,0|0,0|0,0|0,0|0,0|0,0|0,0|0,0|0,0|0,0|0,0|0,0|0,0|0,0|0,0|0,0|0,0|0,0|0,0|0,0|0,0|0,0|0,0|0,0|0,0|0,0|0,0|0,0|0,0|0,0|0,0|0,0|0,0|0,0|0,0|0,0|0,0|0,0|0,0|0,0|0,0|0,0|0,0|0,0|0,0|0,0|0,0|0,0|0,0|0,0|0,0|0,0|0,0|0,1|0,0|0,0|0,0|0,0|0,0|0,0|0,0|0,0|0,0|0
9,27548929,.,A,C,.,PASS,AC=959;AN=5096;DP=24194;AF=0.19;EAS_AF=0.13;EUR_AF=0.27;AFR_AF=0.18;AMR_AF=0.15;SAS_AF=0.2;VT=SNP;NS=2548,GT,0|0,0|0,0|0,1|0,0|0,0|1,0|0,0|1,1|0,0|0,0|0,1|0,0|0,0|0,0|0,0|0,0|1,0|0,0|0,1|0,0|1,0|0,0|0,0|0,0|0,0|1,0|1,0|0,0|0,0|0,0|1,0|0,0|0,1|1,0|0,0|0,0|0,0|0,1|0,0|0,1|0,0|0,0|0,0|0,1|1,0|1,1|0,0|0,1|0,1|0,0|1,0|0,0|1,0|0,0|0,0|0,0|0,0|0,0|0,0|0,0|0,0|0,0|0,0|0,0|0,0|0,0|0,0|0,1|0,0|0,0|0,0|1,0|1,0|0,0|0,0|0,1|0,0|1,0|1,0|0,0|0,0|0,1|0,0|0,0|0,0|1,0|0,0|0,0|1,0|0,0|1,0|0,1|0,0|0,0|0,0|0,0|0,0|0,0|0
9,27548937,.,T,G,.,PASS,AC=2441;AN=5096;DP=24003;AF=0.48;EAS_AF=0.57;EUR_AF=0.51;AFR_AF=0.34;AMR_AF=0.52;SAS_AF=0.51;VT=SNP;NS=2548,GT,1|0,1|1,0|1,0|1,1|1,1|0,1|1,1|0,0|1,1|1,1|0,0|1,1|0,1|1,1|1,1|0,1|0,0|1,1|0,0|1,0|0,1|0,1|1,1|1,1|0,0|0,1|0,1|1,1|1,0|1,0|0,1|1,1|0,0|0,1|0,1|0,1|1,0|0,0|1,1|1,0|0,1|1,0|1,1|1,0|0,0|0,0|1,1|0,0|1,0|1,0|0,0|1,1|0,1|1,1|1,1|1,1|0,1|0,1|0,1|0,1|0,0|1,1|1,0|1,0|1,0|1,0|0,0|0,0|1,0|0,0|1,1|0,0|0,1|0,1|0,1|0,0|1,1|0,1|0,1|1,0|0,0|0,0|1,0|0,1|1,1|0,0|1,1|1,1|0,0|1,1|0,0|1,0|0,0|1,1|1,0|1,0|1,0|0,1|1
9,27549776,.,CA,C,.,PASS,AC=1691;AN=5096;DP=12146;AF=0.33;EAS_AF=0.45;EUR_AF=0.28;AFR_AF=0.26;AMR_AF=0.38;SAS_AF=0.32;VT=INDEL;NS=2548,GT,1|0,1|1,0|1,0|1,0|1,1|0,1|0,0|0,0|0,0|0,1|0,0|1,0|0,1|1,0|1,0|0,1|0,0|1,1|0,0|1,0|0,0|0,0|1,1|1,1|0,0|0,1|0,1|0,1|1,0|0,0|0,1|1,1|0,0|0,1|0,1|0,1|1,0|0,0|1,1|0,0|0,1|1,0|1,1|1,0|0,0|0,0|1,1|0,0|0,0|0,0|1,0|1,1|0,0|1,1|1,1|1,0|0,1|0,1|0,1|0,0|0,0|1,1|1,0|1,0|0,0|1,0|0,0|0,0|0,0|0,0|0,1|0,0|0,1|0,0|1,1|0,0|1,1|0,1|0,0|1,0|0,0|0,1|1,0|0,1|1,1|0,0|0,1|0,1|0,0|1,0|0,0|1,0|0,0|1,1|0,0|1,0|1,0|0,0|1
9,27551001,.,A,C,.,PASS,AC=824;AN=5096;DP=19144;AF=0.16;EAS_AF=0.12;EUR_AF=0.25;AFR_AF=0.11;AMR_AF=0.14;SAS_AF=0.2;VT=SNP;NS=2548,GT,0|0,0|0,0|0,1|0,0|0,0|1,0|0,0|1,1|0,0|0,0|0,1|0,0|0,0|0,0|0,0|0,0|1,0|0,0|0,1|0,0|1,0|0,0|0,0|0,0|0,0|1,0|1,0|0,0|0,0|0,0|1,0|0,0|0,1|1,0|0,0|0,0|0,0|0,1|0,0|0,1|0,0|0,0|0,0|0,1|1,0|1,1|0,0|0,1|0,1|0,0|0,0|0,0|1,0|0,0|0,0|0,0|0,0|0,0|0,0|0,0|0,0|0,0|0,0|0,0|0,0|0,0|0,0|0,1|0,0|0,0|0,0|1,0|1,0|0,0|0,0|0,1|0,0|1,0|1,0|0,0|0,0|0,0|0,0|0,0|0,0|1,0|0,0|0,0|1,0|0,0|1,0|0,1|0,0|0,0|0,0|0,0|0,0|0,0|0
9,27551042,.,C,T,.,PASS,AC=844;AN=5096;DP=18619;AF=0.17;EAS_AF=0.09;EUR_AF=0.23;AFR_AF=0.19;AMR_AF=0.14;SAS_AF=0.16;VT=SNP;NS=2548,GT,0|0,0|0,0|0,0|0,0|0,0|0,0|0,1|0,0|0,1|1,0|0,0|0,1|0,0|0,1|0,1|0,0|0,0|0,0|0,0|0,0|0,1|0,0|0,0|0,0|0,0|0,0|0,0|1,0|0,0|0,0|0,0|0,0|0,0|0,0|0,0|0,0|0,0|0,0|0,0|0,0|0,0|0,0|0,0|0,0|0,0|0,0|0,0|0,0|1,0|1,0|0,0|0,0|0,1|0,0|0,0|0,1|0,0|0,0|0,0|0,1|0,0|0,0|0,0|0,0|1,0|0,0|0,0|0,0|1,0|0,0|1,0|0,0|0,0|0,1|0,0|0,0|0,0|0,0|0,1|0,0|0,0|0,0|0,0|0,0|0,0|0,0|0,0|1,0|0,0|0,1|0,0|0,0|0,0|0,0|1,0|0,0|0,0|0,1|0
9,27551088,.,A,AC,.,PASS,AC=2100;AN=5096;DP=19227;AF=0.41;EAS_AF=0.43;EUR_AF=0.47;AFR_AF=0.28;AMR_AF=0.45;SAS_AF=0.49;VT=INDEL;NS=2548,GT,0|1,0|0,1|0,1|0,0|0,0|1,0|0,0|1,1|1,0|0,0|1,1|0,0|1,0|0,0|0,0|1,0|1,1|0,0|1,1|0,1|1,0|1,0|0,0|0,0|1,1|1,0|1,0|0,0|0,1|0,1|1,0|0,0|1,1|1,0|1,0|1,0|0,1|1,1|0,0|0,1|1,0|0,1|0,0|0,1|1,1|1,1|0,0|1,1|0,1|0,1|0,1|0,0|1,0|0,0|0,0|0,0|1,0|1,0|1,0|1,0|1,1|0,0|0,1|0,1|0,1|0,1|1,1|1,1|0,1|1,1|0,0|1,1|1,0|1,0|1,0|1,1|0,0|1,0|1,0|0,1|1,1|1,0|0,1|1,0|0,0|1,1|0,0|0,0|1,1|0,0|1,1|0,1|1,1|0,0|0,1|0,1|0,1|1,0|0
9,27551194,.,G,A,.,PASS,AC=2;AN=5096;DP=21512;AF=0;EAS_AF=0;EUR_AF=0;AFR_AF=0;AMR_AF=0;SAS_AF=0;VT=SNP;NS=2548,GT,0|0,0|0,0|0,0|0,0|0,0|0,0|0,0|0,0|0,0|0,0|0,0|0,0|0,0|0,0|1,0|0,0|0,0|0,0|0,0|0,0|0,0|0,0|0,0|0,0|0,0|0,0|0,0|0,0|0,0|0,0|0,0|0,0|0,0|0,0|0,0|0,0|0,0|0,0|0,0|0,0|0,0|0,0|0,0|0,0|0,0|0,0|0,0|0,0|0,0|0,0|0,0|0,0|0,0|0,0|0,0|0,0|0,0|0,0|0,0|0,0|0,0|0,0|0,0|0,0|0,0|0,0|0,0|0,0|0,0|0,0|0,0|0,0|0,0|0,0|0,0|0,0|0,0|0,0|0,0|0,0|0,0|0,0|0,0|0,0|0,0|0,0|0,0|0,0|0,0|0,0|0,0|0,0|0,0|0,0|0,0|0,0|0,0|0,0|0
9,27551297,.,T,G,.,PASS,AC=64;AN=5096;DP=22101;AF=0.01;EAS_AF=0.06;EUR_AF=0;AFR_AF=0;AMR_AF=0;SAS_AF=0;VT=SNP;NS=2548,GT,0|0,0|0,0|0,0|0,0|1,0|0,0|0,0|0,0|0,0|0,0|0,0|0,0|0,0|0,0|0,0|0,0|0,0|0,0|0,0|0,0|0,0|0,0|1,0|0,0|0,0|0,0|0,0|0,0|1,0|0,0|0,0|0,0|0,0|0,0|0,0|0,0|0,0|0,0|0,0|0,0|0,0|0,0|0,0|0,0|0,0|0,0|0,0|0,0|0,0|0,0|0,0|0,1|0,0|0,0|0,0|1,0|0,0|0,0|0,1|0,0|0,0|0,1|0,0|0,0|0,0|0,0|0,0|0,0|0,0|0,0|0,0|0,0|0,0|0,0|0,0|0,0|1,0|0,0|0,0|0,0|0,0|0,0|0,0|0,0|0,0|0,0|0,0|0,0|0,0|0,0|0,0|0,0|0,0|0,0|0,0|0,0|0,0|0,0|1
9,27551621,.,C,T,.,PASS,AC=419;AN=5096;DP=21849;AF=0.08;EAS_AF=0.19;EUR_AF=0;AFR_AF=0;AMR_AF=0.16;SAS_AF=0.11;VT=SNP;NS=2548,GT,0|1,0|0,0|0,0|0,0|0,0|0,0|0,0|0,0|1,0|0,0|1,0|0,0|0,0|0,0|0,0|1,0|0,1|0,0|1,0|0,1|0,0|0,0|0,0|0,0|0,0|0,0|0,0|0,0|0,1|0,1|0,0|0,0|0,0|0,0|1,0|1,0|0,0|1,0|0,0|0,0|0,0|0,1|0,0|0,0|0,1|0,0|0,0|1,0|0,0|0,1|0,1|0,0|0,0|0,0|0,0|0,0|0,0|1,0|1,0|0,0|0,0|0,0|0,1|0,1|0,0|0,0|1,0|1,0|0,1|0,1|0,0|0,0|0,0|1,0|0,0|1,0|0,0|0,0|0,0|0,0|1,0|0,0|0,1|1,0|0,0|0,1|0,0|0,0|0,0|0,0|0,1|0,0|1,0|0,0|0,1|0,0|0,1|1,0|0
9,27551906,.,T,G,.,PASS,AC=1;AN=5096;DP=22291;AF=0;EAS_AF=0;EUR_AF=0;AFR_AF=0;AMR_AF=0;SAS_AF=0;VT=SNP;NS=2548,GT,0|0,0|0,0|0,0|0,0|0,0|0,0|0,0|0,0|0,0|0,0|0,0|0,0|0,0|0,0|0,0|0,0|0,0|0,0|0,0|0,0|0,0|0,0|0,0|0,0|0,0|0,0|0,0|0,0|0,0|0,0|0,0|0,0|0,0|0,0|0,0|0,0|0,0|0,0|0,0|0,0|0,0|0,0|0,0|0,0|0,0|0,0|1,0|0,0|0,0|0,0|0,0|0,0|0,0|0,0|0,0|0,0|0,0|0,0|0,0|0,0|0,0|0,0|0,0|0,0|0,0|0,0|0,0|0,0|0,0|0,0|0,0|0,0|0,0|0,0|0,0|0,0|0,0|0,0|0,0|0,0|0,0|0,0|0,0|0,0|0,0|0,0|0,0|0,0|0,0|0,0|0,0|0,0|0,0|0,0|0,0|0,0|0,0|0,0|0
9,27551929,.,T,C,.,PASS,AC=821;AN=5096;DP=22030;AF=0.16;EAS_AF=0.12;EUR_AF=0.25;AFR_AF=0.11;AMR_AF=0.14;SAS_AF=0.2;VT=SNP;NS=2548,GT,0|0,0|0,0|0,1|0,0|0,0|1,0|0,0|1,1|0,0|0,0|0,1|0,0|0,0|0,0|0,0|0,0|1,0|0,0|0,1|0,0|1,0|0,0|0,0|0,0|0,0|1,0|1,0|0,0|0,0|0,0|1,0|0,0|0,1|1,0|0,0|0,0|0,0|0,1|0,0|0,1|0,0|0,0|0,0|0,1|1,0|1,1|0,0|0,1|0,1|0,0|0,0|0,0|1,0|0,0|0,0|0,0|0,0|0,0|0,0|0,0|0,0|0,0|0,0|0,0|0,0|0,0|0,0|0,1|0,0|0,0|0,0|1,0|1,0|0,0|0,0|0,1|0,0|1,0|1,0|0,0|0,0|0,0|0,0|0,0|0,0|1,0|0,0|0,0|1,0|0,0|1,0|0,1|0,0|0,0|0,0|0,0|0,0|0,0|0
9,27552107,.,A,G,.,PASS,AC=18;AN=5096;DP=22547;AF=0;EAS_AF=0.02;EUR_AF=0;AFR_AF=0;AMR_AF=0;SAS_AF=0;VT=SNP;NS=2548,GT,0|0,0|0,0|0,0|0,0|0,0|0,0|0,0|0,0|0,0|0,0|0,0|0,0|0,0|0,0|0,0|0,0|0,0|0,0|0,0|0,0|0,0|0,0|0,0|0,0|0,0|0,0|0,0|0,0|0,0|0,0|0,0|0,0|0,0|0,1|0,0|0,1|0,0|0,0|0,0|0,0|0,0|0,0|0,1|0,0|0,0|0,0|0,0|0,0|0,0|0,0|0,0|0,0|0,0|1,0|0,0|0,0|0,1|0,0|0,0|0,0|0,0|0,0|1,0|0,0|0,0|0,0|0,0|0,0|0,0|0,0|0,0|0,0|0,0|0,0|0,0|0,0|0,0|0,0|0,0|0,0|0,0|0,0|0,0|0,0|0,0|0,0|0,0|0,0|0,0|0,0|0,0|1,0|0,0|0,0|0,0|0,0|0,0|0,0|0
9,27552195,.,T,C,.,PASS,AC=1533;AN=5096;DP=23032;AF=0.3;EAS_AF=0.48;EUR_AF=0.34;AFR_AF=0.07;AMR_AF=0.39;SAS_AF=0.33;VT=SNP;NS=2548,GT,1|0,1|1,0|1,0|1,1|1,1|0,1|1,0|0,0|0,0|0,1|0,0|1,0|0,1|1,0|1,0|0,1|0,0|1,1|0,0|1,0|0,0|0,1|1,1|1,1|0,0|0,1|0,1|0,1|1,0|1,0|0,1|1,1|0,0|0,1|0,1|0,1|1,0|0,0|1,1|1,0|0,1|1,0|1,1|1,0|0,0|0,0|1,1|0,0|0,0|0,0|1,0|1,1|0,0|1,1|1,1|1,0|0,1|0,1|0,1|0,0|0,0|1,1|1,0|1,0|0,0|1,0|0,0|0,0|0,0|0,0|0,1|0,0|0,1|0,0|0,1|0,0|1,1|0,1|0,0|1,0|0,0|0,1|1,0|0,1|1,1|0,0|1,1|0,1|0,0|1,0|0,0|1,0|0,0|1,1|0,0|1,0|1,0|0,0|1
9,27552359,.,CT,C,.,PASS,AC=3934;AN=5096;DP=19852;AF=0.77;EAS_AF=0.91;EUR_AF=0.77;AFR_AF=0.59;AMR_AF=0.84;SAS_AF=0.84;VT=INDEL;NS=2548,GT,1|1,1|1,1|1,1|1,1|1,1|1,1|1,0|1,1|1,0|0,1|1,1|1,0|1,1|1,0|1,0|1,1|1,1|1,1|1,1|1,1|1,0|1,1|1,1|1,1|1,1|1,1|1,1|0,1|1,1|1,1|1,1|1,1|1,1|1,1|1,1|1,1|1,1|1,1|1,1|0,1|1,1|1,1|1,1|1,1|1,1|1,1|1,1|1,1|0,1|0,1|1,1|1,1|1,0|1,1|1,1|1,0|1,1|1,1|1,1|1,0|1,1|1,1|1,1|1,1|0,1|1,1|1,1|1,1|0,1|1,1|0,1|1,1|1,1|1,0|1,1|1,1|1,1|1,1|1,0|1,1|1,1|1,1|1,1|1,1|1,1|1,1|1,1|0,1|1,1|1,0|1,1|1,1|1,1|1,1|0,1|1,1|1,1|1,0|1
9,27552462,.,C,T,.,PASS,AC=303;AN=5096;DP=19692;AF=0.06;EAS_AF=0.11;EUR_AF=0.05;AFR_AF=0;AMR_AF=0.04;SAS_AF=0.11;VT=SNP;NS=2548,GT,0|0,0|0,1|0,0|0,0|0,0|0,0|0,0|0,0|0,0|0,0|0,0|0,0|1,0|0,0|0,0|0,0|0,0|0,0|0,0|0,0|0,0|1,0|0,0|0,0|1,1|0,0|0,0|0,0|0,0|0,0|0,0|0,0|1,0|0,0|0,0|0,0|0,1|0,0|0,0|0,0|1,0|0,0|0,0|0,0|0,0|0,0|0,0|0,0|0,0|0,0|0,0|0,0|0,0|0,0|0,0|0,0|1,0|0,0|0,0|1,0|1,1|0,0|0,0|0,0|0,1|0,1|0,1|0,0|0,0|1,0|0,0|0,1|0,0|0,0|1,0|0,0|0,0|0,0|0,0|0,1|0,1|1,0|0,0|0,0|0,0|0,0|0,0|0,0|0,0|0,0|0,0|0,0|0,1|0,0|0,0|0,1|0,0|0,0|0
9,27552489,.,T,C,.,PASS,AC=1051;AN=5096;DP=17875;AF=0.21;EAS_AF=0.3;EUR_AF=0.16;AFR_AF=0.08;AMR_AF=0.27;SAS_AF=0.28;VT=SNP;NS=2548,GT,0|1,0|0,1|0,0|0,0|0,0|0,0|0,0|0,0|1,0|0,0|1,0|0,0|1,0|0,0|0,0|1,0|0,1|0,0|1,0|0,1|0,0|1,0|0,0|0,0|1,1|0,0|0,0|0,0|0,1|0,1|0,0|0,0|1,0|0,0|1,0|1,0|0,1|1,0|0,0|0,0|1,0|0,1|0,0|0,0|0,1|0,0|0,0|1,0|0,0|0,1|0,1|0,0|0,0|0,0|0,0|0,0|1,0|1,0|1,0|1,0|1,1|0,0|0,1|0,1|0,1|0,1|1,1|1,0|0,1|1,1|0,0|0,1|0,0|1,0|1,0|1,0|0,0|0,0|0,0|0,1|1,1|1,0|0,1|1,0|0,0|0,1|0,0|0,0|0,1|0,0|0,1|0,0|1,1|0,0|0,1|0,1|0,1|1,0|0
9,27552634,.,G,A,.,PASS,AC=364;AN=5096;DP=19794;AF=0.07;EAS_AF=0.11;EUR_AF=0.05;AFR_AF=0.05;AMR_AF=0.04;SAS_AF=0.11;VT=SNP;NS=2548,GT,0|0,0|0,1|0,0|0,0|0,0|0,0|0,0|0,0|0,0|0,0|0,0|0,0|1,0|0,0|0,0|0,0|0,0|0,0|0,0|0,0|0,0|1,0|0,0|0,0|1,1|0,0|0,0|0,0|0,0|0,0|0,0|0,0|1,0|0,0|0,0|0,0|0,1|0,0|0,0|0,0|1,0|0,0|0,0|0,0|0,0|0,0|0,0|0,0|0,0|0,0|0,0|0,0|0,0|0,0|0,0|0,0|1,0|0,0|0,0|1,0|1,1|0,0|0,0|0,0|0,1|0,1|0,1|0,0|0,0|1,0|0,0|0,1|0,0|0,0|1,0|0,0|0,0|0,0|0,0|0,1|0,1|1,0|0,0|0,0|0,0|0,0|0,0|0,0|0,0|0,0|0,0|0,0|0,1|0,0|0,0|0,1|0,0|0,0|0
9,27552962,.,T,A,.,PASS,AC=3;AN=5096;DP=19766;AF=0;EAS_AF=0;EUR_AF=0;AFR_AF=0;AMR_AF=0;SAS_AF=0;VT=SNP;NS=2548,GT,0|0,0|0,0|0,0|0,0|0,0|0,0|0,0|0,0|0,0|0,0|0,0|0,0|0,0|0,0|0,0|0,0|0,0|0,0|0,0|0,0|0,0|0,0|0,0|0,0|0,0|0,0|0,0|0,0|0,0|0,0|0,0|0,0|0,0|0,0|0,0|0,0|0,0|0,0|0,0|0,0|0,0|0,0|0,0|0,0|0,0|0,0|0,0|0,0|0,0|0,0|0,0|0,0|0,0|0,0|0,0|0,0|0,0|0,0|0,0|0,0|0,0|0,0|0,0|0,0|0,0|0,0|0,0|0,0|0,0|0,0|0,0|0,0|0,0|0,0|0,0|0,0|0,0|0,0|0,0|0,0|0,0|0,0|0,0|0,0|0,0|0,0|0,0|0,1|0,0|0,0|0,0|0,0|0,0|0,0|0,0|0,0|0,0|0,0|0
9,27553191,.,T,C,.,PASS,AC=4649;AN=5096;DP=20662;AF=0.91;EAS_AF=1;EUR_AF=1;AFR_AF=0.68;AMR_AF=0.97;SAS_AF=1;VT=SNP;NS=2548,GT,1|1,1|1,1|1,1|1,1|1,1|1,1|1,1|1,1|1,1|1,1|1,1|1,1|1,1|1,1|1,1|1,1|1,1|1,1|1,1|1,1|1,1|1,1|1,1|1,1|1,1|1,1|1,1|1,1|1,1|1,1|1,1|1,1|1,1|1,1|1,1|1,1|1,1|1,1|1,1|1,1|1,1|1,1|1,1|1,1|1,1|1,1|1,1|1,1|1,1|1,1|1,1|1,1|1,1|1,1|1,1|1,1|1,1|1,1|1,1|1,1|1,1|1,1|1,1|1,1|1,1|1,1|1,1|1,1|1,1|1,1|1,1|1,1|1,1|1,1|1,1|1,1|1,1|1,1|1,1|1,1|1,1|1,1|1,1|1,1|1,1|1,1|1,1|1,1|1,1|1,1|1,1|1,1|1,1|1,1|1,1|1,1|1,1|1,1|1
9,27553369,.,T,G,.,PASS,AC=1;AN=5096;DP=19906;AF=0;EAS_AF=0;EUR_AF=0;AFR_AF=0;AMR_AF=0;SAS_AF=0;VT=SNP;NS=2548,GT,0|0,0|0,0|0,0|0,0|0,0|0,0|0,0|0,0|0,0|0,0|0,0|0,0|0,0|0,0|0,0|0,0|0,0|0,0|0,0|0,0|0,0|0,0|0,0|0,0|0,0|0,0|0,0|0,0|0,0|0,0|0,0|0,0|0,0|0,0|0,0|0,0|0,0|0,0|0,0|0,0|0,0|0,0|0,0|0,0|0,0|0,0|0,0|0,0|0,0|0,0|0,0|0,0|0,0|0,0|0,0|0,0|0,0|0,0|0,0|0,0|0,0|0,0|0,0|0,0|0,0|0,0|0,0|0,0|0,0|0,0|0,0|0,0|0,0|0,0|0,0|0,0|0,0|0,0|0,0|0,0|0,0|0,0|1,0|0,0|0,0|0,0|0,0|0,0|0,0|0,0|0,0|0,0|0,0|0,0|0,0|0,0|0,0|0,0|0
9,27553386,.,G,C,.,PASS,AC=821;AN=5096;DP=20327;AF=0.16;EAS_AF=0.12;EUR_AF=0.25;AFR_AF=0.11;AMR_AF=0.14;SAS_AF=0.19;VT=SNP;NS=2548,GT,0|0,0|0,0|0,1|0,0|0,0|1,0|0,0|1,1|0,0|0,0|0,1|0,0|0,0|0,0|0,0|0,0|1,0|0,0|0,1|0,0|1,0|0,0|0,0|0,0|0,0|1,0|1,0|0,0|0,0|0,0|1,0|0,0|0,1|1,0|0,0|0,0|0,0|0,1|0,0|0,1|0,0|0,0|0,0|0,1|1,0|1,1|0,0|0,1|0,1|0,0|0,0|0,0|1,0|0,0|0,0|0,0|0,0|0,0|0,0|0,0|0,0|0,0|0,0|0,0|0,0|0,0|0,0|0,1|0,0|0,0|0,0|1,0|1,0|0,0|0,0|0,1|0,0|1,0|1,0|0,0|0,0|0,0|0,0|0,0|0,0|1,0|0,0|0,0|1,0|0,0|1,0|0,1|0,0|0,0|0,0|0,0|0,0|0,0|0
9,27553878,.,T,C,.,PASS,AC=821;AN=5096;DP=21161;AF=0.16;EAS_AF=0.12;EUR_AF=0.25;AFR_AF=0.11;AMR_AF=0.14;SAS_AF=0.19;VT=SNP;NS=2548,GT,0|0,0|0,0|0,1|0,0|0,0|1,0|0,0|1,1|0,0|0,0|0,1|0,0|0,0|0,0|0,0|0,0|1,0|0,0|0,1|0,0|1,0|0,0|0,0|0,0|0,0|1,0|1,0|0,0|0,0|0,0|1,0|0,0|0,1|1,0|0,0|0,0|0,0|0,1|0,0|0,1|0,0|0,0|0,0|0,1|1,0|1,1|0,0|0,1|0,1|0,0|0,0|0,0|1,0|0,0|0,0|0,0|0,0|0,0|0,0|0,0|0,0|0,0|0,0|0,0|0,0|0,0|0,0|0,1|0,0|0,0|0,0|1,0|1,0|0,0|0,0|0,1|0,0|1,0|1,0|0,0|0,0|0,0|0,0|0,0|0,0|1,0|0,0|0,0|1,0|0,0|1,0|0,1|0,0|0,0|0,0|0,0|0,0|0,0|0
9,27554190,.,T,G,.,PASS,AC=2236;AN=5096;DP=21598;AF=0.44;EAS_AF=0.43;EUR_AF=0.48;AFR_AF=0.33;AMR_AF=0.46;SAS_AF=0.53;VT=SNP;NS=2548,GT,0|1,0|0,1|0,1|0,0|0,0|1,0|0,0|1,1|1,0|0,0|1,1|0,0|1,0|0,0|0,0|1,0|1,1|0,0|1,1|0,1|1,0|1,0|0,0|0,0|1,1|1,0|1,0|0,0|0,1|0,1|1,0|0,0|1,1|1,0|1,0|1,0|0,1|1,1|0,0|0,1|1,0|0,1|0,0|0,1|1,1|1,1|0,0|1,1|0,1|0,1|0,1|0,0|1,0|0,0|0,0|0,0|1,0|1,0|1,0|1,0|1,1|0,0|0,1|0,1|0,1|0,1|1,1|1,1|0,1|1,1|0,0|1,1|1,0|1,0|1,0|1,1|0,0|1,0|1,0|0,1|1,1|1,0|0,1|1,0|0,0|1,1|0,0|0,0|1,1|0,0|1,1|0,1|1,1|0,0|0,1|0,1|0,1|1,0|0
9,27554376,.,CT,C,.,PASS,AC=4;AN=5096;DP=21978;AF=0;EAS_AF=0;EUR_AF=0;AFR_AF=0;AMR_AF=0;SAS_AF=0;VT=INDEL;NS=2548,GT,0|0,0|0,0|0,0|0,0|0,0|0,0|0,0|0,0|0,0|0,0|0,0|0,0|0,0|0,0|0,0|0,0|0,0|0,0|0,0|0,0|0,0|0,0|0,0|0,0|0,0|0,0|0,0|0,0|0,0|0,0|0,0|0,0|0,0|0,1|0,0|0,0|0,0|0,0|0,0|0,0|0,0|0,0|0,1|0,0|0,0|0,0|0,0|0,0|0,0|0,0|0,0|0,0|0,0|0,0|0,0|0,0|0,0|0,0|0,0|0,0|0,0|0,0|0,0|0,0|0,0|0,0|0,0|0,0|0,0|0,0|0,0|0,0|0,0|0,0|0,0|0,0|0,0|0,0|0,0|0,0|0,0|0,0|0,0|0,0|0,0|0,0|0,0|0,0|0,0|0,0|0,0|0,0|0,0|0,0|0,0|0,0|0,0|0,0|0
9,27555018,.,T,C,.,PASS,AC=1170;AN=5096;DP=17424;AF=0.23;EAS_AF=0.3;EUR_AF=0.22;AFR_AF=0.1;AMR_AF=0.3;SAS_AF=0.29;VT=SNP;NS=2548,GT,0|1,0|0,1|0,0|0,0|0,0|0,0|0,0|0,0|1,0|0,0|1,0|0,0|1,0|0,0|0,0|1,0|0,1|0,0|1,0|0,1|0,0|1,0|0,0|0,0|1,1|0,0|0,0|0,0|0,1|0,1|0,0|0,0|1,0|0,0|1,0|1,0|0,1|1,0|0,0|0,0|1,0|0,1|0,0|0,0|0,1|0,0|0,0|1,0|0,0|0,1|0,1|0,0|0,0|0,0|0,0|0,0|1,0|1,0|1,0|1,0|1,1|0,0|0,1|0,1|0,1|0,1|1,1|1,0|0,1|1,1|0,0|0,1|0,0|1,0|1,0|1,0|0,0|0,0|0,0|0,1|1,1|1,0|0,1|1,0|0,0|0,1|0,0|0,0|0,1|0,0|0,1|0,0|1,1|0,0|0,1|0,1|0,1|1,0|0
9,27555087,.,G,A,.,PASS,AC=2;AN=5096;DP=18944;AF=0;EAS_AF=0;EUR_AF=0;AFR_AF=0;AMR_AF=0;SAS_AF=0;VT=SNP;NS=2548,GT,0|0,0|0,0|0,0|0,0|0,0|0,0|0,0|0,0|0,0|0,0|0,0|0,0|0,0|0,0|0,0|0,0|1,0|0,0|0,0|0,0|0,0|0,0|0,0|0,0|0,0|0,0|0,0|0,0|0,0|0,0|0,0|0,0|0,0|0,0|0,0|0,0|0,0|0,0|0,0|0,0|0,0|0,0|0,0|0,0|0,0|0,0|0,0|0,0|0,0|0,0|0,0|0,0|0,0|0,0|0,0|0,0|0,0|0,0|0,0|0,0|0,0|0,0|0,0|0,0|0,0|0,0|0,0|0,0|0,0|0,0|0,0|0,0|0,0|0,0|0,0|0,0|0,0|0,0|0,0|0,0|0,0|0,0|0,0|0,0|0,0|0,0|0,0|0,0|0,0|0,0|0,0|0,0|0,0|0,0|0,0|0,0|0,0|0,0|0
9,27555123,.,G,A,.,PASS,AC=370;AN=5096;DP=19249;AF=0.07;EAS_AF=0.11;EUR_AF=0.05;AFR_AF=0.05;AMR_AF=0.04;SAS_AF=0.11;VT=SNP;NS=2548,GT,0|0,0|0,1|0,0|0,0|0,0|0,0|0,0|0,0|0,0|0,0|0,0|0,0|1,0|0,0|0,0|0,0|0,0|0,0|0,0|0,0|0,0|1,0|0,0|0,0|1,1|0,0|0,0|0,0|0,0|0,0|0,0|0,0|1,0|0,0|0,0|0,0|0,1|0,0|0,0|0,0|1,0|0,0|0,0|0,0|0,0|0,0|0,0|0,0|0,0|0,0|0,0|0,0|0,0|0,0|0,0|0,0|1,0|0,0|0,0|1,0|1,1|0,0|0,0|0,0|0,1|0,1|0,1|0,0|0,0|1,0|0,0|0,1|0,0|0,0|1,0|0,0|0,0|0,0|0,0|0,1|0,1|1,0|0,0|0,0|0,0|0,0|0,0|0,0|0,0|0,0|0,0|0,0|0,1|0,0|0,0|0,1|0,0|0,0|0
9,27555819,.,T,A,.,PASS,AC=661;AN=5096;DP=17732;AF=0.13;EAS_AF=0.12;EUR_AF=0.24;AFR_AF=0.02;AMR_AF=0.13;SAS_AF=0.17;VT=SNP;NS=2548,GT,0|0,0|0,0|0,1|0,0|0,0|1,0|0,0|1,1|0,0|0,0|0,1|0,0|0,0|0,0|0,0|0,0|1,0|0,0|0,1|0,0|1,0|0,0|0,0|0,0|0,0|1,0|1,0|0,0|0,0|0,0|1,0|0,0|0,1|1,0|0,0|0,0|0,0|0,0|0,0|0,1|0,0|0,0|0,0|0,1|1,0|1,1|0,0|0,1|0,1|0,0|0,0|0,0|1,0|0,0|0,0|0,0|0,0|0,0|0,0|0,0|0,0|0,0|0,0|0,0|0,0|0,0|0,0|0,1|0,0|0,0|0,0|1,0|1,0|0,0|0,0|0,1|0,0|1,0|1,0|0,0|0,0|0,0|0,0|0,0|0,0|1,0|0,0|0,0|1,0|0,0|1,0|0,1|0,0|0,0|0,0|0,0|0,0|0,0|0
9,27555838,.,C,T,.,PASS,AC=2564;AN=5096;DP=17050;AF=0.5;EAS_AF=0.78;EUR_AF=0.49;AFR_AF=0.15;AMR_AF=0.65;SAS_AF=0.61;VT=SNP;NS=2548,GT,1|1,1|1,1|1,0|1,1|1,1|0,1|1,0|0,0|1,0|0,1|1,0|1,0|1,1|1,0|1,0|1,1|0,1|1,1|1,0|1,1|0,0|1,1|1,1|1,1|1,1|0,1|0,1|0,1|1,1|1,1|0,1|1,1|1,0|0,1|1,1|1,1|1,1|1,0|1,1|1,0|1,1|1,1|1,1|1,0|0,1|0,0|1,1|1,0|0,0|0,1|1,1|1,1|0,0|1,1|1,1|1,0|1,1|1,1|1,1|1,0|1,1|1,1|1,1|1,1|0,1|1,1|1,1|1,0|0,1|1,1|0,1|0,1|0,1|1,0|1,1|1,0|1,1|0,1|0,0|1,1|1,1|1,1|1,1|1,1|1,1|0,1|1,1|0,1|0,1|1,0|0,1|1,0|1,1|1,1|0,1|1,1|1,1|1,0|1
9,27556039,.,T,A,.,PASS,AC=5041;AN=5096;DP=14101;AF=0.99;EAS_AF=1;EUR_AF=1;AFR_AF=0.96;AMR_AF=1;SAS_AF=1;VT=SNP;NS=2548,GT,1|1,1|1,1|1,1|1,1|1,1|1,1|1,1|1,1|1,1|1,1|1,1|1,1|1,1|1,1|1,1|1,1|1,1|1,1|1,1|1,1|1,1|1,1|1,1|1,1|1,1|1,1|1,1|1,1|1,1|1,1|1,1|1,1|1,1|1,1|1,1|1,1|1,1|1,1|1,1|1,1|1,1|1,1|1,1|1,1|1,1|1,1|1,1|1,1|1,1|1,1|1,1|1,1|1,1|1,1|1,1|1,1|1,1|1,1|1,1|1,1|1,1|1,1|1,1|1,1|1,1|1,1|1,1|1,1|1,1|1,1|1,1|1,1|1,1|1,1|1,1|1,1|1,1|1,1|1,1|1,1|1,1|1,1|1,1|1,1|1,1|1,1|1,1|1,1|1,1|1,1|1,1|1,1|1,1|1,1|1,1|1,1|1,1|1,1|1
9,27556040,.,T,A,.,PASS,AC=445;AN=5096;DP=14105;AF=0.09;EAS_AF=0.19;EUR_AF=0;AFR_AF=0.02;AMR_AF=0.16;SAS_AF=0.12;VT=SNP;NS=2548,GT,0|1,0|0,0|0,0|0,0|0,0|0,0|0,0|0,0|1,0|0,0|1,0|0,0|0,0|0,0|0,0|1,0|0,1|0,0|1,0|0,1|0,0|0,0|0,0|0,0|0,0|0,0|0,0|0,0|0,1|0,1|0,0|0,0|0,0|0,0|1,0|1,0|0,0|1,0|0,0|0,0|0,0|0,1|0,0|0,0|0,1|0,0|0,0|1,0|0,0|0,1|0,1|0,0|0,0|0,0|0,0|0,0|0,0|1,0|1,0|0,0|0,0|0,0|0,1|0,1|0,0|0,0|1,0|1,0|0,1|0,1|0,0|0,0|0,0|1,0|0,0|1,0|0,0|0,0|0,0|0,0|1,0|0,0|0,1|1,0|0,0|0,1|0,0|0,0|0,0|0,0|0,1|0,0|1,0|0,0|0,1|0,0|0,1|1,0|0
9,27556054,.,T,A,.,PASS,AC=194;AN=5096;DP=13730;AF=0.04;EAS_AF=0.01;EUR_AF=0.03;AFR_AF=0.06;AMR_AF=0.02;SAS_AF=0.06;VT=SNP;NS=2548,GT,0|0,0|0,0|0,0|0,0|0,0|0,0|0,0|0,0|0,0|0,0|0,0|0,0|0,0|0,0|0,0|0,0|0,0|0,0|0,0|0,0|0,0|0,0|0,0|0,0|0,0|0,0|0,0|0,0|0,0|0,0|0,0|0,0|0,0|0,0|0,0|0,0|0,0|0,0|0,0|0,0|0,0|0,0|0,0|0,0|0,0|0,0|0,0|0,0|0,0|0,0|0,0|0,0|0,0|0,1|0,0|1,0|0,0|0,0|0,0|0,0|0,0|0,0|0,0|0,0|0,0|0,0|0,0|0,0|0,0|0,0|0,0|0,0|0,0|0,0|0,0|0,0|0,0|0,0|0,0|0,0|0,0|0,0|0,0|0,0|0,0|0,0|0,0|0,0|0,0|0,0|0,0|0,0|0,0|0,0|0,0|0,0|0,0|0,0|0
9,27556055,.,T,A,.,PASS,AC=4028;AN=5096;DP=13668;AF=0.79;EAS_AF=0.81;EUR_AF=0.97;AFR_AF=0.57;AMR_AF=0.8;SAS_AF=0.87;VT=SNP;NS=2548,GT,1|0,1|1,1|1,1|1,1|1,1|1,1|1,1|1,1|0,1|1,1|0,1|1,1|1,1|1,1|1,1|0,1|1,0|1,1|0,1|1,0|1,1|1,1|1,1|1,1|1,1|1,1|1,1|1,1|1,0|1,0|1,1|1,1|1,1|1,1|0,1|0,1|1,1|0,1|1,1|1,1|1,1|1,0|1,1|1,1|1,0|1,1|1,1|0,1|1,1|1,0|1,0|1,1|1,1|1,1|1,1|1,1|1,1|0,1|0,1|1,1|1,1|1,1|1,0|1,0|1,1|1,1|0,1|0,1|1,0|1,0|1,1|1,1|1,1|0,1|1,1|0,1|1,1|1,1|1,1|1,1|0,1|1,1|1,0|0,1|1,1|1,0|1,1|1,1|1,1|1,1|1,0|1,1|0,1|1,1|1,0|1,1|1,0|0,1|1
9,27556610,.,T,C,.,PASS,AC=1;AN=5096;DP=315390;AF=0;EAS_AF=0;EUR_AF=0;AFR_AF=0;AMR_AF=0;SAS_AF=0;EX_TARGET;VT=SNP;NS=2548,GT,0|0,0|0,0|0,0|0,0|0,0|0,0|0,0|0,0|0,0|0,0|0,0|0,0|0,0|0,0|0,0|0,0|0,0|0,0|0,0|0,0|0,0|0,1|0,0|0,0|0,0|0,0|0,0|0,0|0,0|0,0|0,0|0,0|0,0|0,0|0,0|0,0|0,0|0,0|0,0|0,0|0,0|0,0|0,0|0,0|0,0|0,0|0,0|0,0|0,0|0,0|0,0|0,0|0,0|0,0|0,0|0,0|0,0|0,0|0,0|0,0|0,0|0,0|0,0|0,0|0,0|0,0|0,0|0,0|0,0|0,0|0,0|0,0|0,0|0,0|0,0|0,0|0,0|0,0|0,0|0,0|0,0|0,0|0,0|0,0|0,0|0,0|0,0|0,0|0,0|0,0|0,0|0,0|0,0|0,0|0,0|0,0|0,0|0,0|0
9,27556782,.,G,A,.,PASS,AC=1161;AN=5096;DP=327306;AF=0.23;EAS_AF=0.3;EUR_AF=0.16;AFR_AF=0.15;AMR_AF=0.28;SAS_AF=0.28;EX_TARGET;VT=SNP;NS=2548,GT,0|1,0|0,1|0,0|0,0|0,0|0,0|0,0|0,0|1,0|0,0|1,0|0,0|1,0|0,0|0,0|1,0|0,1|0,0|1,0|0,1|0,0|1,0|0,0|0,0|1,1|0,0|0,0|0,0|0,1|0,1|0,0|0,0|1,0|0,0|1,0|1,0|0,1|1,0|0,0|0,0|1,0|0,1|0,0|0,0|0,1|0,0|0,0|1,0|0,0|0,1|0,1|0,0|0,0|0,0|0,0|0,0|1,0|1,0|1,0|1,0|1,1|0,0|0,1|0,1|0,1|0,1|1,1|1,0|0,1|1,1|0,0|0,1|0,0|1,0|1,0|1,0|0,0|0,0|0,0|0,1|1,1|1,0|0,1|1,0|0,0|0,1|0,0|0,0|0,1|0,0|0,1|0,0|1,1|0,0|0,1|0,1|0,1|1,0|0
9,27556943,.,T,C,.,PASS,AC=9;AN=5096;DP=47922;AF=0;EAS_AF=0.01;EUR_AF=0;AFR_AF=0;AMR_AF=0;SAS_AF=0;VT=SNP;NS=2548,GT,0|0,0|0,0|0,0|0,0|0,0|1,0|0,0|0,0|0,0|0,0|0,0|0,0|0,0|0,0|0,0|0,0|0,0|0,0|0,0|0,0|0,0|0,0|0,0|0,0|0,0|0,0|0,0|0,0|0,0|0,0|0,0|0,0|0,0|0,0|0,0|0,0|0,0|0,0|0,0|0,0|0,0|0,0|0,0|0,0|0,0|0,1|0,0|0,0|0,0|0,0|0,0|0,0|0,0|0,0|0,0|0,0|0,0|0,0|0,0|0,0|0,0|0,0|0,0|0,0|0,0|0,0|0,0|0,0|0,0|0,0|0,0|1,0|0,0|0,0|0,0|0,0|0,0|0,0|0,0|0,0|0,0|0,0|0,0|0,0|0,0|0,0|0,0|0,0|0,0|0,0|0,0|0,0|0,0|0,0|0,0|0,0|0,0|0,0|0
9,27557013,.,G,A,.,PASS,AC=2;AN=5096;DP=31068;AF=0;EAS_AF=0;EUR_AF=0;AFR_AF=0;AMR_AF=0;SAS_AF=0;VT=SNP;NS=2548,GT,0|0,0|0,0|0,0|0,0|0,0|0,0|0,0|0,0|0,0|0,0|0,0|0,0|1,0|0,0|0,0|0,0|0,0|0,0|0,0|0,0|0,0|0,0|0,0|0,0|1,0|0,0|0,0|0,0|0,0|0,0|0,0|0,0|0,0|0,0|0,0|0,0|0,0|0,0|0,0|0,0|0,0|0,0|0,0|0,0|0,0|0,0|0,0|0,0|0,0|0,0|0,0|0,0|0,0|0,0|0,0|0,0|0,0|0,0|0,0|0,0|0,0|0,0|0,0|0,0|0,0|0,0|0,0|0,0|0,0|0,0|0,0|0,0|0,0|0,0|0,0|0,0|0,0|0,0|0,0|0,0|0,0|0,0|0,0|0,0|0,0|0,0|0,0|0,0|0,0|0,0|0,0|0,0|0,0|0,0|0,0|0,0|0,0|0,0|0
9,27557119,.,G,A,.,PASS,AC=428;AN=5096;DP=22151;AF=0.08;EAS_AF=0.14;EUR_AF=0.06;AFR_AF=0.01;AMR_AF=0.13;SAS_AF=0.12;VT=SNP;NS=2548,GT,1|0,0|1,0|0,0|0,1|0,0|0,0|0,0|0,0|0,0|0,1|0,0|1,0|0,0|0,0|0,0|0,0|0,0|1,0|0,0|0,0|0,0|0,0|0,1|1,1|0,0|0,0|0,1|0,0|0,0|0,0|0,0|0,1|0,0|0,0|0,1|0,0|0,0|0,0|0,1|0,0|0,1|0,0|0,0|0,0|0,0|0,0|1,0|0,0|0,0|0,0|1,0|0,0|0,0|0,0|0,0|0,0|0,0|0,1|0,0|0,0|0,0|1,0|0,0|1,0|0,0|0,0|0,0|0,0|0,0|0,0|0,1|0,0|0,0|0,0|0,0|0,0|0,0|0,0|0,0|0,0|0,0|0,1|1,0|0,1|0,0|0,0|1,0|0,0|0,0|0,0|0,0|0,0|0,0|0,1|0,0|0,0|0,0|0,0|0
9,27557283,.,C,T,.,PASS,AC=5036;AN=5096;DP=18145;AF=0.99;EAS_AF=1;EUR_AF=1;AFR_AF=0.96;AMR_AF=1;SAS_AF=1;VT=SNP;NS=2548,GT,1|1,1|1,1|1,1|1,1|1,1|1,1|1,1|1,1|1,1|1,1|1,1|1,1|1,1|1,1|1,1|1,1|1,1|1,1|1,1|1,1|1,1|1,1|1,1|1,1|1,1|1,1|1,1|1,1|1,1|1,1|1,1|1,1|1,1|1,1|1,1|1,1|1,1|1,1|1,1|1,1|1,1|1,1|1,1|1,1|1,1|1,1|1,1|1,1|1,1|1,1|1,1|1,1|1,1|1,1|1,1|1,1|1,1|1,1|1,1|1,1|1,1|1,1|1,1|1,1|1,1|1,1|1,1|1,1|1,1|1,1|1,1|1,1|1,1|1,1|1,1|1,1|1,1|1,1|1,1|1,1|1,1|1,1|1,1|1,1|1,1|1,1|1,1|1,1|1,1|1,1|1,1|1,1|1,1|1,1|1,1|1,1|1,1|1,1|1
9,27557343,.,C,G,.,PASS,AC=1218;AN=5096;DP=18692;AF=0.24;EAS_AF=0.31;EUR_AF=0.18;AFR_AF=0.15;AMR_AF=0.28;SAS_AF=0.32;VT=SNP;NS=2548,GT,0|1,0|0,1|0,0|0,0|0,0|0,0|0,0|0,0|1,0|0,0|1,0|0,0|1,0|0,0|0,0|1,0|0,1|0,0|1,0|0,1|0,0|1,0|0,0|0,0|1,1|0,0|0,0|0,0|0,1|0,1|0,0|0,0|1,0|0,0|1,0|1,0|0,1|1,0|0,0|0,0|1,0|0,1|0,0|0,0|0,1|0,0|0,0|1,0|0,0|0,1|0,1|0,0|0,0|0,0|0,0|0,0|1,0|1,0|1,0|1,0|1,1|0,0|0,1|0,1|0,1|0,1|1,1|1,0|0,1|1,1|0,0|0,1|0,0|1,0|1,0|1,0|0,0|0,0|0,0|0,1|1,1|1,0|0,1|1,0|0,0|0,1|0,0|0,0|0,1|0,0|0,1|0,0|1,1|0,0|0,1|0,1|0,1|1,0|0
9,27557372,.,G,A,.,PASS,AC=1;AN=5096;DP=19118;AF=0;EAS_AF=0;EUR_AF=0;AFR_AF=0;AMR_AF=0;SAS_AF=0;VT=SNP;NS=2548,GT,0|0,0|0,0|0,0|0,0|0,0|0,0|1,0|0,0|0,0|0,0|0,0|0,0|0,0|0,0|0,0|0,0|0,0|0,0|0,0|0,0|0,0|0,0|0,0|0,0|0,0|0,0|0,0|0,0|0,0|0,0|0,0|0,0|0,0|0,0|0,0|0,0|0,0|0,0|0,0|0,0|0,0|0,0|0,0|0,0|0,0|0,0|0,0|0,0|0,0|0,0|0,0|0,0|0,0|0,0|0,0|0,0|0,0|0,0|0,0|0,0|0,0|0,0|0,0|0,0|0,0|0,0|0,0|0,0|0,0|0,0|0,0|0,0|0,0|0,0|0,0|0,0|0,0|0,0|0,0|0,0|0,0|0,0|0,0|0,0|0,0|0,0|0,0|0,0|0,0|0,0|0,0|0,0|0,0|0,0|0,0|0,0|0,0|0,0|0
9,27557420,.,AT,A,.,PASS,AC=2;AN=5096;DP=18176;AF=0;EAS_AF=0;EUR_AF=0;AFR_AF=0;AMR_AF=0;SAS_AF=0;VT=INDEL;NS=2548,GT,0|0,0|0,0|0,0|0,0|0,0|0,0|0,0|0,0|0,0|0,0|0,0|0,0|0,0|0,0|0,0|0,0|0,0|0,0|0,0|0,0|0,0|0,0|0,0|0,0|0,0|0,0|0,0|0,0|0,0|0,0|0,0|0,0|0,0|0,0|0,0|0,0|0,0|0,0|0,0|0,0|0,0|0,0|0,0|0,0|0,0|0,0|0,0|0,0|0,0|0,0|0,0|0,0|0,0|0,0|0,0|0,0|0,0|0,1|0,0|0,0|0,0|0,0|0,0|0,0|0,0|0,0|0,0|0,0|0,0|0,0|0,0|0,0|0,0|0,0|0,0|0,0|0,0|0,0|0,0|0,0|0,0|0,0|0,0|0,0|0,0|0,0|0,0|0,0|0,0|0,0|0,0|0,0|0,0|0,0|0,0|0,0|0,0|0,0|0
9,27557456,.,T,C,.,PASS,AC=822;AN=5096;DP=17866;AF=0.16;EAS_AF=0.12;EUR_AF=0.25;AFR_AF=0.11;AMR_AF=0.14;SAS_AF=0.2;VT=SNP;NS=2548,GT,0|0,0|0,0|0,1|0,0|0,0|1,0|0,0|1,1|0,0|0,0|0,1|0,0|0,0|0,0|0,0|0,0|1,0|0,0|0,1|0,0|1,0|0,0|0,0|0,0|0,0|1,0|1,0|0,0|0,0|0,0|1,0|0,0|0,1|1,0|0,0|0,0|0,0|0,1|0,0|0,1|0,0|0,0|0,0|0,1|1,0|1,1|0,0|0,1|0,1|0,0|0,0|0,0|1,0|0,0|0,0|0,0|0,0|0,0|0,0|0,0|0,0|0,0|0,0|0,0|0,0|0,0|0,0|0,1|0,0|0,0|0,0|1,0|1,0|0,0|0,0|0,1|0,0|1,0|1,0|0,0|0,0|0,0|0,0|0,0|0,0|1,0|0,0|0,0|1,0|0,0|1,0|0,1|0,0|0,0|0,0|0,0|0,0|0,0|0
9,27557539,.,T,C,.,PASS,AC=1016;AN=5096;DP=15916;AF=0.2;EAS_AF=0.1;EUR_AF=0.25;AFR_AF=0.26;AMR_AF=0.16;SAS_AF=0.2;VT=SNP;NS=2548,GT,0|0,0|0,0|0,0|0,0|0,0|0,0|0,1|0,0|0,1|1,0|0,0|0,1|0,0|0,1|0,1|0,0|0,0|0,0|0,0|0,0|0,1|0,0|0,0|0,0|0,0|0,0|0,0|1,0|0,0|0,0|0,0|0,0|0,0|0,0|0,0|0,0|0,0|0,0|0,0|0,0|0,0|0,0|0,0|0,0|0,0|0,0|0,0|0,0|1,0|1,0|0,0|0,0|0,1|0,0|0,0|0,1|0,0|0,0|0,0|0,1|0,0|0,0|0,0|0,0|1,0|0,0|0,0|0,0|1,0|0,0|1,0|0,0|0,0|0,1|0,0|0,0|0,0|0,0|0,1|0,0|0,0|0,0|0,0|0,0|0,0|0,0|0,0|1,0|0,0|0,1|0,0|0,0|0,0|0,0|1,0|0,0|0,0|0,1|0
9,27557743,.,C,G,.,PASS,AC=5;AN=5096;DP=15338;AF=0;EAS_AF=0;EUR_AF=0;AFR_AF=0;AMR_AF=0;SAS_AF=0;VT=SNP;NS=2548,GT,0|0,0|0,0|0,0|0,0|0,0|0,0|0,0|0,0|0,0|0,0|0,0|0,0|0,0|0,0|0,0|0,0|0,0|0,0|0,0|0,0|0,0|0,0|0,0|0,0|0,0|0,0|0,0|0,0|0,0|0,0|0,0|0,0|0,0|0,0|0,0|0,0|0,0|0,0|0,0|0,0|0,0|0,0|0,0|0,0|0,0|0,0|0,0|0,0|0,0|0,0|0,0|0,0|0,0|0,0|0,0|0,0|0,0|0,0|0,0|0,0|0,0|0,0|0,0|0,1|0,0|0,0|0,0|0,0|0,0|0,0|0,0|0,0|0,0|1,0|0,0|0,0|0,0|0,0|0,0|0,0|0,0|0,0|0,0|0,0|0,0|0,0|0,0|0,0|0,0|0,0|0,0|0,0|0,0|0,0|0,0|0,0|0,0|0,0|0
9,27557835,.,C,T,.,PASS,AC=1165;AN=5096;DP=12655;AF=0.23;EAS_AF=0.3;EUR_AF=0.16;AFR_AF=0.15;AMR_AF=0.28;SAS_AF=0.28;VT=SNP;NS=2548,GT,0|1,0|0,1|0,0|0,0|0,0|0,0|0,0|0,0|1,0|0,0|1,0|0,0|1,0|0,0|0,0|1,0|0,1|0,0|1,0|0,1|0,0|1,0|0,0|0,0|1,1|0,0|0,0|0,0|0,1|0,1|0,0|0,0|1,0|0,0|1,0|1,0|0,1|1,0|0,0|0,0|1,0|0,1|0,0|0,0|0,1|0,0|0,0|1,0|0,0|0,1|0,1|0,0|0,0|0,0|0,0|0,0|1,0|1,0|1,0|1,0|1,1|0,0|0,1|0,1|0,1|0,1|1,1|1,0|0,1|1,1|0,0|0,1|0,0|1,0|1,0|1,0|0,0|0,0|0,0|0,1|1,1|1,0|0,1|1,0|0,0|0,1|0,0|0,0|0,1|0,0|0,1|0,0|1,1|0,0|0,1|0,1|0,1|1,0|0
9,27557921,.,T,C,.,PASS,AC=819;AN=5096;DP=11921;AF=0.16;EAS_AF=0.12;EUR_AF=0.25;AFR_AF=0.11;AMR_AF=0.14;SAS_AF=0.19;VT=SNP;NS=2548,GT,0|0,0|0,0|0,1|0,0|0,0|1,0|0,0|1,1|0,0|0,0|0,1|0,0|0,0|0,0|0,0|0,0|1,0|0,0|0,1|0,0|1,0|0,0|0,0|0,0|0,0|1,0|1,0|0,0|0,0|0,0|1,0|0,0|0,1|1,0|0,0|0,0|0,0|0,1|0,0|0,1|0,0|0,0|0,0|0,1|1,0|1,1|0,0|0,1|0,1|0,0|0,0|0,0|1,0|0,0|0,0|0,0|0,0|0,0|0,0|0,0|0,0|0,0|0,0|0,0|0,0|0,0|0,0|0,1|0,0|0,0|0,0|1,0|1,0|0,0|0,0|0,1|0,0|1,0|1,0|0,0|0,0|0,0|0,0|0,0|0,0|1,0|0,0|0,0|1,0|0,0|1,0|0,1|0,0|0,0|0,0|0,0|0,0|0,0|0
9,27557984,.,A,T,.,PASS,AC=316;AN=5096;DP=11680;AF=0.06;EAS_AF=0.11;EUR_AF=0.05;AFR_AF=0;AMR_AF=0.04;SAS_AF=0.11;VT=SNP;NS=2548,GT,0|0,0|0,1|0,0|0,0|0,0|0,0|0,0|0,0|0,0|0,0|0,0|0,0|1,0|0,0|0,0|0,0|0,0|0,0|0,0|0,0|0,0|1,0|0,0|0,0|1,1|0,0|0,0|0,0|0,0|0,0|0,0|0,0|1,0|0,0|0,0|0,0|0,1|0,0|0,0|0,0|1,0|0,0|0,0|0,0|0,0|0,0|0,0|0,0|0,0|0,0|0,0|0,0|0,0|0,0|0,0|0,0|1,0|0,0|0,0|1,0|1,1|0,0|0,0|0,0|0,1|0,1|0,1|0,0|0,0|1,0|0,0|0,1|0,0|0,0|1,0|0,0|0,0|0,0|0,0|0,1|0,1|1,0|0,0|0,0|0,0|0,0|0,0|0,0|0,0|0,0|0,0|0,0|0,1|0,0|0,0|0,1|0,0|0,0|0
9,27558148,.,T,A,.,PASS,AC=1146;AN=5096;DP=13227;AF=0.22;EAS_AF=0.3;EUR_AF=0.21;AFR_AF=0.08;AMR_AF=0.3;SAS_AF=0.29;VT=SNP;NS=2548,GT,0|1,0|0,1|0,0|0,0|0,0|0,0|0,0|0,0|1,0|0,0|1,0|0,0|1,0|0,0|0,0|1,0|0,1|0,0|1,0|0,1|0,0|1,0|0,0|0,0|1,1|0,0|0,0|0,0|0,1|0,1|0,0|0,0|1,0|0,0|1,0|1,0|0,1|1,0|0,0|0,0|1,0|0,1|0,0|0,0|0,1|0,0|0,0|1,0|0,0|0,1|0,1|0,0|0,0|0,0|0,0|0,0|1,0|1,0|1,0|1,0|1,1|0,0|0,1|0,1|0,1|0,1|1,1|1,0|0,1|1,1|0,0|0,1|0,0|1,0|1,0|1,0|0,0|0,0|0,0|0,1|1,1|1,0|0,1|1,0|0,0|0,1|0,0|0,0|0,1|0,0|0,1|0,0|1,1|0,0|0,1|0,1|0,1|1,0|0
9,27558188,.,T,C,.,PASS,AC=1306;AN=5096;DP=17549;AF=0.26;EAS_AF=0.31;EUR_AF=0.23;AFR_AF=0.15;AMR_AF=0.31;SAS_AF=0.33;VT=SNP;NS=2548,GT,0|1,0|0,1|0,0|0,0|0,0|0,0|0,0|0,0|1,0|0,0|1,0|0,0|1,0|0,0|0,0|1,0|0,1|0,0|1,0|0,1|0,0|1,0|0,0|0,0|1,1|0,0|0,0|0,0|0,1|0,1|0,0|0,0|1,0|0,0|1,0|1,0|0,1|1,0|0,0|0,0|1,0|0,1|0,0|0,0|0,1|0,0|0,0|1,0|0,0|0,1|0,1|0,0|0,0|0,0|0,0|0,0|1,0|1,0|1,0|1,0|1,1|0,0|0,1|0,1|0,1|0,1|1,1|1,0|0,1|1,1|0,0|0,1|0,0|1,0|1,0|1,0|0,0|0,0|0,0|0,1|1,1|1,0|0,1|1,0|0,0|0,1|0,0|0,0|0,1|0,0|0,1|0,0|1,1|0,0|0,1|0,1|0,1|1,0|0
9,27558240,.,A,T,.,PASS,AC=1414;AN=5096;DP=26464;AF=0.28;EAS_AF=0.47;EUR_AF=0.28;AFR_AF=0.07;AMR_AF=0.35;SAS_AF=0.31;VT=SNP;NS=2548,GT,1|0,1|1,0|1,0|1,1|1,1|0,1|1,0|0,0|0,0|0,1|0,0|1,0|0,1|1,0|1,0|0,1|0,0|1,1|0,0|1,0|0,0|0,1|1,1|1,1|0,0|0,1|0,1|0,1|1,0|1,0|0,1|1,1|0,0|0,1|0,1|0,1|1,0|0,0|1,1|1,0|0,1|1,0|1,1|1,0|0,0|0,0|1,1|0,0|0,0|0,0|1,0|1,1|0,0|1,1|1,1|1,0|0,1|0,1|0,1|0,0|0,0|1,1|1,0|1,0|0,0|1,0|0,0|0,0|0,0|0,0|0,1|0,0|0,1|0,0|0,1|0,0|1,1|0,1|0,0|1,0|0,0|0,1|1,0|0,1|1,1|0,0|1,1|0,1|0,0|1,0|0,0|1,0|0,0|1,1|0,0|1,0|1,0|0,0|1
9,27558681,.,A,T,.,PASS,AC=1;AN=5096;DP=89658;AF=0;EAS_AF=0;EUR_AF=0;AFR_AF=0;AMR_AF=0;SAS_AF=0;VT=SNP;NS=2548,GT,0|0,0|0,0|0,0|0,0|0,0|0,0|0,0|0,0|0,0|0,0|0,0|0,0|0,0|0,0|0,0|0,0|0,0|0,0|0,0|0,0|0,0|0,0|0,0|0,0|0,0|0,0|0,0|0,0|0,0|0,0|0,0|0,0|0,0|0,0|0,0|0,0|0,0|0,0|0,0|0,0|0,0|0,0|0,0|0,0|0,0|0,0|0,0|0,0|0,0|0,0|0,0|0,0|0,0|0,0|0,0|0,0|0,0|0,0|0,0|0,0|0,0|0,0|0,0|1,0|0,0|0,0|0,0|0,0|0,0|0,0|0,0|0,0|0,0|0,0|0,0|0,0|0,0|0,0|0,0|0,0|0,0|0,0|0,0|0,0|0,0|0,0|0,0|0,0|0,0|0,0|0,0|0,0|0,0|0,0|0,0|0,0|0,0|0,0|0
9,27558920,.,C,G,.,PASS,AC=1397;AN=5096;DP=20507;AF=0.27;EAS_AF=0.3;EUR_AF=0.23;AFR_AF=0.23;AMR_AF=0.31;SAS_AF=0.33;VT=SNP;NS=2548,GT,0|1,0|0,1|0,0|0,0|0,0|0,0|0,0|0,0|1,0|0,0|1,0|0,0|1,0|0,0|0,0|1,0|0,1|0,0|1,0|0,1|0,0|1,0|0,0|0,0|1,1|0,0|0,0|0,0|0,1|0,1|0,0|0,0|1,0|0,0|1,0|1,0|0,1|1,0|0,0|0,0|1,0|0,1|0,0|0,0|0,1|0,0|0,0|1,0|0,0|0,1|0,1|0,0|0,0|0,0|0,0|0,0|1,0|1,0|1,0|1,0|1,1|0,0|0,1|0,1|0,1|0,1|1,1|1,0|0,1|1,1|0,0|0,1|0,0|1,0|1,0|1,0|0,0|0,0|0,0|0,1|1,1|1,0|0,1|1,0|0,0|0,1|0,0|0,0|0,1|0,0|0,1|0,0|1,1|0,0|0,1|0,1|0,1|1,0|0
9,27559211,.,A,G,.,PASS,AC=1;AN=5096;DP=18516;AF=0;EAS_AF=0;EUR_AF=0;AFR_AF=0;AMR_AF=0;SAS_AF=0;VT=SNP;NS=2548,GT,0|0,0|0,0|0,0|0,0|0,0|0,0|0,0|0,0|0,0|0,0|0,0|0,0|0,0|0,0|0,0|0,0|0,0|0,0|0,0|0,0|0,0|0,0|0,0|0,0|0,0|0,0|0,0|0,0|0,0|0,0|0,0|0,0|0,0|1,0|0,0|0,0|0,0|0,0|0,0|0,0|0,0|0,0|0,0|0,0|0,0|0,0|0,0|0,0|0,0|0,0|0,0|0,0|0,0|0,0|0,0|0,0|0,0|0,0|0,0|0,0|0,0|0,0|0,0|0,0|0,0|0,0|0,0|0,0|0,0|0,0|0,0|0,0|0,0|0,0|0,0|0,0|0,0|0,0|0,0|0,0|0,0|0,0|0,0|0,0|0,0|0,0|0,0|0,0|0,0|0,0|0,0|0,0|0,0|0,0|0,0|0,0|0,0|0,0|0
9,27559283,.,A,AC,.,PASS,AC=36;AN=5096;DP=17315;AF=0.01;EAS_AF=0;EUR_AF=0;AFR_AF=0;AMR_AF=0;SAS_AF=0.03;VT=INDEL;NS=2548,GT,0|0,0|0,0|0,0|0,0|0,0|0,0|0,0|0,0|0,0|0,0|0,0|0,0|0,0|0,0|0,0|0,0|0,0|0,0|0,0|0,0|0,0|0,0|0,0|0,0|0,0|0,0|0,0|0,0|0,0|0,0|0,0|0,0|0,0|0,0|0,0|0,0|0,0|0,0|0,0|0,0|0,0|0,0|0,0|0,0|1,0|0,0|0,0|0,0|0,0|0,0|0,0|0,0|0,0|0,0|0,0|0,0|0,0|0,0|0,0|0,0|0,0|0,0|0,0|0,0|0,0|0,0|0,0|0,0|0,0|0,0|0,0|0,0|0,0|0,0|0,0|0,0|0,0|0,0|0,0|0,0|0,0|0,0|0,0|0,0|0,0|0,0|0,0|0,0|0,0|0,0|0,0|0,0|0,0|0,0|0,0|0,0|0,0|0,0|0
9,27559326,.,C,T,.,PASS,AC=2;AN=5096;DP=17412;AF=0;EAS_AF=0;EUR_AF=0;AFR_AF=0;AMR_AF=0;SAS_AF=0;VT=SNP;NS=2548,GT,0|0,0|0,0|0,0|0,0|0,0|0,0|0,0|0,0|0,0|0,0|0,0|0,0|0,0|0,0|0,0|0,0|0,0|0,0|0,0|0,0|0,0|0,0|0,0|0,0|0,0|0,1|0,0|0,0|0,0|0,0|0,0|0,0|0,0|0,0|0,0|0,0|0,0|0,0|0,0|0,0|0,0|0,0|0,0|0,0|0,0|0,0|0,0|0,0|0,0|0,0|0,0|0,0|0,0|0,0|0,0|0,0|0,0|0,0|0,0|0,0|0,0|0,0|0,0|0,0|0,0|0,0|0,0|0,0|0,0|0,0|0,0|0,0|0,0|0,0|0,0|0,0|0,0|0,0|0,0|0,0|0,0|0,0|0,0|0,0|0,0|0,0|0,0|0,0|0,0|0,0|0,0|0,0|0,0|0,0|0,0|0,0|0,0|0,0|0
9,27559515,.,C,CA,.,PASS,AC=334;AN=5096;DP=19077;AF=0.07;EAS_AF=0;EUR_AF=0.16;AFR_AF=0.02;AMR_AF=0.1;SAS_AF=0.07;VT=INDEL;NS=2548,GT,0|0,0|0,0|0,0|0,0|0,0|0,0|0,0|0,0|0,0|0,0|0,0|0,0|0,0|0,0|0,0|0,0|0,0|0,0|0,0|0,0|0,0|0,0|0,0|0,0|0,0|0,0|0,0|0,0|0,0|0,0|0,0|0,0|0,0|0,0|0,0|0,0|0,0|0,0|0,0|0,0|0,0|0,0|0,0|0,0|0,0|0,0|0,0|0,0|0,0|0,0|0,0|0,0|0,0|0,0|0,0|0,0|0,0|0,0|0,0|0,0|0,0|0,0|0,0|0,0|0,0|0,0|0,0|0,0|0,0|0,0|0,0|0,0|0,0|0,0|0,0|0,0|0,0|0,0|0,0|0,0|0,0|0,0|0,0|0,0|0,0|0,0|0,0|0,0|0,1|0,0|0,0|0,0|0,0|0,0|0,0|0,0|0,0|0,0|0
9,27559676,.,A,G,.,PASS,AC=824;AN=5096;DP=18874;AF=0.16;EAS_AF=0.12;EUR_AF=0.25;AFR_AF=0.11;AMR_AF=0.14;SAS_AF=0.2;VT=SNP;NS=2548,GT,0|0,0|0,0|0,1|0,0|0,0|1,0|0,0|1,1|0,0|0,0|0,1|0,0|0,0|0,0|0,0|0,0|1,0|0,0|0,1|0,0|1,0|0,0|0,0|0,0|0,0|1,0|1,0|0,0|0,0|0,0|1,0|0,0|0,1|1,0|0,0|0,0|0,0|0,1|0,0|0,1|0,0|0,0|0,0|0,1|1,0|1,1|0,0|0,1|0,1|0,0|0,0|0,0|1,0|0,0|0,0|0,0|0,0|0,0|0,0|0,0|0,0|0,0|0,0|0,0|0,0|0,0|0,0|0,1|0,0|0,0|0,0|1,0|1,0|0,0|0,0|0,1|0,0|1,0|1,0|0,0|0,0|0,0|0,0|0,0|0,0|1,0|0,0|0,0|1,0|0,0|1,0|0,1|0,0|0,0|0,0|0,0|0,0|0,0|0
9,27559723,.,T,C,.,PASS,AC=996;AN=5096;DP=17890;AF=0.2;EAS_AF=0.1;EUR_AF=0.25;AFR_AF=0.24;AMR_AF=0.16;SAS_AF=0.2;VT=SNP;NS=2548,GT,0|0,0|0,0|0,0|0,0|0,0|0,0|0,1|0,0|0,1|1,0|0,0|0,1|0,0|0,1|0,1|0,0|0,0|0,0|0,0|0,0|0,1|0,0|0,0|0,0|0,0|0,0|0,0|1,0|0,0|0,0|0,0|0,0|0,0|0,0|0,0|0,0|0,0|0,0|0,0|0,0|0,0|0,0|0,0|0,0|0,0|0,0|0,0|0,0|1,0|1,0|0,0|0,0|0,1|0,0|0,0|0,1|0,0|0,0|0,0|0,1|0,0|0,0|0,0|0,0|1,0|0,0|0,0|0,0|1,0|0,0|1,0|0,0|0,0|0,1|0,0|0,0|0,0|0,0|0,1|0,0|0,0|0,0|0,0|0,0|0,0|0,0|0,0|1,0|0,0|0,1|0,0|0,0|0,0|0,0|1,0|0,0|0,0|0,1|0
9,27559735,.,G,A,.,PASS,AC=2128;AN=5096;DP=17792;AF=0.42;EAS_AF=0.43;EUR_AF=0.48;AFR_AF=0.26;AMR_AF=0.45;SAS_AF=0.53;VT=SNP;NS=2548,GT,0|1,0|0,1|0,1|0,0|0,0|1,0|0,0|1,1|1,0|0,0|1,1|0,0|1,0|0,0|0,0|1,0|1,1|0,0|1,1|0,1|1,0|1,0|0,0|0,0|1,1|1,0|1,0|0,0|0,1|0,1|1,0|0,0|1,1|1,0|1,0|1,0|0,1|1,1|0,0|0,1|1,0|0,1|0,0|0,1|1,1|1,1|0,0|1,1|0,1|0,1|0,1|0,0|1,0|0,0|0,0|0,0|1,0|1,0|1,0|1,0|1,1|0,0|0,1|0,1|0,1|0,1|1,1|1,1|0,1|1,1|0,0|1,1|1,0|1,0|1,0|1,1|0,0|1,0|1,0|0,1|1,1|1,0|0,1|1,0|0,0|1,1|0,0|0,0|1,1|0,0|1,1|0,1|1,1|0,0|0,1|0,1|0,1|1,0|0
9,27559837,.,G,A,.,PASS,AC=855;AN=5096;DP=19677;AF=0.17;EAS_AF=0.09;EUR_AF=0.23;AFR_AF=0.19;AMR_AF=0.15;SAS_AF=0.16;VT=SNP;NS=2548,GT,0|0,0|0,0|0,0|0,0|0,0|0,0|0,1|0,0|0,1|1,0|0,0|0,1|0,0|0,1|0,1|0,0|0,0|0,0|0,0|0,0|0,1|0,0|0,0|0,0|0,0|0,0|0,0|1,0|0,0|0,0|0,0|0,0|0,0|0,0|0,0|0,0|0,0|0,0|0,0|0,0|0,0|0,0|0,0|0,0|0,0|0,0|0,0|0,0|1,0|1,0|0,0|0,0|0,1|0,0|0,0|0,1|0,0|0,0|0,0|0,1|0,0|0,0|0,0|0,0|1,0|0,0|0,0|0,0|1,0|0,0|1,0|0,0|0,0|0,1|0,0|0,0|0,0|0,0|0,1|0,0|0,0|0,0|0,0|0,0|0,0|0,0|0,0|1,0|0,0|0,1|0,0|0,0|0,0|0,0|1,0|0,0|0,0|0,1|0
9,27559939,.,T,C,.,PASS,AC=1411;AN=5096;DP=24857;AF=0.28;EAS_AF=0.31;EUR_AF=0.23;AFR_AF=0.22;AMR_AF=0.32;SAS_AF=0.33;VT=SNP;NS=2548,GT,0|1,0|0,1|0,0|0,0|0,0|0,0|0,0|0,0|1,0|0,0|1,0|0,0|1,0|0,0|0,0|1,0|0,1|0,0|1,0|0,1|0,0|1,0|0,0|0,0|1,1|0,0|0,0|0,0|0,1|0,1|0,0|0,0|1,0|0,0|1,0|1,0|0,1|1,0|0,0|0,0|1,0|0,1|0,0|0,0|0,1|0,0|0,0|1,0|0,0|0,1|0,1|0,0|0,0|0,0|0,0|0,0|1,0|1,0|1,0|1,0|1,1|0,0|0,1|0,1|0,1|0,1|1,1|1,0|0,1|1,1|0,0|0,1|0,0|1,0|1,0|1,0|0,0|0,0|0,0|0,1|1,1|1,0|0,1|1,0|0,0|0,1|0,0|0,0|0,1|0,0|0,1|0,0|1,1|0,0|0,1|0,1|0,1|1,0|0
9,27559999,.,T,A,.,PASS,AC=3217;AN=5096;DP=39603;AF=0.63;EAS_AF=0.52;EUR_AF=0.72;AFR_AF=0.61;AMR_AF=0.62;SAS_AF=0.69;VT=SNP;NS=2548,GT,0|1,0|0,1|0,1|0,0|0,0|1,0|0,1|1,1|1,1|1,0|1,1|0,1|1,0|0,1|0,1|1,0|1,1|0,0|1,1|0,1|1,1|1,0|0,0|0,0|1,1|1,0|1,0|1,0|0,1|0,1|1,0|0,0|1,1|1,0|1,0|1,0|0,1|1,1|0,0|0,1|1,0|0,1|0,0|0,1|1,1|1,1|0,0|1,1|1,1|1,1|0,1|0,0|1,1|0,0|0,0|0,1|1,0|1,0|1,0|1,1|1,1|0,0|0,1|0,1|1,1|0,1|1,1|1,1|1,1|1,1|1,0|1,1|1,0|1,1|1,0|1,1|0,0|1,0|1,1|0,1|1,1|1,0|0,1|1,0|0,0|1,1|0,0|1,0|1,1|0,1|1,1|0,1|1,1|0,0|1,1|0,1|0,1|1,1|0
9,27560283,.,A,G,.,PASS,AC=7;AN=5096;DP=292075;AF=0;EAS_AF=0.01;EUR_AF=0;AFR_AF=0;AMR_AF=0;SAS_AF=0;EX_TARGET;VT=SNP;NS=2548,GT,0|0,0|0,0|0,0|0,0|0,0|0,0|0,0|0,0|0,0|0,0|0,0|0,0|0,0|0,0|0,0|0,0|0,0|0,0|0,0|1,0|0,0|0,0|0,0|0,0|0,0|0,0|0,0|0,0|0,0|0,0|0,0|0,0|0,0|0,0|0,0|0,0|0,0|0,0|0,0|0,0|0,0|0,0|0,0|0,0|0,0|0,0|0,0|0,0|0,0|0,0|0,0|0,0|0,0|0,0|0,0|0,0|0,0|0,0|0,0|0,0|0,0|0,0|0,0|0,0|0,0|0,0|0,0|0,0|0,0|0,0|0,0|0,0|0,0|0,0|0,0|0,0|0,0|0,1|0,0|0,0|0,0|0,0|0,0|0,0|0,0|0,0|0,0|0,0|0,0|0,0|0,0|0,0|0,0|0,0|0,0|0,0|0,0|0,0|0
9,27560419,.,G,A,.,PASS,AC=820;AN=5096;DP=65958;AF=0.16;EAS_AF=0.12;EUR_AF=0.25;AFR_AF=0.11;AMR_AF=0.14;SAS_AF=0.19;VT=SNP;NS=2548,GT,0|0,0|0,0|0,1|0,0|0,0|1,0|0,0|1,1|0,0|0,0|0,1|0,0|0,0|0,0|0,0|0,0|1,0|0,0|0,1|0,0|1,0|0,0|0,0|0,0|0,0|1,0|1,0|0,0|0,0|0,0|1,0|0,0|0,1|1,0|0,0|0,0|0,0|0,1|0,0|0,1|0,0|0,0|0,0|0,1|1,0|1,1|0,0|0,1|0,1|0,0|0,0|0,0|1,0|0,0|0,0|0,0|0,0|0,0|0,0|0,0|0,0|0,0|0,0|0,0|0,0|0,0|0,0|0,1|0,0|0,0|0,0|1,0|1,0|0,0|0,0|0,1|0,0|1,0|1,0|0,0|0,0|0,0|0,0|0,0|0,0|1,0|0,0|0,0|1,0|0,0|1,0|0,1|0,0|0,0|0,0|0,0|0,0|0,0|0
9,27560529,.,A,G,.,PASS,AC=1;AN=5096;DP=27725;AF=0;EAS_AF=0;EUR_AF=0;AFR_AF=0;AMR_AF=0;SAS_AF=0;VT=SNP;NS=2548,GT,0|0,0|0,0|0,0|0,0|0,0|0,0|0,0|0,1|0,0|0,0|0,0|0,0|0,0|0,0|0,0|0,0|0,0|0,0|0,0|0,0|0,0|0,0|0,0|0,0|0,0|0,0|0,0|0,0|0,0|0,0|0,0|0,0|0,0|0,0|0,0|0,0|0,0|0,0|0,0|0,0|0,0|0,0|0,0|0,0|0,0|0,0|0,0|0,0|0,0|0,0|0,0|0,0|0,0|0,0|0,0|0,0|0,0|0,0|0,0|0,0|0,0|0,0|0,0|0,0|0,0|0,0|0,0|0,0|0,0|0,0|0,0|0,0|0,0|0,0|0,0|0,0|0,0|0,0|0,0|0,0|0,0|0,0|0,0|0,0|0,0|0,0|0,0|0,0|0,0|0,0|0,0|0,0|0,0|0,0|0,0|0,0|0,0|0,0|0
9,27560596,.,T,C,.,PASS,AC=2232;AN=5096;DP=20900;AF=0.44;EAS_AF=0.43;EUR_AF=0.48;AFR_AF=0.33;AMR_AF=0.46;SAS_AF=0.53;VT=SNP;NS=2548,GT,0|1,0|0,1|0,1|0,0|0,0|1,0|0,0|1,1|1,0|0,0|1,1|0,0|1,0|0,0|0,0|1,0|1,1|0,0|1,1|0,1|1,0|1,0|0,0|0,0|1,1|1,0|1,0|0,0|0,1|0,1|1,0|0,0|1,1|1,0|1,0|1,0|0,1|1,1|0,0|0,1|1,0|0,1|0,0|0,1|1,1|1,1|0,0|1,1|0,1|0,1|0,1|0,0|1,0|0,0|0,0|0,0|1,0|1,0|1,0|1,0|1,1|0,0|0,1|0,1|0,1|0,1|1,1|1,1|0,1|1,1|0,0|1,1|1,0|1,0|1,0|1,1|0,0|1,0|1,0|0,1|1,1|1,0|0,1|1,0|0,0|1,1|0,0|0,0|1,1|0,0|1,1|0,1|1,1|0,0|0,1|0,1|0,1|1,0|0
9,27560967,.,G,T,.,PASS,AC=1271;AN=5096;DP=20743;AF=0.25;EAS_AF=0.3;EUR_AF=0.22;AFR_AF=0.17;AMR_AF=0.3;SAS_AF=0.29;VT=SNP;NS=2548,GT,0|1,0|0,1|0,0|0,0|0,0|0,0|0,0|0,0|1,0|0,0|1,0|0,0|1,0|0,0|0,0|1,0|0,1|0,0|1,0|0,1|0,0|1,0|0,0|0,0|1,1|0,0|0,0|0,0|0,1|0,1|0,0|0,0|1,0|0,0|1,0|1,0|0,1|1,0|0,0|0,0|1,0|0,1|0,0|0,0|0,1|0,0|0,0|1,0|0,0|0,1|0,1|0,0|0,0|0,0|0,0|0,0|1,0|1,0|1,0|1,0|1,1|0,0|0,1|0,1|0,1|0,1|1,1|1,0|0,1|1,1|0,0|0,1|0,0|1,0|1,0|1,0|0,0|0,0|0,0|0,1|1,1|1,0|0,1|1,0|0,0|0,1|0,0|0,0|0,1|0,0|0,1|0,0|1,1|0,0|0,1|0,1|0,1|1,0|0
9,27561051,.,T,C,.,PASS,AC=997;AN=5096;DP=19940;AF=0.2;EAS_AF=0.09;EUR_AF=0.25;AFR_AF=0.25;AMR_AF=0.16;SAS_AF=0.2;VT=SNP;NS=2548,GT,0|0,0|0,0|0,0|0,0|0,0|0,0|0,1|0,0|0,1|1,0|0,0|0,1|0,0|0,1|0,1|0,0|0,0|0,0|0,0|0,0|0,1|0,0|0,0|0,0|0,0|0,0|0,0|1,0|0,0|0,0|0,0|0,0|0,0|0,0|0,0|0,0|0,0|0,0|0,0|0,0|0,0|0,0|0,0|0,0|0,0|0,0|0,0|0,0|1,0|1,0|0,0|0,0|0,1|0,0|0,0|0,1|0,0|0,0|0,0|0,1|0,0|0,0|0,0|0,0|1,0|0,0|0,0|0,0|1,0|0,0|1,0|0,0|0,0|0,1|0,0|0,0|0,0|0,0|0,1|0,0|0,0|0,0|0,0|0,0|0,0|0,0|0,0|1,0|0,0|0,1|0,0|0,0|0,0|0,0|1,0|0,0|0,0|0,1|0
9,27561467,.,A,ATGT,.,PASS,AC=5033;AN=5096;DP=76777;AF=0.99;EAS_AF=1;EUR_AF=1;AFR_AF=0.96;AMR_AF=1;SAS_AF=1;VT=INDEL;NS=2548,GT,1|1,1|1,1|1,1|1,1|1,1|1,1|1,1|1,1|1,1|1,1|1,1|1,1|1,1|1,1|1,1|1,1|1,1|1,1|1,1|1,1|1,1|1,1|1,1|1,1|1,1|1,1|1,1|1,1|1,1|1,1|1,1|1,1|1,1|1,1|1,1|1,1|1,1|1,1|1,1|1,1|1,1|1,1|1,1|1,1|1,1|1,1|1,1|1,1|1,1|1,1|1,1|1,1|1,1|1,1|1,1|1,1|1,1|1,1|1,1|1,1|1,1|1,1|1,1|1,1|1,1|1,1|1,1|1,1|1,1|1,1|1,1|1,1|1,1|1,1|1,1|1,1|1,1|1,1|1,1|1,1|1,1|1,1|1,1|1,1|1,1|1,1|1,1|1,1|1,1|1,1|1,1|1,1|1,1|1,1|1,1|1,1|1,1|1,1|1
9,27561630,.,T,C,.,PASS,AC=252;AN=5096;DP=217614;AF=0.05;EAS_AF=0;EUR_AF=0.11;AFR_AF=0.02;AMR_AF=0.07;SAS_AF=0.06;EX_TARGET;VT=SNP;NS=2548,GT,0|0,0|0,0|0,0|0,0|0,0|0,0|0,0|0,0|0,0|0,0|0,0|0,0|0,0|0,0|0,0|0,0|0,0|0,0|0,0|0,0|0,0|0,0|0,0|0,0|0,0|0,0|0,0|0,0|0,0|0,0|0,0|0,0|0,0|0,0|0,0|0,0|0,0|0,0|0,0|0,0|0,0|0,0|0,0|0,0|0,0|0,0|0,0|0,0|0,0|0,0|0,0|0,0|0,0|0,0|0,0|0,0|0,0|0,0|0,0|0,0|0,0|0,0|0,0|0,0|0,0|0,0|0,0|0,0|0,0|0,0|0,0|0,0|0,0|0,0|0,0|0,0|0,0|0,0|0,0|0,0|0,0|0,0|0,0|0,0|0,0|0,0|0,0|0,0|0,1|0,0|0,0|0,0|0,0|0,0|0,0|0,0|0,0|0,0|0
9,27561802,.,C,T,.,PASS,AC=859;AN=5096;DP=39717;AF=0.17;EAS_AF=0.09;EUR_AF=0.24;AFR_AF=0.19;AMR_AF=0.15;SAS_AF=0.16;VT=SNP;NS=2548,GT,0|0,0|0,0|0,0|0,0|0,0|0,0|0,1|0,0|0,1|1,0|0,0|0,1|0,0|0,1|0,1|0,0|0,0|0,0|0,0|0,0|0,1|0,0|0,0|0,0|0,0|0,0|0,0|1,0|0,0|0,0|0,0|0,0|0,0|0,0|0,0|0,0|0,0|0,0|0,0|0,0|0,0|0,0|0,0|0,0|0,0|0,0|0,0|0,0|1,0|1,0|0,0|0,0|0,1|0,0|0,0|0,1|0,0|0,0|0,0|0,1|0,0|0,0|0,0|0,0|1,0|0,0|0,0|0,0|1,0|0,0|1,0|0,0|0,0|0,1|0,0|0,0|0,0|0,0|0,1|0,0|0,0|0,0|0,0|0,0|0,0|0,0|0,0|1,0|0,0|0,1|0,0|0,0|0,0|0,0|1,0|0,0|0,0|0,1|0
9,27562080,.,A,G,.,PASS,AC=1321;AN=5096;DP=21680;AF=0.26;EAS_AF=0.31;EUR_AF=0.18;AFR_AF=0.22;AMR_AF=0.29;SAS_AF=0.32;VT=SNP;NS=2548,GT,0|1,0|0,1|0,0|0,0|0,0|0,0|0,0|0,0|1,0|0,0|1,0|0,0|1,0|0,0|0,0|1,0|0,1|0,0|1,0|0,1|0,0|1,0|0,0|0,0|1,1|0,0|0,0|0,0|0,1|0,1|0,0|0,0|1,0|0,0|1,0|1,0|0,1|1,0|0,0|0,0|1,0|0,1|0,0|0,0|0,1|0,0|0,0|1,0|0,0|0,1|0,1|0,0|0,0|0,0|0,0|0,0|1,0|1,0|1,0|1,0|1,1|0,0|0,1|0,1|0,1|0,1|1,1|1,0|0,1|1,1|0,0|0,1|0,0|1,0|1,0|1,0|0,0|0,0|0,0|0,1|1,1|1,0|0,1|1,0|0,0|0,1|0,0|0,0|0,1|0,0|0,1|0,0|1,1|0,0|0,1|0,1|0,1|1,0|0
9,27562235,.,T,C,.,PASS,AC=2043;AN=5096;DP=42563;AF=0.4;EAS_AF=0.43;EUR_AF=0.43;AFR_AF=0.25;AMR_AF=0.43;SAS_AF=0.52;VT=SNP;NS=2548,GT,0|1,0|0,1|0,1|0,0|0,0|1,0|0,0|1,1|1,0|0,0|1,1|0,0|1,0|0,0|0,0|1,0|1,1|0,0|1,1|0,1|1,0|1,0|0,0|0,0|1,1|1,0|1,0|0,0|0,1|0,1|1,0|0,0|1,1|1,0|1,0|1,0|0,1|1,1|0,0|0,1|1,0|0,1|0,0|0,1|1,1|1,1|0,0|1,1|0,1|0,1|0,1|0,0|1,0|0,0|0,0|0,0|1,0|1,0|1,0|1,0|1,1|0,0|0,1|0,1|0,1|0,1|1,1|1,1|0,1|1,1|0,0|1,1|1,0|1,0|1,0|1,1|0,0|1,0|0,0|0,1|1,1|1,0|0,1|1,0|0,0|1,1|0,0|0,0|1,1|0,0|1,1|0,1|1,1|0,0|0,1|0,1|0,1|1,0|0
9,27562276,.,A,G,.,PASS,AC=11;AN=5096;DP=51508;AF=0;EAS_AF=0.01;EUR_AF=0;AFR_AF=0;AMR_AF=0;SAS_AF=0;VT=SNP;NS=2548,GT,0|0,0|0,0|0,0|0,0|0,0|0,0|0,0|0,0|0,0|0,0|0,0|0,0|0,0|0,0|0,0|0,0|0,0|0,0|0,0|0,0|0,0|1,0|0,0|0,0|0,0|0,0|0,0|0,0|0,0|0,0|0,0|0,0|0,0|0,0|0,0|0,0|0,0|0,0|0,0|0,0|0,0|0,0|0,0|0,0|0,0|0,0|0,0|0,0|0,0|0,0|0,0|0,0|0,0|0,0|0,0|0,0|0,0|0,0|0,0|0,0|1,0|0,0|0,0|0,0|0,1|0,0|0,0|0,0|0,0|0,0|0,0|0,0|0,0|0,0|0,0|0,0|0,0|0,0|0,0|0,0|0,0|0,0|0,0|0,0|0,0|0,0|0,0|0,0|0,0|0,0|0,0|0,0|0,0|0,0|0,0|0,0|0,0|0,0|0
9,27562295,.,T,A,.,PASS,AC=2043;AN=5096;DP=60451;AF=0.4;EAS_AF=0.43;EUR_AF=0.43;AFR_AF=0.25;AMR_AF=0.43;SAS_AF=0.52;VT=SNP;NS=2548,GT,0|1,0|0,1|0,1|0,0|0,0|1,0|0,0|1,1|1,0|0,0|1,1|0,0|1,0|0,0|0,0|1,0|1,1|0,0|1,1|0,1|1,0|1,0|0,0|0,0|1,1|1,0|1,0|0,0|0,1|0,1|1,0|0,0|1,1|1,0|1,0|1,0|0,1|1,1|0,0|0,1|1,0|0,1|0,0|0,1|1,1|1,1|0,0|1,1|0,1|0,1|0,1|0,0|1,0|0,0|0,0|0,0|1,0|1,0|1,0|1,0|1,1|0,0|0,1|0,1|0,1|0,1|1,1|1,1|0,1|1,1|0,0|1,1|1,0|1,0|1,0|1,1|0,0|1,0|0,0|0,1|1,1|1,0|0,1|1,0|0,0|1,1|0,0|0,0|1,1|0,0|1,1|0,1|1,1|0,0|0,1|0,1|0,1|1,0|0
9,27562354,.,T,C,.,PASS,AC=5096;AN=5096;DP=175174;AF=1;EAS_AF=1;EUR_AF=1;AFR_AF=1;AMR_AF=1;SAS_AF=1;VT=SNP;NS=2548,GT,1|1,1|1,1|1,1|1,1|1,1|1,1|1,1|1,1|1,1|1,1|1,1|1,1|1,1|1,1|1,1|1,1|1,1|1,1|1,1|1,1|1,1|1,1|1,1|1,1|1,1|1,1|1,1|1,1|1,1|1,1|1,1|1,1|1,1|1,1|1,1|1,1|1,1|1,1|1,1|1,1|1,1|1,1|1,1|1,1|1,1|1,1|1,1|1,1|1,1|1,1|1,1|1,1|1,1|1,1|1,1|1,1|1,1|1,1|1,1|1,1|1,1|1,1|1,1|1,1|1,1|1,1|1,1|1,1|1,1|1,1|1,1|1,1|1,1|1,1|1,1|1,1|1,1|1,1|1,1|1,1|1,1|1,1|1,1|1,1|1,1|1,1|1,1|1,1|1,1|1,1|1,1|1,1|1,1|1,1|1,1|1,1|1,1|1,1|1
9,27562783,.,T,C,.,PASS,AC=2;AN=5096;DP=20211;AF=0;EAS_AF=0;EUR_AF=0;AFR_AF=0;AMR_AF=0;SAS_AF=0;VT=SNP;NS=2548,GT,0|0,0|0,0|0,0|0,0|0,0|0,0|0,0|0,0|0,0|0,0|0,0|0,0|0,0|0,0|0,0|0,0|0,0|0,0|0,0|0,0|0,0|0,0|0,0|0,0|0,0|0,0|0,0|0,0|0,0|0,0|0,0|0,0|0,1|0,0|0,0|0,0|0,0|0,0|0,0|0,0|0,0|0,0|0,0|0,0|0,0|0,0|0,0|0,0|0,0|0,0|0,0|0,0|0,0|0,0|0,0|0,0|0,0|0,0|0,0|0,0|0,0|0,0|0,0|0,0|0,0|0,0|0,0|0,0|0,0|0,0|0,0|0,0|0,0|0,0|0,0|0,0|0,0|0,0|0,0|0,0|0,0|0,0|0,0|0,0|0,0|0,0|0,0|0,0|0,0|0,0|0,0|0,0|0,0|0,0|0,0|0,0|0,0|0,0|0
9,27562883,.,T,C,.,PASS,AC=2144;AN=5096;DP=17417;AF=0.42;EAS_AF=0.43;EUR_AF=0.43;AFR_AF=0.33;AMR_AF=0.44;SAS_AF=0.52;VT=SNP;NS=2548,GT,0|1,0|0,1|0,1|0,0|0,0|1,0|0,0|1,1|1,0|0,0|1,1|0,0|1,0|0,0|0,0|1,0|1,1|0,0|1,1|0,1|1,0|1,0|0,0|0,0|1,1|1,0|1,0|0,0|0,1|0,1|1,0|0,0|1,1|1,0|1,0|1,0|0,1|1,1|0,0|0,1|1,0|0,1|0,0|0,1|1,1|1,1|0,0|1,1|0,1|0,1|0,1|0,0|1,0|0,0|0,0|0,0|1,0|1,0|1,0|1,0|1,1|0,0|0,1|0,1|0,1|0,1|1,1|1,1|0,1|1,1|0,0|1,1|1,0|1,0|1,0|1,1|0,0|1,0|0,0|0,1|1,1|1,0|0,1|1,0|0,0|1,1|0,0|0,0|1,1|0,0|1,1|0,1|1,1|0,0|0,1|0,1|0,1|1,0|0
9,27562938,.,G,T,.,PASS,AC=4;AN=5096;DP=18075;AF=0;EAS_AF=0;EUR_AF=0;AFR_AF=0;AMR_AF=0;SAS_AF=0;VT=SNP;NS=2548,GT,0|0,0|0,0|0,0|0,0|0,0|0,0|0,0|0,0|0,0|0,0|0,0|0,0|0,0|0,0|0,0|0,0|0,0|0,0|0,0|0,0|0,0|0,0|0,0|0,0|0,0|0,0|0,0|0,0|0,0|0,0|0,0|0,0|0,0|0,0|0,0|0,0|0,0|0,0|0,0|0,0|0,0|0,0|0,0|0,0|0,0|0,0|0,0|0,0|0,0|0,0|0,0|0,0|0,0|0,0|0,0|0,0|0,0|0,0|0,0|0,0|0,0|0,0|0,0|0,0|0,0|0,0|0,0|0,0|0,0|0,0|0,0|0,0|0,0|0,0|0,0|0,0|0,0|0,0|0,0|0,0|0,0|0,0|0,0|0,0|0,0|0,0|0,0|0,0|0,0|0,0|0,0|0,0|0,0|0,0|0,0|0,0|1,0|0,0|0
9,27563042,.,G,GTTAA,.,PASS,AC=4631;AN=5096;DP=16491;AF=0.91;EAS_AF=1;EUR_AF=1;AFR_AF=0.67;AMR_AF=0.97;SAS_AF=1;VT=INDEL;NS=2548,GT,1|1,1|1,1|1,1|1,1|1,1|1,1|1,1|1,1|1,1|1,1|1,1|1,1|1,1|1,1|1,1|1,1|1,1|1,1|1,1|1,1|1,1|1,1|1,1|1,1|1,1|1,1|1,1|1,1|1,1|1,1|1,1|1,1|1,1|1,1|1,1|1,1|1,1|1,1|1,1|1,1|1,1|1,1|1,1|1,1|1,1|1,1|1,1|1,1|1,1|1,1|1,1|1,1|1,1|1,1|1,1|1,1|1,1|1,1|1,1|1,1|1,1|1,1|1,1|1,1|1,1|1,1|1,1|1,1|1,1|1,1|1,1|1,1|1,1|1,1|1,1|1,1|1,1|1,1|1,1|1,1|1,1|1,1|1,1|1,1|1,1|1,1|1,1|1,1|1,1|1,1|1,1|1,1|1,1|1,1|1,1|1,1|1,1|1,1|1
9,27563757,.,A,C,.,PASS,AC=859;AN=5096;DP=18675;AF=0.17;EAS_AF=0.09;EUR_AF=0.23;AFR_AF=0.19;AMR_AF=0.15;SAS_AF=0.16;VT=SNP;NS=2548,GT,0|0,0|0,0|0,0|0,0|0,0|0,0|0,1|0,0|0,1|1,0|0,0|0,1|0,0|0,1|0,1|0,0|0,0|0,0|0,0|0,0|0,1|0,0|0,0|0,0|0,0|0,0|0,0|1,0|0,0|0,0|0,0|0,0|0,0|0,0|0,0|0,0|0,0|0,0|0,0|0,0|0,0|0,0|0,0|0,0|0,0|0,0|0,0|0,0|1,0|1,0|0,0|0,0|0,1|0,0|0,0|0,1|0,0|0,0|0,0|0,1|0,0|0,0|0,0|0,0|1,0|0,0|0,0|0,0|1,0|0,0|1,0|0,0|0,0|0,1|0,0|0,0|0,0|0,0|0,1|0,0|0,0|0,0|0,0|0,0|0,0|0,0|0,0|1,0|0,0|0,1|0,0|0,0|0,0|0,0|1,0|0,0|0,0|0,1|0
9,27563870,.,G,A,.,PASS,AC=856;AN=5096;DP=19380;AF=0.17;EAS_AF=0.09;EUR_AF=0.23;AFR_AF=0.19;AMR_AF=0.15;SAS_AF=0.16;VT=SNP;NS=2548,GT,0|0,0|0,0|0,0|0,0|0,0|0,0|0,1|0,0|0,1|1,0|0,0|0,1|0,0|0,1|0,1|0,0|0,0|0,0|0,0|0,0|0,1|0,0|0,0|0,0|0,0|0,0|0,0|1,0|0,0|0,0|0,0|0,0|0,0|0,0|0,0|0,0|0,0|0,0|0,0|0,0|0,0|0,0|0,0|0,0|0,0|0,0|0,0|0,0|1,0|1,0|0,0|0,0|0,1|0,0|0,0|0,1|0,0|0,0|0,0|0,1|0,0|0,0|0,0|0,0|1,0|0,0|0,0|0,0|1,0|0,0|1,0|0,0|0,0|0,1|0,0|0,0|0,0|0,0|0,1|0,0|0,0|0,0|0,0|0,0|0,0|0,0|0,0|1,0|0,0|0,1|0,0|0,0|0,0|0,0|1,0|0,0|0,0|0,1|0
9,27564010,.,A,G,.,PASS,AC=954;AN=5096;DP=18979;AF=0.19;EAS_AF=0.12;EUR_AF=0.25;AFR_AF=0.2;AMR_AF=0.15;SAS_AF=0.2;VT=SNP;NS=2548,GT,0|0,0|0,0|0,1|0,0|0,0|1,0|0,0|1,1|0,0|0,0|0,1|0,0|0,0|0,0|0,0|0,0|1,0|0,0|0,1|0,0|1,0|0,0|0,0|0,0|0,0|1,0|1,0|0,0|0,0|0,0|1,0|0,0|0,1|1,0|0,0|0,0|0,0|0,1|0,0|0,1|0,0|0,0|0,0|0,1|1,0|1,1|0,0|0,1|0,1|0,0|0,0|0,0|1,0|0,0|0,0|0,0|0,0|0,0|0,0|0,0|0,0|0,0|0,0|0,0|0,0|0,0|0,0|0,1|0,0|0,0|0,0|1,0|1,0|0,0|0,0|0,1|0,0|1,0|0,0|0,0|0,0|0,0|0,0|0,0|0,0|1,0|0,0|0,0|1,0|0,0|1,0|0,1|0,0|0,0|0,0|0,0|0,0|0,0|0
9,27564257,.,T,C,.,PASS,AC=827;AN=5096;DP=20023;AF=0.16;EAS_AF=0.12;EUR_AF=0.25;AFR_AF=0.11;AMR_AF=0.14;SAS_AF=0.2;VT=SNP;NS=2548,GT,0|0,0|0,0|0,1|0,0|0,0|1,0|0,0|1,1|0,0|0,0|0,1|0,0|0,0|0,0|0,0|0,0|1,0|0,0|0,1|0,0|1,0|0,0|0,0|0,0|0,0|1,0|1,0|0,0|0,0|0,0|1,0|0,0|0,1|1,0|0,0|0,0|0,0|0,1|0,0|0,1|0,0|0,0|0,0|0,1|1,0|1,1|0,0|0,1|0,1|0,0|0,0|0,0|1,0|0,0|0,0|0,0|0,0|0,0|0,0|0,0|0,0|0,0|0,0|0,0|0,0|0,0|0,0|0,1|0,0|0,0|0,0|1,0|1,0|0,0|0,0|0,1|0,0|1,0|0,0|0,0|0,0|0,0|0,0|0,0|0,0|1,0|0,0|0,0|1,0|0,0|1,0|0,1|0,0|0,0|0,0|0,0|0,0|0,0|0
9,27564340,.,T,C,.,PASS,AC=954;AN=5096;DP=18814;AF=0.19;EAS_AF=0.12;EUR_AF=0.25;AFR_AF=0.2;AMR_AF=0.15;SAS_AF=0.2;VT=SNP;NS=2548,GT,0|0,0|0,0|0,1|0,0|0,0|1,0|0,0|1,1|0,0|0,0|0,1|0,0|0,0|0,0|0,0|0,0|1,0|0,0|0,1|0,0|1,0|0,0|0,0|0,0|0,0|1,0|1,0|0,0|0,0|0,0|1,0|0,0|0,1|1,0|0,0|0,0|0,0|0,1|0,0|0,1|0,0|0,0|0,0|0,1|1,0|1,1|0,0|0,1|0,1|0,0|0,0|0,0|1,0|0,0|0,0|0,0|0,0|0,0|0,0|0,0|0,0|0,0|0,0|0,0|0,0|0,0|0,0|0,1|0,0|0,0|0,0|1,0|1,0|0,0|0,0|0,1|0,0|1,0|0,0|0,0|0,0|0,0|0,0|0,0|0,0|1,0|0,0|0,0|1,0|0,0|1,0|0,1|0,0|0,0|0,0|0,0|0,0|0,0|0
9,27564417,.,A,G,.,PASS,AC=954;AN=5096;DP=18436;AF=0.19;EAS_AF=0.12;EUR_AF=0.25;AFR_AF=0.2;AMR_AF=0.15;SAS_AF=0.2;VT=SNP;NS=2548,GT,0|0,0|0,0|0,1|0,0|0,0|1,0|0,0|1,1|0,0|0,0|0,1|0,0|0,0|0,0|0,0|0,0|1,0|0,0|0,1|0,0|1,0|0,0|0,0|0,0|0,0|1,0|1,0|0,0|0,0|0,0|1,0|0,0|0,1|1,0|0,0|0,0|0,0|0,1|0,0|0,1|0,0|0,0|0,0|0,1|1,0|1,1|0,0|0,1|0,1|0,0|0,0|0,0|1,0|0,0|0,0|0,0|0,0|0,0|0,0|0,0|0,0|0,0|0,0|0,0|0,0|0,0|0,0|0,1|0,0|0,0|0,0|1,0|1,0|0,0|0,0|0,1|0,0|1,0|0,0|0,0|0,0|0,0|0,0|0,0|0,0|1,0|0,0|0,0|1,0|0,0|1,0|0,1|0,0|0,0|0,0|0,0|0,0|0,0|0
9,27564423,.,T,C,.,PASS,AC=4693;AN=5096;DP=18333;AF=0.92;EAS_AF=1;EUR_AF=1;AFR_AF=0.71;AMR_AF=0.98;SAS_AF=1;VT=SNP;NS=2548,GT,1|1,1|1,1|1,1|1,1|1,1|1,1|1,1|1,1|1,1|1,1|1,1|1,1|1,1|1,1|1,1|1,1|1,1|1,1|1,1|1,1|1,1|1,1|1,1|1,1|1,1|1,1|1,1|1,1|1,1|1,1|1,1|1,1|1,1|1,1|1,1|1,1|1,1|1,1|1,1|1,1|1,1|1,1|1,1|1,1|1,1|1,1|1,1|1,1|1,1|1,1|1,1|1,1|1,1|1,1|1,1|1,1|1,1|1,1|1,1|1,1|1,1|1,1|1,1|1,1|1,1|1,1|1,1|1,1|1,1|1,1|1,1|1,1|1,1|1,1|1,1|1,1|1,1|1,1|1,1|1,1|1,1|1,1|1,1|1,1|1,1|1,1|1,1|1,1|1,1|1,1|1,1|1,1|1,1|1,1|1,1|1,1|1,1|1,1|1
9,27565016,.,G,T,.,PASS,AC=4;AN=5096;DP=20360;AF=0;EAS_AF=0;EUR_AF=0;AFR_AF=0;AMR_AF=0;SAS_AF=0;VT=SNP;NS=2548,GT,0|0,0|1,0|0,0|0,0|0,0|0,0|0,0|0,0|0,0|0,0|0,0|0,0|0,0|0,0|0,0|0,0|0,0|0,0|0,0|0,0|0,0|0,0|0,0|0,0|0,0|0,0|0,0|0,0|0,0|0,0|0,0|0,0|0,0|0,0|0,0|0,0|0,0|0,0|0,0|0,0|0,0|0,0|0,0|0,0|0,0|0,0|0,0|0,0|0,0|0,0|0,0|0,0|0,0|0,0|0,0|0,0|0,0|0,0|0,0|0,0|0,0|0,0|0,0|0,0|0,0|0,0|0,0|0,0|0,0|0,0|0,0|0,0|0,0|0,0|0,0|0,0|0,0|0,0|0,0|0,0|0,0|0,0|0,0|0,0|0,0|0,0|0,0|0,0|0,0|0,0|0,0|0,0|0,0|0,0|0,0|0,0|0,0|0,0|0
9,27565107,.,G,A,.,PASS,AC=2053;AN=5096;DP=21854;AF=0.4;EAS_AF=0.39;EUR_AF=0.42;AFR_AF=0.33;AMR_AF=0.43;SAS_AF=0.48;VT=SNP;NS=2548,GT,0|1,0|0,1|0,0|0,0|0,0|0,0|0,1|0,0|1,1|1,0|1,0|0,1|1,0|0,1|0,1|1,0|0,1|0,0|1,0|0,1|0,1|1,0|0,0|0,0|1,1|0,0|0,0|1,0|0,1|0,1|0,0|0,0|1,0|0,0|1,0|1,0|0,1|1,0|0,0|0,0|1,0|0,1|0,0|0,0|0,1|0,0|0,0|1,0|1,0|1,1|0,1|0,0|0,1|0,0|0,0|0,1|1,0|1,0|1,0|1,1|1,1|0,0|0,1|0,1|1,1|0,1|1,1|1,0|1,1|1,1|1,0|0,1|0,0|1,1|1,0|1,0|0,0|0,0|0,1|0,1|1,1|1,0|0,1|1,0|0,0|0,1|0,0|1,0|0,1|0,1|0,1|0,0|1,1|0,0|1,1|0,1|0,1|1,1|0
9,27565151,.,C,T,.,PASS,AC=1;AN=5096;DP=23499;AF=0;EAS_AF=0;EUR_AF=0;AFR_AF=0;AMR_AF=0;SAS_AF=0;VT=SNP;NS=2548,GT,0|1,0|0,0|0,0|0,0|0,0|0,0|0,0|0,0|0,0|0,0|0,0|0,0|0,0|0,0|0,0|0,0|0,0|0,0|0,0|0,0|0,0|0,0|0,0|0,0|0,0|0,0|0,0|0,0|0,0|0,0|0,0|0,0|0,0|0,0|0,0|0,0|0,0|0,0|0,0|0,0|0,0|0,0|0,0|0,0|0,0|0,0|0,0|0,0|0,0|0,0|0,0|0,0|0,0|0,0|0,0|0,0|0,0|0,0|0,0|0,0|0,0|0,0|0,0|0,0|0,0|0,0|0,0|0,0|0,0|0,0|0,0|0,0|0,0|0,0|0,0|0,0|0,0|0,0|0,0|0,0|0,0|0,0|0,0|0,0|0,0|0,0|0,0|0,0|0,0|0,0|0,0|0,0|0,0|0,0|0,0|0,0|0,0|0,0|0
9,27565153,.,C,T,.,PASS,AC=5040;AN=5096;DP=23483;AF=0.99;EAS_AF=1;EUR_AF=1;AFR_AF=0.96;AMR_AF=1;SAS_AF=1;VT=SNP;NS=2548,GT,1|1,1|1,1|1,1|1,1|1,1|1,1|1,1|1,1|1,1|1,1|1,1|1,1|1,1|1,1|1,1|1,1|1,1|1,1|1,1|1,1|1,1|1,1|1,1|1,1|1,1|1,1|1,1|1,1|1,1|1,1|1,1|1,1|1,1|1,1|1,1|1,1|1,1|1,1|1,1|1,1|1,1|1,1|1,1|1,1|1,1|1,1|1,1|1,1|1,1|1,1|1,1|1,1|1,1|1,1|1,1|1,1|1,1|1,1|1,1|1,1|1,1|1,1|1,1|1,1|1,1|1,1|1,1|1,1|1,1|1,1|1,1|1,1|1,1|1,1|1,1|1,1|1,1|1,1|1,1|1,1|1,1|1,1|1,1|1,1|1,1|1,1|1,1|1,1|1,1|1,1|1,1|1,1|1,1|1,1|1,1|1,1|1,1|1,1|1
9,27565220,.,AAG,A,.,PASS,AC=861;AN=5096;DP=26624;AF=0.17;EAS_AF=0.09;EUR_AF=0.23;AFR_AF=0.19;AMR_AF=0.15;SAS_AF=0.16;VT=INDEL;NS=2548,GT,0|0,0|0,0|0,0|0,0|0,0|0,0|0,1|0,0|0,1|1,0|0,0|0,1|0,0|0,1|0,1|0,0|0,0|0,0|0,0|0,0|0,1|0,0|0,0|0,0|0,0|0,0|0,0|1,0|0,0|0,0|0,0|0,0|0,0|0,0|0,0|0,0|0,0|0,0|0,0|0,0|0,0|0,0|0,0|0,0|0,0|0,0|0,0|0,0|1,0|1,0|0,0|0,0|0,1|0,0|0,0|0,1|0,0|0,0|0,0|0,1|0,0|0,0|0,0|0,0|1,0|0,0|0,0|0,0|1,0|0,0|1,0|0,0|0,0|0,1|0,0|0,0|0,0|0,0|0,1|0,0|0,0|0,0|0,0|0,0|0,0|0,0|0,0|1,0|0,0|0,1|0,0|0,0|0,0|0,0|1,0|0,0|0,0|0,1|0
9,27565246,.,T,G,.,PASS,AC=826;AN=5096;DP=31484;AF=0.16;EAS_AF=0.12;EUR_AF=0.25;AFR_AF=0.11;AMR_AF=0.14;SAS_AF=0.2;VT=SNP;NS=2548,GT,0|0,0|0,0|0,1|0,0|0,0|1,0|0,0|1,1|0,0|0,0|0,1|0,0|0,0|0,0|0,0|0,0|1,0|0,0|0,1|0,0|1,0|0,0|0,0|0,0|0,0|1,0|1,0|0,0|0,0|0,0|1,0|0,0|0,1|1,0|0,0|0,0|0,0|0,1|0,0|0,1|0,0|0,0|0,0|0,1|1,0|1,1|0,0|0,1|0,1|0,0|0,0|0,0|1,0|0,0|0,0|0,0|0,0|0,0|0,0|0,0|0,0|0,0|0,0|0,0|0,0|0,0|0,0|0,1|0,0|0,0|0,0|1,0|1,0|0,0|0,0|0,1|0,0|1,0|0,0|0,0|0,0|0,0|0,0|0,0|0,0|1,0|0,0|0,0|1,0|0,0|1,0|0,1|0,0|0,0|0,0|0,0|0,0|0,0|0
9,27565280,.,T,A,.,PASS,AC=35;AN=5096;DP=41655;AF=0.01;EAS_AF=0.03;EUR_AF=0;AFR_AF=0;AMR_AF=0;SAS_AF=0;VT=SNP;NS=2548,GT,0|0,0|0,0|0,0|0,0|0,0|0,0|0,0|0,0|0,0|0,0|0,0|0,0|0,0|0,0|0,0|0,0|0,0|0,0|0,0|0,0|0,0|0,0|0,0|0,0|0,0|0,0|0,0|0,0|0,0|0,0|0,0|0,0|0,0|0,0|0,0|0,0|0,0|0,0|0,0|0,0|0,0|0,1|0,0|0,0|0,1|0,0|0,0|0,0|0,0|0,0|0,0|0,0|0,0|0,0|0,0|0,0|0,0|0,0|0,0|0,0|0,0|0,0|0,0|0,0|0,0|0,0|1,0|0,0|0,0|0,0|0,0|0,0|0,0|0,0|0,0|0,0|0,0|0,0|0,0|0,0|0,0|0,0|0,0|0,0|0,0|0,0|0,0|0,0|0,0|0,0|0,0|0,0|0,0|0,0|0,0|0,0|0,0|1,0|0
9,27565294,.,A,T,.,PASS,AC=965;AN=5096;DP=46050;AF=0.19;EAS_AF=0.13;EUR_AF=0.27;AFR_AF=0.16;AMR_AF=0.15;SAS_AF=0.23;VT=SNP;NS=2548,GT,0|0,0|0,0|0,1|0,0|0,0|1,0|0,0|1,1|0,0|0,0|0,1|0,0|0,0|0,0|0,0|0,0|1,0|0,0|0,1|0,0|1,0|0,0|0,0|0,0|0,0|1,0|1,0|0,0|0,0|0,0|1,0|0,0|0,1|1,0|0,0|0,0|0,0|0,1|0,0|0,1|0,0|0,0|0,0|0,1|1,0|1,1|0,0|0,1|0,1|0,0|0,0|0,0|1,0|0,0|0,0|0,0|0,0|0,0|0,0|0,0|0,0|0,0|0,0|0,0|0,0|0,0|0,0|0,1|0,0|0,0|0,0|1,0|1,0|0,0|0,0|0,1|0,0|1,0|0,0|0,0|0,0|0,0|0,0|0,0|0,0|1,0|0,0|0,0|1,0|0,0|1,0|0,1|0,0|0,0|0,0|0,0|0,0|0,0|0
9,27565302,.,G,A,.,PASS,AC=2792;AN=5096;DP=49819;AF=0.55;EAS_AF=0.78;EUR_AF=0.5;AFR_AF=0.3;AMR_AF=0.67;SAS_AF=0.61;VT=SNP;NS=2548,GT,1|1,1|1,1|1,0|1,1|1,1|0,1|1,0|0,0|1,0|0,1|1,0|1,0|1,1|1,0|1,0|1,1|0,1|1,1|1,0|1,1|0,0|1,1|1,1|1,1|1,1|0,1|0,1|0,1|1,1|1,1|0,1|1,1|1,0|0,1|1,1|1,1|1,1|1,0|1,1|1,0|1,1|1,1|1,1|1,0|0,1|0,0|1,1|1,0|0,0|0,1|1,1|1,1|0,0|1,1|1,1|1,0|1,1|1,1|1,1|1,0|1,1|1,1|1,1|1,1|0,1|1,1|1,1|1,0|0,1|1,1|0,1|0,1|0,1|1,0|1,1|1,0|1,1|0,1|1,0|1,1|1,1|1,1|1,1|1,1|1,1|0,1|1,1|0,1|0,1|1,0|0,1|1,0|1,1|1,1|0,1|1,1|1,1|1,0|1
9,27565573,.,G,A,.,PASS,AC=6;AN=5096;DP=343483;AF=0;EAS_AF=0.01;EUR_AF=0;AFR_AF=0;AMR_AF=0;SAS_AF=0;EX_TARGET;VT=SNP;NS=2548,GT,0|0,0|0,0|0,0|0,0|0,0|0,0|0,0|0,0|0,0|0,0|0,0|0,0|0,0|0,0|1,0|0,1|0,0|0,0|0,0|0,0|0,0|0,0|0,0|0,0|0,0|0,0|0,0|0,0|0,0|0,0|0,0|0,0|0,0|0,0|0,0|0,0|0,0|0,0|0,0|0,0|0,0|0,0|0,0|0,0|0,0|0,0|0,0|0,0|0,0|0,0|0,0|0,0|0,0|0,0|0,0|0,0|0,0|0,0|0,0|0,0|0,0|0,0|0,0|0,0|0,0|0,0|0,0|0,0|0,0|0,0|0,0|0,0|0,0|0,0|0,0|0,0|0,0|0,0|0,0|0,0|0,0|0,0|0,0|0,0|0,0|0,0|0,0|0,0|0,0|0,0|0,0|0,0|0,0|0,0|0,0|0,0|0,0|0,0|0
9,27565716,.,A,C,.,PASS,AC=824;AN=5096;DP=81487;AF=0.16;EAS_AF=0.12;EUR_AF=0.25;AFR_AF=0.11;AMR_AF=0.14;SAS_AF=0.2;VT=SNP;NS=2548,GT,0|0,0|0,0|0,1|0,0|0,0|1,0|0,0|1,1|0,0|0,0|0,1|0,0|0,0|0,0|0,0|0,0|1,0|0,0|0,1|0,0|1,0|0,0|0,0|0,0|0,0|1,0|1,0|0,0|0,0|0,0|1,0|0,0|0,1|1,0|0,0|0,0|0,0|0,1|0,0|0,1|0,0|0,0|0,0|0,1|1,0|1,1|0,0|0,1|0,1|0,0|0,0|0,0|1,0|0,0|0,0|0,0|0,0|0,0|0,0|0,0|0,0|0,0|0,0|0,0|0,0|0,0|0,0|0,1|0,0|0,0|0,0|1,0|1,0|0,0|0,0|0,1|0,0|1,0|0,0|0,0|0,0|0,0|0,0|0,0|0,0|1,0|0,0|0,0|1,0|0,0|1,0|0,1|0,0|0,0|0,0|0,0|0,0|0,0|0
9,27565938,.,C,T,.,PASS,AC=1417;AN=5096;DP=21442;AF=0.28;EAS_AF=0.47;EUR_AF=0.28;AFR_AF=0.06;AMR_AF=0.35;SAS_AF=0.31;VT=SNP;NS=2548,GT,1|0,1|1,0|1,0|1,1|1,1|0,0|1,0|0,0|0,0|0,1|0,0|1,0|0,1|1,0|1,0|0,1|0,0|0,1|0,0|1,0|0,0|0,1|1,1|1,1|0,0|0,1|0,1|0,1|1,0|1,0|0,1|1,1|0,0|0,1|0,1|0,1|1,0|0,0|1,1|1,0|0,1|1,0|1,1|1,0|0,0|0,0|1,1|0,0|0,0|0,0|1,0|1,1|0,0|1,1|1,1|1,0|0,1|0,1|0,1|0,0|0,0|1,1|1,0|1,0|0,0|1,0|0,0|0,0|0,0|0,0|0,1|0,0|0,1|0,0|0,1|0,0|1,1|0,1|1,0|1,0|0,0|0,1|1,0|0,1|1,1|0,0|1,1|0,1|0,0|1,0|0,0|1,0|0,0|1,1|0,0|1,0|1,0|0,0|1
9,27566143,.,G,C,.,PASS,AC=2851;AN=5096;DP=18478;AF=0.56;EAS_AF=0.78;EUR_AF=0.51;AFR_AF=0.31;AMR_AF=0.67;SAS_AF=0.64;VT=SNP;NS=2548,GT,1|1,1|1,1|1,0|1,1|1,1|0,1|1,0|0,0|1,0|0,1|1,0|1,0|1,1|1,0|1,0|1,1|0,1|1,1|1,0|1,1|0,0|1,1|1,1|1,1|1,1|0,1|0,1|0,1|1,1|1,1|0,1|1,1|1,0|0,1|1,1|1,1|1,1|1,0|1,1|1,0|1,1|1,1|1,1|1,0|0,1|0,0|1,1|1,0|0,0|0,1|1,1|1,1|0,0|1,1|1,1|1,0|1,1|1,1|1,1|1,0|1,1|1,1|1,1|1,1|0,1|1,1|1,1|1,0|0,1|1,1|0,1|0,1|0,1|1,0|1,1|1,0|1,1|0,1|1,0|1,1|1,1|1,1|1,1|1,1|1,1|0,1|1,1|0,1|0,1|1,0|0,1|1,0|1,1|1,1|0,1|1,1|1,1|1,0|1
9,27566397,.,G,C,.,PASS,AC=1;AN=5096;DP=26476;AF=0;EAS_AF=0;EUR_AF=0;AFR_AF=0;AMR_AF=0;SAS_AF=0;VT=SNP;NS=2548,GT,0|0,0|0,0|0,0|0,0|0,0|0,0|0,0|0,0|0,0|0,0|0,0|0,0|0,0|0,0|0,0|0,0|0,0|0,0|0,0|0,0|0,0|0,0|0,0|0,0|0,0|0,0|0,0|0,0|0,0|0,0|0,0|0,0|0,0|0,0|0,0|0,0|0,0|0,0|0,0|0,0|0,0|0,0|0,0|0,0|0,0|0,0|0,0|0,0|0,0|0,0|0,0|0,0|0,0|0,0|0,0|0,0|0,0|0,0|0,0|0,0|0,0|0,0|0,0|0,0|1,0|0,0|0,0|0,0|0,0|0,0|0,0|0,0|0,0|0,0|0,0|0,0|0,0|0,0|0,0|0,0|0,0|0,0|0,0|0,0|0,0|0,0|0,0|0,0|0,0|0,0|0,0|0,0|0,0|0,0|0,0|0,0|0,0|0,0|0
9,27567147,.,C,T,.,PASS,AC=861;AN=5096;DP=147316;AF=0.17;EAS_AF=0.12;EUR_AF=0.25;AFR_AF=0.13;AMR_AF=0.15;SAS_AF=0.19;VT=SNP;NS=2548,GT,0|0,0|0,0|0,1|0,0|0,0|1,0|0,0|1,1|0,0|0,0|0,1|0,0|0,0|0,0|0,0|0,0|1,0|0,0|0,1|0,0|1,0|0,0|0,0|0,0|0,0|1,0|1,0|0,0|0,0|0,0|1,0|0,0|0,1|1,0|0,0|0,0|0,0|0,1|0,0|0,1|0,0|0,0|0,0|0,1|1,0|1,1|0,0|0,1|0,1|0,0|0,0|0,0|1,0|0,0|0,0|0,0|0,0|0,0|0,0|0,0|0,0|0,0|0,0|0,0|0,0|0,0|0,0|0,1|0,0|0,0|0,0|1,0|1,0|0,0|0,0|0,1|0,0|1,0|0,0|0,0|0,0|0,0|0,0|0,0|0,0|1,0|0,0|0,0|1,0|0,0|1,0|0,1|0,0|0,0|0,0|0,0|0,0|0,0|0
9,27567610,.,G,A,.,PASS,AC=862;AN=5096;DP=23668;AF=0.17;EAS_AF=0.12;EUR_AF=0.25;AFR_AF=0.13;AMR_AF=0.15;SAS_AF=0.19;VT=SNP;NS=2548,GT,0|0,0|0,0|0,1|0,0|0,0|1,0|0,0|1,1|0,0|0,0|0,1|0,0|0,0|0,0|0,0|0,0|1,0|0,0|0,1|0,0|1,0|0,0|0,0|0,0|0,0|1,0|1,0|0,0|0,0|0,0|1,0|0,0|0,1|1,0|0,0|0,0|0,0|0,1|0,0|0,1|0,0|0,0|0,0|0,1|1,0|1,1|0,0|0,1|0,1|0,0|0,0|0,0|1,0|0,0|0,0|0,0|0,0|0,0|0,0|0,0|0,0|0,0|0,0|0,0|0,0|0,0|0,0|0,1|0,0|0,0|0,0|1,0|1,0|0,0|0,0|0,1|0,0|1,0|0,0|0,0|0,0|0,0|0,0|0,0|0,0|1,0|0,0|0,0|1,0|0,0|1,0|0,1|0,0|0,0|0,0|0,0|0,0|0,0|0
9,27567637,.,G,T,.,PASS,AC=2197;AN=5096;DP=24503;AF=0.43;EAS_AF=0.67;EUR_AF=0.44;AFR_AF=0.1;AMR_AF=0.61;SAS_AF=0.5;VT=SNP;NS=2548,GT,1|1,1|1,0|1,0|1,1|1,1|0,1|1,0|0,0|1,0|0,1|1,0|1,0|0,1|1,0|1,0|1,1|0,1|1,1|1,0|1,1|0,0|0,1|1,1|1,1|0,0|0,1|0,1|0,1|1,1|1,1|0,1|1,1|0,0|0,1|1,1|1,1|1,0|1,0|1,1|1,0|0,1|1,1|1,1|1,0|0,1|0,0|1,1|1,0|0,0|0,1|1,1|1,1|0,0|1,1|1,1|1,0|0,1|1,1|1,1|0,0|0,0|1,1|1,1|1,1|0,0|1,0|1,0|1,0|0,1|0,1|0,1|0,0|0,1|1,0|0,1|1,0|1,1|0,1|1,0|1,0|1,0|0,1|1,1|1,1|1,1|0,1|1,1|0,1|0,1|1,0|0,1|1,0|1,0|1,1|0,1|1,0|1,1|1,0|1
9,27567681,.,G,C,.,PASS,AC=4;AN=5096;DP=23942;AF=0;EAS_AF=0;EUR_AF=0;AFR_AF=0;AMR_AF=0;SAS_AF=0;VT=SNP;NS=2548,GT,0|0,0|0,0|0,0|0,0|0,0|0,0|0,0|0,0|0,0|0,0|0,0|0,0|0,0|0,0|0,0|0,0|0,0|0,0|0,0|0,0|0,1|0,0|0,0|0,0|0,0|0,0|0,0|0,0|0,0|0,0|0,0|0,0|0,0|0,0|0,0|0,0|0,0|0,0|0,0|0,0|0,0|0,0|0,0|0,0|0,0|0,0|0,0|0,0|0,0|0,0|0,0|0,0|0,0|0,0|0,0|0,0|0,0|0,0|0,0|0,1|0,0|0,0|0,0|0,0|0,0|0,0|0,0|0,0|0,0|0,0|0,0|0,0|0,0|0,0|0,0|0,0|0,0|0,0|0,0|0,0|0,0|0,0|0,0|0,0|0,0|0,0|0,0|0,0|0,0|0,0|0,0|0,0|0,0|0,0|0,0|0,0|0,0|0,0|0
9,27567691,.,T,C,.,PASS,AC=2;AN=5096;DP=23629;AF=0;EAS_AF=0;EUR_AF=0;AFR_AF=0;AMR_AF=0;SAS_AF=0;VT=SNP;NS=2548,GT,0|0,0|0,0|0,0|0,0|0,0|0,0|0,0|0,0|0,0|0,0|0,0|0,0|0,0|0,0|0,0|0,0|0,0|0,0|0,0|0,0|0,0|0,0|0,0|0,0|0,0|0,0|0,0|0,0|0,0|0,0|0,0|0,0|0,0|0,0|0,0|0,0|0,0|0,0|0,0|0,0|0,0|0,0|0,0|0,0|0,0|0,0|0,0|0,0|0,0|0,0|0,0|0,0|0,0|0,1|0,0|0,0|0,0|0,0|0,0|0,0|0,0|0,0|0,0|0,0|0,0|0,0|0,0|0,0|0,0|0,0|0,0|0,0|0,0|0,0|0,0|0,0|0,0|0,0|0,0|0,0|0,0|0,0|0,0|0,0|0,0|0,0|0,0|0,0|0,0|0,0|0,0|0,0|0,0|0,0|0,0|0,0|0,0|0,0|0
9,27567740,.,A,G,.,PASS,AC=2;AN=5096;DP=23343;AF=0;EAS_AF=0;EUR_AF=0;AFR_AF=0;AMR_AF=0;SAS_AF=0;VT=SNP;NS=2548,GT,0|0,0|0,0|0,0|0,0|0,0|0,0|1,0|0,0|0,0|0,0|0,0|0,0|0,0|0,0|0,0|0,0|0,0|0,0|0,0|0,0|0,0|0,0|0,0|0,0|0,0|0,0|0,0|0,0|0,0|0,0|0,0|0,0|0,0|0,0|0,0|0,0|0,0|0,0|0,0|0,0|0,0|0,0|0,0|0,0|0,0|0,0|0,0|0,0|0,0|0,0|0,0|0,0|0,0|0,0|0,0|0,0|0,0|0,0|0,0|0,0|0,0|0,0|0,0|0,0|0,0|0,0|0,0|0,0|0,0|0,0|0,0|0,0|0,0|0,0|0,0|0,0|0,0|0,0|0,0|0,0|0,0|0,0|0,0|0,0|0,0|0,0|0,0|0,0|0,0|0,0|0,0|0,0|0,0|0,0|0,0|0,0|0,0|0,0|0
9,27567937,.,C,A,.,PASS,AC=861;AN=5096;DP=21983;AF=0.17;EAS_AF=0.12;EUR_AF=0.25;AFR_AF=0.13;AMR_AF=0.15;SAS_AF=0.19;VT=SNP;NS=2548,GT,0|0,0|0,0|0,1|0,0|0,0|1,0|0,0|1,1|0,0|0,0|0,1|0,0|0,0|0,0|0,0|0,0|1,0|0,0|0,1|0,0|1,0|0,0|0,0|0,0|0,0|1,0|1,0|0,0|0,0|0,0|1,0|0,0|0,1|1,0|0,0|0,0|0,0|0,1|0,0|0,1|0,0|0,0|0,0|0,1|1,0|1,1|0,0|0,1|0,1|0,0|0,0|0,0|1,0|0,0|0,0|0,0|0,0|0,0|0,0|0,0|0,0|0,0|0,0|0,0|0,0|0,0|0,0|0,1|0,0|0,0|0,0|1,0|1,0|0,0|0,0|0,1|0,0|1,0|0,0|0,0|0,0|0,0|0,0|0,0|0,0|1,0|0,0|0,0|1,0|0,0|1,0|0,1|0,0|0,0|0,0|0,0|0,0|0,0|0
9,27568180,.,C,G,.,PASS,AC=864;AN=5096;DP=20828;AF=0.17;EAS_AF=0.12;EUR_AF=0.25;AFR_AF=0.14;AMR_AF=0.15;SAS_AF=0.2;VT=SNP;NS=2548,GT,0|0,0|0,0|0,1|0,0|0,0|1,0|0,0|1,1|0,0|0,0|0,1|0,0|0,0|0,0|0,0|0,0|1,0|0,0|0,1|0,0|1,0|0,0|0,0|0,0|0,0|1,0|1,0|0,0|0,0|0,0|1,0|0,0|0,1|1,0|0,0|0,0|0,0|0,1|0,0|0,1|0,0|0,0|0,0|0,1|1,0|1,1|0,0|0,1|0,1|0,0|0,0|0,0|1,0|0,0|0,0|0,0|0,0|0,0|0,0|0,0|0,0|0,0|0,0|0,0|0,0|0,0|0,0|0,1|0,0|0,0|0,0|1,0|1,0|0,0|0,0|0,1|0,0|1,0|0,0|0,0|0,0|0,0|0,0|0,0|0,0|1,0|0,0|0,0|1,0|0,0|1,0|0,1|0,0|0,0|0,0|0,0|0,0|0,0|0
9,27568435,.,C,T,.,PASS,AC=1;AN=5096;DP=22441;AF=0;EAS_AF=0;EUR_AF=0;AFR_AF=0;AMR_AF=0;SAS_AF=0;VT=SNP;NS=2548,GT,0|0,0|0,0|0,0|0,0|0,0|0,0|0,0|0,0|0,0|0,0|0,0|0,0|0,0|0,0|0,0|0,0|0,0|0,0|0,0|0,0|0,0|0,0|0,0|0,0|0,0|0,0|0,0|0,0|0,0|0,0|0,0|0,0|0,0|0,0|0,0|0,0|0,0|0,0|0,0|0,0|0,0|0,0|0,0|0,0|0,0|0,0|0,0|0,0|0,0|0,0|0,0|0,0|0,0|0,0|0,0|0,1|0,0|0,0|0,0|0,0|0,0|0,0|0,0|0,0|0,0|0,0|0,0|0,0|0,0|0,0|0,0|0,0|0,0|0,0|0,0|0,0|0,0|0,0|0,0|0,0|0,0|0,0|0,0|0,0|0,0|0,0|0,0|0,0|0,0|0,0|0,0|0,0|0,0|0,0|0,0|0,0|0,0|0,0|0
9,27568568,.,TAC,T,.,PASS,AC=359;AN=5096;DP=22811;AF=0.07;EAS_AF=0.11;EUR_AF=0.05;AFR_AF=0.05;AMR_AF=0.04;SAS_AF=0.11;VT=INDEL;NS=2548,GT,0|0,0|0,1|0,0|0,0|0,0|0,0|0,0|0,0|0,0|0,0|0,0|0,0|1,0|0,0|0,0|0,0|0,0|0,0|0,0|0,0|0,0|1,0|0,0|0,0|1,1|0,0|0,0|0,0|0,0|0,0|0,0|0,0|1,0|0,0|0,0|0,0|0,1|0,0|0,0|0,0|1,0|0,0|0,0|0,0|0,0|0,0|0,0|0,0|0,0|0,0|0,0|0,0|0,0|0,0|0,0|0,0|1,0|0,0|0,0|1,0|1,1|0,0|0,0|0,0|0,1|0,1|0,1|0,0|0,0|1,0|0,0|0,1|0,0|0,0|1,0|0,0|0,0|0,0|0,0|0,1|0,1|1,0|0,0|0,0|0,0|0,0|0,0|0,0|0,0|0,0|0,0|0,0|0,1|0,0|0,0|0,1|0,0|0,0|0
9,27568606,.,A,G,.,PASS,AC=240;AN=5096;DP=23639;AF=0.05;EAS_AF=0;EUR_AF=0.11;AFR_AF=0.01;AMR_AF=0.07;SAS_AF=0.06;VT=SNP;NS=2548,GT,0|0,0|0,0|0,0|0,0|0,0|0,0|0,0|0,0|0,0|0,0|0,0|0,0|0,0|0,0|0,0|0,0|0,0|0,0|0,0|0,0|0,0|0,0|0,0|0,0|0,0|0,0|0,0|0,0|0,0|0,0|0,0|0,0|0,0|0,0|0,0|0,0|0,0|0,0|0,0|0,0|0,0|0,0|0,0|0,0|0,0|0,0|0,0|0,0|0,0|0,0|0,0|0,0|0,0|0,0|0,0|0,0|0,0|0,0|0,0|0,0|0,0|0,0|0,0|0,0|0,0|0,0|0,0|0,0|0,0|0,0|0,0|0,0|0,0|0,0|0,0|0,0|0,0|0,0|0,0|0,0|0,0|0,0|0,0|0,0|0,0|0,0|0,0|0,0|0,1|0,0|0,0|0,0|0,0|0,0|0,0|0,0|0,0|0,0|0
9,27568772,.,A,G,.,PASS,AC=5038;AN=5096;DP=22501;AF=0.99;EAS_AF=1;EUR_AF=1;AFR_AF=0.96;AMR_AF=1;SAS_AF=1;VT=SNP;NS=2548,GT,1|1,1|1,1|1,1|1,1|1,1|1,1|1,1|1,1|1,1|1,1|1,1|1,1|1,1|1,1|1,1|1,1|1,1|1,1|1,1|1,1|1,1|1,1|1,1|1,1|1,1|1,1|1,1|1,1|1,1|1,1|1,1|1,1|1,1|1,1|1,1|1,1|1,1|1,1|1,1|1,1|1,1|1,1|1,1|1,1|1,1|1,1|1,1|1,1|1,1|1,1|1,1|1,1|1,1|1,1|1,1|1,1|1,1|1,1|1,1|1,1|1,1|1,1|1,1|1,1|1,1|1,1|1,1|1,1|1,1|1,1|1,1|1,1|1,1|1,1|1,1|1,1|1,1|1,1|1,1|1,1|1,1|1,1|1,1|1,1|1,1|1,1|1,1|1,1|1,1|1,1|1,1|1,1|1,1|1,1|1,1|1,1|1,1|1,1|1
9,27568819,.,A,G,.,PASS,AC=699;AN=5096;DP=19986;AF=0.14;EAS_AF=0.09;EUR_AF=0.24;AFR_AF=0.07;AMR_AF=0.14;SAS_AF=0.16;VT=SNP;NS=2548,GT,0|0,0|0,0|0,0|0,0|0,0|0,0|0,1|0,0|0,1|1,0|0,0|0,1|0,0|0,1|0,1|0,0|0,0|0,0|0,0|0,0|0,1|0,0|0,0|0,0|0,0|0,0|0,0|1,0|0,0|0,0|0,0|0,0|0,0|0,0|0,0|0,0|0,0|0,0|0,0|0,0|0,0|0,0|0,0|0,0|0,0|0,0|0,0|0,0|1,0|1,0|0,0|0,0|0,1|0,0|0,0|0,1|0,0|0,0|0,0|0,1|0,0|0,0|0,0|0,0|1,0|0,0|0,0|0,0|1,0|0,0|1,0|0,0|0,0|0,1|0,0|0,0|0,0|0,0|0,1|0,0|0,0|0,0|0,0|0,0|0,0|0,0|0,0|1,0|0,0|0,1|0,0|0,0|0,0|0,0|1,0|0,0|0,0|0,1|0
9,27568969,.,G,A,.,PASS,AC=240;AN=5096;DP=17167;AF=0.05;EAS_AF=0;EUR_AF=0.11;AFR_AF=0.01;AMR_AF=0.07;SAS_AF=0.06;VT=SNP;NS=2548,GT,0|0,0|0,0|0,0|0,0|0,0|0,0|0,0|0,0|0,0|0,0|0,0|0,0|0,0|0,0|0,0|0,0|0,0|0,0|0,0|0,0|0,0|0,0|0,0|0,0|0,0|0,0|0,0|0,0|0,0|0,0|0,0|0,0|0,0|0,0|0,0|0,0|0,0|0,0|0,0|0,0|0,0|0,0|0,0|0,0|0,0|0,0|0,0|0,0|0,0|0,0|0,0|0,0|0,0|0,0|0,0|0,0|0,0|0,0|0,0|0,0|0,0|0,0|0,0|0,0|0,0|0,0|0,0|0,0|0,0|0,0|0,0|0,0|0,0|0,0|0,0|0,0|0,0|0,0|0,0|0,0|0,0|0,0|0,0|0,0|0,0|0,0|0,0|0,0|0,1|0,0|0,0|0,0|0,0|0,0|0,0|0,0|0,0|0,0|0
9,27569190,.,T,C,.,PASS,AC=2194;AN=5096;DP=16055;AF=0.43;EAS_AF=0.67;EUR_AF=0.44;AFR_AF=0.1;AMR_AF=0.61;SAS_AF=0.5;VT=SNP;NS=2548,GT,1|1,1|1,0|1,0|1,1|1,1|0,1|1,0|0,0|1,0|0,1|1,0|1,0|0,1|1,0|1,0|1,1|0,1|1,1|1,0|1,1|0,0|0,1|1,1|1,1|0,0|0,1|0,1|0,1|1,1|1,1|0,1|1,1|0,0|0,1|1,1|1,1|1,0|1,0|1,1|1,0|0,1|1,1|1,1|1,0|0,1|0,0|1,1|1,0|0,0|0,1|1,1|1,1|0,0|1,1|1,1|1,0|0,1|1,1|1,1|0,0|0,0|1,1|1,1|1,1|0,0|1,0|1,0|1,0|0,1|0,1|0,1|0,0|0,1|1,0|0,1|1,0|1,1|0,1|0,0|1,0|1,0|0,1|1,1|1,1|1,1|0,1|1,1|0,1|0,1|1,0|0,1|1,0|1,0|1,1|0,1|1,0|1,1|1,0|1
9,27569238,.,A,G,.,PASS,AC=13;AN=5096;DP=15947;AF=0;EAS_AF=0.01;EUR_AF=0;AFR_AF=0;AMR_AF=0;SAS_AF=0;VT=SNP;NS=2548,GT,0|0,0|0,0|0,0|0,1|0,0|0,0|0,0|0,0|0,0|0,0|0,0|0,0|0,0|0,0|0,0|0,0|0,0|0,0|0,0|0,0|0,0|0,0|0,0|0,0|0,0|0,0|0,0|0,0|0,0|0,0|0,0|0,0|0,0|0,0|0,0|0,0|0,0|0,0|0,0|0,0|0,0|0,0|0,0|0,0|0,0|0,0|0,0|0,0|0,0|0,0|0,0|0,0|0,0|0,0|0,0|0,0|0,0|0,1|0,0|0,0|0,0|0,0|0,0|0,0|0,0|0,0|0,0|0,0|0,0|0,0|0,0|0,0|0,0|0,0|0,0|0,0|0,0|0,0|0,0|0,0|0,0|0,0|0,0|0,0|0,0|0,0|0,0|0,0|0,0|0,0|0,0|0,0|0,0|0,0|0,0|0,0|0,0|0,0|0
9,27569509,.,CTATAG,C,.,PASS,AC=23;AN=5096;DP=22403;AF=0;EAS_AF=0.02;EUR_AF=0;AFR_AF=0;AMR_AF=0;SAS_AF=0;VT=INDEL;NS=2548,GT,0|0,0|0,0|0,0|0,0|0,0|0,0|0,0|0,0|0,0|0,0|0,0|0,0|0,0|0,0|0,0|0,0|1,0|0,0|0,0|0,0|0,0|0,0|0,0|0,0|0,0|0,0|0,0|0,0|0,0|0,0|0,0|0,0|0,0|0,0|0,0|0,0|0,0|0,0|0,0|0,0|0,0|0,0|0,0|0,0|0,0|0,0|0,0|0,1|0,0|0,0|0,0|0,0|0,0|0,0|0,0|0,0|0,0|0,0|0,0|0,0|0,0|0,0|0,0|0,0|0,0|0,0|0,0|0,0|0,0|0,0|0,0|0,0|0,0|0,0|0,0|0,0|0,0|1,0|0,0|0,0|0,0|0,0|0,0|0,0|0,0|1,0|0,0|0,0|0,0|0,0|1,0|0,0|0,0|0,0|0,0|0,0|0,0|0,0|0
9,27569574,.,C,T,.,PASS,AC=2190;AN=5096;DP=22397;AF=0.43;EAS_AF=0.67;EUR_AF=0.44;AFR_AF=0.1;AMR_AF=0.61;SAS_AF=0.49;VT=SNP;NS=2548,GT,1|1,1|1,0|1,0|1,1|1,1|0,1|1,0|0,0|1,0|0,1|1,0|1,0|0,1|1,0|1,0|1,1|0,1|1,1|1,0|1,1|0,0|0,1|1,1|1,1|0,0|0,1|0,1|0,1|1,1|1,1|0,1|1,1|0,0|0,1|1,1|1,1|1,0|1,0|1,1|1,0|0,1|1,1|1,1|1,0|0,1|0,0|1,1|1,0|0,0|0,1|1,1|1,1|0,0|1,1|1,1|1,0|0,1|1,1|1,1|0,0|0,0|1,1|1,1|1,1|0,0|1,0|1,0|1,0|0,1|0,1|0,1|0,0|0,1|1,0|0,1|1,0|1,1|0,1|0,0|1,0|1,0|0,1|1,1|1,1|1,1|0,1|1,1|0,1|0,1|1,0|0,1|1,0|1,0|1,1|0,1|1,0|1,1|1,0|1
9,27570053,.,A,G,.,PASS,AC=455;AN=5096;DP=21248;AF=0.09;EAS_AF=0.15;EUR_AF=0.06;AFR_AF=0.01;AMR_AF=0.14;SAS_AF=0.12;VT=SNP;NS=2548,GT,1|0,0|1,0|0,0|0,1|0,0|0,0|1,0|0,0|0,0|0,1|0,0|1,0|0,0|0,0|0,0|0,0|0,0|1,0|0,0|0,0|0,0|0,0|0,1|1,1|0,0|0,0|0,1|0,0|0,0|0,0|0,0|0,1|0,0|0,0|0,1|0,0|0,0|0,0|0,1|1,0|0,1|0,0|0,0|0,0|0,0|0,0|1,0|0,0|0,0|0,0|1,0|0,0|0,0|0,0|0,0|0,0|0,0|0,1|0,0|0,0|0,0|1,0|0,0|1,0|0,0|0,0|0,0|0,0|0,0|0,0|0,1|0,0|0,0|0,0|0,0|0,0|0,0|0,0|0,0|0,0|0,0|0,1|1,0|0,1|0,0|0,0|1,0|0,0|0,0|0,0|0,0|0,0|0,0|0,1|0,0|0,0|0,0|0,0|0
9,27570156,.,A,G,.,PASS,AC=4676;AN=5096;DP=19675;AF=0.92;EAS_AF=0.89;EUR_AF=0.95;AFR_AF=0.91;AMR_AF=0.96;SAS_AF=0.89;VT=SNP;NS=2548,GT,1|1,1|1,0|1,1|1,1|1,1|1,1|1,1|1,1|1,1|1,1|1,1|1,1|0,1|1,1|1,1|1,1|1,1|1,1|1,1|1,1|1,1|0,1|1,1|1,1|0,0|1,1|1,1|1,1|1,1|1,1|1,1|1,1|0,1|1,1|1,1|1,1|1,0|1,1|1,1|1,1|0,1|1,1|1,1|1,1|1,1|1,1|1,1|1,1|1,1|1,1|1,1|1,1|1,1|1,1|1,1|1,1|0,1|1,1|1,1|0,1|0,0|1,1|1,1|1,1|1,0|1,0|1,0|1,1|1,1|0,1|1,1|1,1|1,1|1,1|0,1|1,1|1,1|1,1|1,1|1,0|1,0|0,1|1,1|1,1|1,1|1,1|1,1|1,1|1,1|1,1|1,1|1,1|1,0|1,1|1,1|1,0|1,1|1,1|1
9,27570350,.,C,T,.,PASS,AC=3337;AN=5096;DP=17770;AF=0.65;EAS_AF=0.77;EUR_AF=0.7;AFR_AF=0.44;AMR_AF=0.78;SAS_AF=0.7;VT=SNP;NS=2548,GT,1|1,1|1,0|1,0|1,1|1,1|0,1|1,1|0,0|1,1|1,1|1,0|1,1|0,1|1,1|1,1|1,1|0,1|1,1|1,0|1,1|0,1|0,1|1,1|1,1|0,0|0,1|0,1|1,1|1,1|1,1|0,1|1,1|0,0|0,1|1,1|1,1|1,0|1,0|1,1|1,0|0,1|1,1|1,1|1,0|0,1|0,0|1,1|1,0|1,0|1,1|1,1|1,1|0,1|1,1|1,1|1,1|0,1|1,1|1,1|0,1|0,0|1,1|1,1|1,1|1,0|1,0|1,0|1,0|1,1|0,1|1,1|0,1|0,1|1,1|0,1|1,0|1,1|0,1|0,1|1,0|1,0|0,1|1,1|1,1|1,1|0,1|1,1|1,1|0,1|1,1|0,1|1,0|1,0|1,1|1,1|1,0|1,1|1,1|1
9,27570875,.,A,C,.,PASS,AC=79;AN=5096;DP=21067;AF=0.02;EAS_AF=0.01;EUR_AF=0.02;AFR_AF=0.02;AMR_AF=0.02;SAS_AF=0.01;VT=SNP;NS=2548,GT,0|0,0|0,0|0,0|0,0|0,0|0,0|0,0|0,0|0,0|0,0|0,0|0,0|0,0|0,0|0,0|0,0|0,0|0,0|0,0|0,0|0,0|0,0|0,0|0,0|0,0|0,0|0,0|0,0|0,0|0,0|0,0|0,0|0,0|0,0|0,0|0,0|0,0|0,0|0,0|0,0|0,0|0,0|0,0|0,0|0,0|0,0|0,0|0,0|0,0|0,0|0,0|0,0|0,0|0,0|0,0|0,0|0,0|0,0|0,0|0,0|0,0|0,0|0,0|0,0|0,0|0,0|0,0|0,0|0,0|0,0|0,0|0,0|0,0|0,0|0,0|0,0|0,0|0,0|0,0|0,0|0,0|0,0|0,0|0,0|0,0|0,0|0,0|0,0|0,0|0,0|0,0|0,0|0,0|0,0|1,0|0,0|0,0|0,0|0
9,27570875,.,A,AAAAC,.,PASS,AC=988;AN=5096;DP=21067;AF=0.19;EAS_AF=0.09;EUR_AF=0.24;AFR_AF=0.28;AMR_AF=0.16;SAS_AF=0.17;VT=INDEL;NS=2548,GT,0|0,0|0,0|0,0|0,0|0,0|0,0|0,1|0,0|0,1|1,0|0,0|0,1|0,0|0,1|0,1|0,0|0,0|0,0|0,0|0,0|0,1|0,0|0,0|0,0|0,0|0,0|0,0|1,0|0,0|0,0|0,0|0,0|0,0|0,0|0,0|0,0|0,0|0,0|0,0|0,0|0,0|0,0|0,0|0,0|0,0|0,0|0,0|0,0|1,0|1,0|0,0|0,0|0,1|0,0|0,0|0,1|0,0|0,0|0,0|0,1|0,0|0,0|0,0|0,0|1,0|0,0|0,0|0,0|1,0|0,0|1,0|0,0|0,0|0,1|0,0|0,0|0,0|0,0|0,1|0,0|0,0|0,0|0,0|0,0|0,0|0,0|0,0|1,0|0,0|0,1|0,0|0,0|0,0|0,0|1,0|0,0|0,0|0,1|0
9,27571460,.,C,A,.,PASS,AC=2190;AN=5096;DP=22292;AF=0.43;EAS_AF=0.67;EUR_AF=0.44;AFR_AF=0.1;AMR_AF=0.61;SAS_AF=0.49;VT=SNP;NS=2548,GT,1|1,1|1,0|1,0|1,1|1,1|0,1|1,0|0,0|1,0|0,1|1,0|1,0|0,1|1,0|1,0|1,1|0,1|1,1|1,0|1,1|0,0|0,1|1,1|1,1|0,0|0,1|0,1|0,1|1,1|1,1|0,1|1,1|0,0|0,1|1,1|1,1|1,0|1,0|1,1|1,0|0,1|1,1|1,1|1,0|0,1|0,0|1,1|1,0|0,0|0,1|1,1|1,1|0,0|1,1|1,1|1,0|0,1|1,1|1,1|0,0|0,0|1,1|1,1|1,1|0,0|1,0|1,0|1,0|0,1|0,1|0,1|0,0|0,1|1,0|0,1|1,0|1,1|0,1|0,0|1,0|1,0|0,1|1,1|1,1|1,1|0,1|1,1|0,1|0,1|1,0|0,1|1,0|1,0|1,1|0,1|1,0|1,1|1,0|1
9,27571696,.,C,T,.,PASS,AC=3;AN=5096;DP=23937;AF=0;EAS_AF=0;EUR_AF=0;AFR_AF=0;AMR_AF=0;SAS_AF=0;VT=SNP;NS=2548,GT,0|0,0|0,0|0,0|0,0|0,0|0,0|0,0|0,0|0,0|0,0|0,0|0,0|0,0|0,0|0,0|0,0|0,0|0,0|0,0|0,0|0,0|0,0|0,0|0,0|0,0|0,0|0,0|0,0|0,0|0,0|0,0|0,0|0,0|0,0|1,0|0,0|0,0|0,0|0,0|0,0|0,0|0,0|0,0|0,0|0,0|0,0|0,0|0,0|0,0|0,0|0,0|0,0|0,0|0,0|0,0|0,0|0,0|0,0|0,0|0,0|0,0|0,0|0,0|0,0|0,0|0,0|0,0|0,0|0,0|0,0|0,0|0,0|0,0|0,0|0,0|0,0|0,0|0,0|0,0|0,0|1,0|0,0|0,0|0,0|0,0|0,0|0,0|0,0|0,0|0,0|0,0|0,0|0,0|0,0|0,0|0,0|0,0|0,0|0
9,27571825,.,C,T,.,PASS,AC=7;AN=5096;DP=24332;AF=0;EAS_AF=0.01;EUR_AF=0;AFR_AF=0;AMR_AF=0;SAS_AF=0;VT=SNP;NS=2548,GT,0|0,0|0,0|0,0|0,0|0,0|0,0|0,0|0,0|0,0|0,0|0,0|0,0|0,0|0,0|0,0|0,0|0,0|0,0|0,1|0,0|0,0|0,0|0,0|0,0|0,0|0,0|0,0|0,0|0,0|0,0|0,0|0,0|0,0|0,0|0,0|0,0|0,0|0,0|0,0|0,0|0,0|0,0|0,0|0,1|0,0|0,0|0,0|0,0|0,0|0,0|0,0|0,0|0,0|0,0|0,0|0,0|0,0|0,0|0,0|0,0|0,0|0,0|0,0|0,0|0,0|0,0|0,0|0,0|0,0|0,0|0,0|0,0|1,0|0,0|0,0|0,0|0,0|0,0|0,0|0,0|0,0|0,0|0,0|0,0|0,0|0,0|0,0|0,0|0,0|0,0|0,0|0,0|0,0|0,0|0,0|0,0|0,0|0,0|0
9,27571897,.,C,T,.,PASS,AC=12;AN=5096;DP=23047;AF=0;EAS_AF=0.01;EUR_AF=0;AFR_AF=0;AMR_AF=0;SAS_AF=0;VT=SNP;NS=2548,GT,0|0,0|0,0|0,0|0,0|0,0|0,0|0,0|0,0|0,0|0,0|0,0|0,0|0,0|0,0|0,0|0,0|0,0|0,0|0,0|0,0|0,0|0,0|0,0|0,0|0,0|0,0|0,0|0,0|0,0|0,0|0,0|0,0|0,0|0,0|0,0|0,0|0,0|0,0|0,0|0,0|0,0|0,0|0,0|0,0|0,0|0,0|0,0|0,0|0,0|0,0|0,0|0,0|0,0|0,0|0,0|0,0|0,0|0,0|0,0|0,0|0,0|0,0|0,0|0,0|0,0|0,0|0,0|0,0|0,0|0,0|0,0|0,0|0,0|0,0|0,0|0,0|0,0|0,0|0,0|0,0|0,0|0,0|1,0|0,0|0,0|0,0|0,0|0,0|0,0|0,0|0,0|0,0|0,0|0,0|0,0|0,0|0,0|0,0|0
9,27571949,.,C,G,.,PASS,AC=25;AN=5096;DP=23386;AF=0;EAS_AF=0.02;EUR_AF=0;AFR_AF=0;AMR_AF=0;SAS_AF=0;VT=SNP;NS=2548,GT,0|0,0|0,0|0,0|0,0|0,0|0,0|0,0|0,0|0,0|0,0|0,0|0,1|0,0|0,0|0,0|0,0|0,0|0,0|0,0|0,0|0,1|0,0|0,0|0,0|0,0|0,0|0,0|1,0|0,0|0,0|0,0|0,0|0,0|0,0|0,0|0,0|0,0|0,0|0,0|0,0|0,0|0,0|0,0|0,0|0,0|0,0|0,0|0,0|1,0|1,0|0,0|0,0|0,1|0,0|0,0|0,0|0,0|0,0|0,0|0,1|0,0|0,0|0,0|0,0|0,0|0,0|0,0|0,0|0,0|0,0|0,0|0,0|0,0|0,0|0,0|0,0|0,0|0,0|0,1|0,0|0,0|0,0|0,0|0,0|0,0|0,0|0,0|0,0|0,0|0,0|0,0|0,0|0,0|0,0|0,0|0,0|0,0|0,0|0
9,27572104,.,T,C,.,PASS,AC=3;AN=5096;DP=23732;AF=0;EAS_AF=0;EUR_AF=0;AFR_AF=0;AMR_AF=0;SAS_AF=0;VT=SNP;NS=2548,GT,0|0,0|0,0|0,0|0,0|0,0|0,0|0,1|0,0|0,0|0,0|0,0|0,0|0,0|0,0|0,0|0,0|0,0|0,0|0,0|0,0|0,0|0,0|0,0|0,0|0,0|0,0|0,0|0,0|0,0|0,0|0,0|0,0|0,0|0,0|0,0|0,0|0,0|0,0|0,0|0,0|0,0|0,0|0,0|0,0|0,0|0,0|0,0|0,0|0,0|0,0|0,0|0,0|0,0|0,0|0,0|0,0|0,0|0,0|0,0|0,0|0,0|0,0|0,0|0,0|0,0|0,0|0,0|0,0|0,0|0,0|0,0|0,0|0,0|0,0|0,0|0,0|0,0|0,0|0,0|0,0|0,0|0,0|0,0|0,0|0,0|0,0|0,0|1,0|0,0|0,0|0,0|0,0|0,0|0,0|0,0|0,0|0,0|0,0|0
9,27572257,.,C,A,.,PASS,AC=2202;AN=5096;DP=22346;AF=0.43;EAS_AF=0.67;EUR_AF=0.44;AFR_AF=0.1;AMR_AF=0.61;SAS_AF=0.5;VT=SNP;NS=2548,GT,1|1,1|1,0|1,0|1,1|1,1|0,1|1,0|0,0|1,0|0,1|1,0|1,0|0,1|1,0|1,0|1,1|0,1|1,1|1,0|1,1|0,0|0,1|1,1|1,1|0,0|0,1|0,1|0,1|1,1|1,1|0,1|1,1|0,0|0,1|1,1|1,1|1,0|1,0|1,1|1,0|0,1|1,1|1,1|1,0|0,1|0,0|1,1|1,0|0,0|0,1|1,1|1,1|0,0|1,1|1,1|1,0|0,1|1,1|1,1|0,0|0,0|1,1|1,1|1,1|0,0|1,0|1,0|1,0|0,1|0,1|0,1|0,1|0,1|1,0|0,1|1,0|1,1|0,1|0,0|1,0|1,0|0,1|1,1|1,1|1,1|0,1|1,1|0,1|0,1|1,0|0,1|1,0|1,0|1,1|0,1|1,0|1,1|1,0|1
9,27572463,.,C,CTT,.,PASS,AC=1059;AN=5096;DP=22960;AF=0.21;EAS_AF=0.09;EUR_AF=0.24;AFR_AF=0.3;AMR_AF=0.16;SAS_AF=0.2;VT=INDEL;NS=2548,GT,0|0,0|0,0|0,0|0,0|0,0|0,0|0,1|0,0|0,1|1,0|0,0|0,1|0,0|0,1|0,1|0,0|0,0|0,0|0,0|0,0|0,1|0,0|0,0|0,0|0,0|0,0|0,0|1,0|0,0|0,0|0,0|0,0|0,0|0,0|0,0|0,0|0,0|0,0|0,0|0,0|0,0|0,0|0,0|0,0|0,0|0,0|0,0|0,0|1,0|1,0|0,0|0,0|0,1|0,0|0,0|0,1|0,0|0,0|0,0|0,1|0,0|0,0|0,0|0,0|1,0|0,0|0,0|0,0|1,0|0,0|1,0|0,0|0,0|0,1|0,0|0,0|0,0|0,0|0,1|0,0|0,0|0,0|0,0|0,0|0,0|0,0|0,0|1,0|0,0|0,1|0,0|0,0|0,0|0,0|1,0|0,0|0,0|0,1|0
9,27572476,.,G,T,.,PASS,AC=4;AN=5096;DP=22085;AF=0;EAS_AF=0;EUR_AF=0;AFR_AF=0;AMR_AF=0;SAS_AF=0;VT=SNP;NS=2548,GT,0|0,0|0,0|0,0|0,0|0,0|0,0|0,0|0,0|0,0|0,0|0,0|0,0|0,0|0,0|0,0|0,0|0,0|0,0|0,0|0,0|0,0|0,0|0,0|0,0|0,0|0,0|0,0|0,0|0,0|0,0|0,0|0,0|0,1|0,0|0,0|0,0|0,0|0,0|0,0|0,0|0,0|0,0|0,0|0,0|0,0|0,0|0,0|0,0|0,0|0,0|0,0|0,0|0,0|0,0|0,0|0,0|0,0|0,0|0,0|0,0|0,0|0,0|0,0|0,0|0,0|0,0|0,0|0,0|0,0|0,0|0,0|0,0|0,0|0,0|0,0|0,0|0,0|0,0|0,0|0,0|0,0|0,0|0,0|0,0|0,0|0,0|0,0|0,0|0,0|0,0|0,0|0,0|0,0|0,0|0,0|0,0|0,0|0,0|0
9,27572636,.,C,T,.,PASS,AC=1418;AN=5096;DP=21702;AF=0.28;EAS_AF=0.48;EUR_AF=0.28;AFR_AF=0.06;AMR_AF=0.35;SAS_AF=0.31;VT=SNP;NS=2548,GT,1|0,1|1,0|1,0|1,1|1,1|0,0|1,0|0,0|0,0|0,1|0,0|1,0|0,1|1,0|1,0|0,1|0,0|1,1|0,0|1,0|0,0|0,1|1,1|1,1|0,0|0,1|0,1|0,1|1,0|1,0|0,1|1,1|0,0|0,1|0,1|0,1|1,0|0,0|1,1|1,0|0,1|1,0|1,1|1,0|0,0|0,0|1,1|0,0|0,0|0,0|1,0|1,1|0,0|1,1|1,1|1,0|0,1|0,1|0,1|0,0|0,0|1,1|1,0|1,0|0,0|1,0|0,0|0,0|0,0|0,0|0,1|0,1|0,1|0,0|0,1|0,0|1,1|0,1|0,0|1,0|0,0|0,1|1,0|0,1|1,1|0,0|1,1|0,1|0,0|1,0|0,0|1,0|0,0|1,1|0,0|1,0|1,0|0,0|1
9,27573156,.,G,C,.,PASS,AC=5;AN=5096;DP=13314;AF=0;EAS_AF=0;EUR_AF=0;AFR_AF=0;AMR_AF=0;SAS_AF=0;VT=SNP;NS=2548,GT,0|0,0|0,0|0,0|0,0|0,0|0,0|0,0|0,0|0,0|0,0|0,0|0,0|0,0|0,0|0,0|0,0|0,0|0,0|0,0|0,0|0,0|0,0|0,0|0,0|0,0|0,0|0,0|0,0|0,0|0,0|0,0|0,0|1,0|0,0|0,0|0,0|0,0|0,0|0,0|0,0|0,0|0,0|0,0|0,0|0,0|0,0|0,0|0,0|0,0|0,0|0,0|0,0|0,0|0,0|0,0|0,0|0,0|0,0|0,0|0,0|0,0|0,0|0,0|0,0|0,0|0,0|0,0|0,0|0,0|0,0|0,0|0,0|0,0|0,0|0,0|0,0|0,0|0,0|0,0|0,1|0,0|0,0|0,0|0,0|0,0|0,0|0,0|0,0|0,0|0,0|0,0|0,0|0,0|0,0|0,0|0,0|0,0|0,0|0
9,27573215,.,C,T,.,PASS,AC=335;AN=5096;DP=12321;AF=0.07;EAS_AF=0;EUR_AF=0.16;AFR_AF=0.02;AMR_AF=0.1;SAS_AF=0.07;VT=SNP;NS=2548,GT,0|0,0|0,0|0,0|0,0|0,0|0,0|0,0|0,0|0,0|0,0|0,0|0,0|0,0|0,0|0,0|0,0|0,0|0,0|0,0|0,0|0,0|0,0|0,0|0,0|0,0|0,0|0,0|0,0|0,0|0,0|0,0|0,0|0,0|0,0|0,0|0,0|0,0|0,0|0,0|0,0|0,0|0,0|0,0|0,0|0,0|0,0|0,0|0,0|0,0|0,0|0,0|0,0|0,0|0,0|0,0|0,0|0,0|0,0|0,0|0,0|0,0|0,0|0,0|0,0|0,0|0,0|0,0|0,0|0,0|0,0|0,0|0,0|0,0|0,0|0,0|0,0|0,0|0,0|0,0|0,0|0,0|0,0|0,0|0,0|0,0|0,0|0,0|0,0|0,1|0,0|0,0|0,0|0,0|0,0|0,0|0,0|0,0|0,0|0
9,27573242,.,C,T,.,PASS,AC=6;AN=5096;DP=13294;AF=0;EAS_AF=0.01;EUR_AF=0;AFR_AF=0;AMR_AF=0;SAS_AF=0;VT=SNP;NS=2548,GT,0|0,0|0,0|0,0|0,0|0,0|0,0|0,0|0,0|0,0|0,0|0,0|0,0|0,0|0,0|0,0|0,0|0,0|0,0|0,0|0,0|0,0|1,0|0,0|0,0|0,0|0,0|0,0|0,0|0,0|0,0|0,0|0,0|0,0|0,0|0,0|0,0|0,0|0,0|0,0|0,0|0,0|0,0|0,0|0,0|0,0|0,0|0,0|0,0|0,0|0,0|0,0|0,0|0,0|0,0|0,0|0,0|0,0|0,0|0,0|0,0|0,0|0,0|0,0|0,0|0,1|0,0|0,0|0,0|0,0|0,0|0,0|0,0|0,0|0,0|0,0|0,0|0,0|0,0|0,0|0,0|0,0|0,0|0,0|0,0|0,0|0,0|0,0|0,0|0,0|0,0|0,0|0,0|0,0|0,0|0,0|0,0|0,0|0,0|0
9,27573441,.,C,G,.,PASS,AC=3;AN=5096;DP=6078;AF=0;EAS_AF=0;EUR_AF=0;AFR_AF=0;AMR_AF=0;SAS_AF=0;VT=SNP;NS=2548,GT,0|0,0|0,0|0,0|0,0|0,0|0,0|0,0|0,0|0,0|0,0|0,0|0,0|0,0|0,0|0,0|0,0|0,0|0,0|0,0|0,0|0,0|0,0|0,0|0,0|0,0|0,0|1,0|0,0|0,0|0,0|0,0|0,0|0,0|0,0|0,0|0,0|0,0|0,0|0,0|0,0|0,0|0,0|0,0|0,0|0,0|0,0|0,0|0,0|0,0|0,0|0,0|0,0|0,0|0,0|0,0|0,0|0,0|0,0|0,0|0,0|0,0|0,0|0,0|0,0|0,0|0,0|0,0|0,0|0,0|0,0|0,0|0,0|0,0|0,0|0,0|0,0|0,0|0,0|0,0|0,0|0,0|0,0|0,0|0,0|0,0|0,0|0,0|0,0|0,0|0,0|0,0|0,0|0,0|0,0|0,0|0,0|0,0|0,0|0
9,27573523,.,CGCCCCG,C,.,PASS,AC=3150;AN=5096;DP=3623;AF=0.62;EAS_AF=0.75;EUR_AF=0.59;AFR_AF=0.52;AMR_AF=0.7;SAS_AF=0.58;VT=INDEL;NS=2548,GT,1|1,1|1,0|1,1|1,1|1,1|1,1|1,0|1,1|0,0|0,1|1,1|1,0|0,1|1,0|1,0|0,1|1,1|1,1|0,1|1,1|1,0|0,1|1,1|1,1|0,1|1,1|1,1|0,1|1,1|1,1|1,1|1,1|1,1|1,1|1,1|0,1|1,0|1,1|1,1|1,1|0,1|1,1|1,1|1,1|1,1|1,1|1,1|1,1|0,1|0,0|1,1|1,1|1,0|1,1|1,1|1,0|0,1|1,1|1,1|0,0|0,0|1,1|1,0|1,1|0,0|1,0|1,0|0,1|0,0|0,1|0,1|1,1|1,1|1,0|0,1|0,1|1,1|1,1|1,0|1,1|1,0|0,1|1,0|0,1|1,1|1,1|1,1|0,1|1,0|1,1|1,0|1,1|1,1|1,1|0,1|1,0|1,0|1,0|1
9,27573779,.,T,G,.,PASS,AC=4;AN=5096;DP=17704;AF=0;EAS_AF=0;EUR_AF=0;AFR_AF=0;AMR_AF=0;SAS_AF=0;VT=SNP;NS=2548,GT,0|0,0|0,0|0,0|0,0|0,0|0,0|0,0|0,0|0,0|0,0|0,0|0,0|0,0|0,0|0,0|0,0|0,0|0,0|0,0|0,0|0,0|0,0|0,0|0,0|0,1|0,0|0,0|0,0|0,0|0,0|0,0|0,0|0,0|0,0|0,0|0,0|0,0|0,0|0,0|0,0|0,0|0,0|0,0|0,0|0,0|0,0|0,0|0,0|0,0|0,0|0,0|0,0|0,0|0,0|0,0|0,0|0,0|0,0|0,0|0,0|0,0|0,0|0,0|0,0|0,0|0,0|0,0|0,0|0,0|0,0|0,0|0,0|0,0|0,0|0,0|0,0|0,0|0,0|0,0|0,0|0,0|0,0|0,0|0,0|0,0|0,0|0,0|0,0|0,0|0,0|0,0|0,0|0,0|0,0|0,0|0,0|0,0|0,0|0
