#CHROM,POS,ID,REF,ALT,QUAL,FILTER,INFO,FORMAT,HG01595,HG01596,HG01597,HG01598,HG01599,HG01600,HG01840,HG01841,HG01842,HG01843,HG01844,HG01845,HG01846,HG01847,HG01848,HG01849,HG01850,HG01851,HG01852,HG01853,HG01855,HG01857,HG01858,HG01859,HG01860,HG01861,HG01862,HG01863,HG01864,HG01865,HG01866,HG01867,HG01868,HG01869,HG01870,HG01871,HG01872,HG01873,HG01874,HG01878,HG02016,HG02017,HG02019,HG02020,HG02023,HG02025,HG02026,HG02028,HG02029,HG02031,HG02032,HG02035,HG02040,HG02047,HG02048,HG02049,HG02050,HG02057,HG02058,HG02060,HG02061,HG02064,HG02067,HG02069,HG02070,HG02072,HG02073,HG02075,HG02076,HG02078,HG02079,HG02081,HG02082,HG02084,HG02085,HG02086,HG02087,HG02088,HG02113,HG02116,HG02121,HG02122,HG02127,HG02128,HG02130,HG02131,HG02133,HG02134,HG02136,HG02137,HG02138,HG02139,HG02140,HG02141,HG02142,HG02512,HG02513,HG02521,HG02522
22,23766051,.,C,T,.,PASS,AC=9;AN=5096;DP=134208;AF=0;EAS_AF=0.01;EUR_AF=0;AFR_AF=0;AMR_AF=0;SAS_AF=0;EX_TARGET;VT=SNP;NS=2548,GT,0|0,0|0,0|0,0|0,0|0,0|0,0|0,0|0,0|0,0|0,0|0,0|0,0|0,0|0,0|0,0|0,0|0,0|0,0|0,0|1,0|0,0|0,0|0,0|0,0|0,0|0,0|0,0|0,0|0,0|0,0|0,0|0,0|0,0|0,0|0,0|0,0|0,0|0,0|0,0|0,0|0,0|0,0|0,0|0,0|1,0|0,0|0,0|0,0|0,0|0,0|0,0|0,0|0,0|0,0|0,0|0,0|0,0|0,0|0,0|0,0|0,0|0,0|0,0|0,0|0,0|0,0|0,0|0,0|0,0|0,0|0,0|0,0|0,0|0,0|0,0|0,0|0,0|0,0|0,0|0,0|0,0|0,0|0,0|0,0|0,0|0,0|0,0|0,0|0,0|0,0|0,0|0,0|0,0|0,0|0,0|0,0|0,0|0,0|0
22,23766101,.,C,G,.,PASS,AC=3724;AN=5096;DP=148004;AF=0.73;EAS_AF=0.66;EUR_AF=0.84;AFR_AF=0.76;AMR_AF=0.85;SAS_AF=0.58;EX_TARGET;VT=SNP;NS=2548,GT,0|0,1|1,1|1,0|0,1|1,1|1,1|0,1|1,0|1,1|1,1|1,1|1,0|0,0|1,1|0,1|1,0|1,1|0,0|0,1|1,1|0,1|0,1|0,1|1,0|1,1|0,0|0,1|0,0|1,1|0,1|1,1|0,1|1,1|0,1|0,0|0,1|1,0|1,0|1,1|1,0|0,1|0,0|0,1|0,0|1,1|1,0|1,1|1,1|1,0|1,0|1,1|1,1|0,1|0,1|1,1|0,1|0,1|1,1|0,1|0,0|0,1|0,0|0,1|0,0|0,0|1,1|1,1|1,1|1,1|1,1|1,1|1,0|1,1|1,1|1,0|1,1|0,1|1,1|1,1|0,1|1,1|1,1|0,1|1,1|0,0|1,0|1,1|1,0|1,1|1,0|1,1|0,0|1,0|1,1|0,0|1,1|1,1|0,0|1
22,23766225,.,G,A,.,PASS,AC=3723;AN=5096;DP=96345;AF=0.73;EAS_AF=0.66;EUR_AF=0.84;AFR_AF=0.76;AMR_AF=0.85;SAS_AF=0.57;EX_TARGET;VT=SNP;NS=2548,GT,0|0,1|1,1|1,0|0,1|1,1|1,1|0,1|1,0|1,1|1,1|1,1|1,0|0,0|1,1|0,1|1,0|1,1|0,0|0,1|1,1|0,1|0,1|0,1|1,0|1,1|0,0|0,1|0,0|1,1|0,1|1,1|0,1|1,1|0,1|0,0|0,1|1,0|1,0|1,1|1,0|0,1|0,0|0,1|0,0|1,1|1,0|1,1|1,1|1,0|1,0|1,1|1,1|0,1|0,1|1,1|0,1|0,1|1,1|0,1|0,0|0,1|0,0|0,1|0,0|0,0|1,1|1,1|1,1|1,1|1,1|1,1|1,0|1,1|1,1|1,0|1,1|0,1|1,1|1,1|0,1|1,1|1,1|0,1|1,1|0,0|1,0|1,1|1,0|1,1|1,0|1,1|0,0|1,0|1,1|0,0|1,1|1,1|0,0|1
22,23766424,.,C,T,.,PASS,AC=60;AN=5096;DP=16104;AF=0.01;EAS_AF=0;EUR_AF=0.01;AFR_AF=0;AMR_AF=0;SAS_AF=0.04;VT=SNP;NS=2548,GT,0|0,0|0,0|0,0|0,0|0,0|0,0|0,0|0,0|0,0|0,0|0,0|0,0|0,0|0,0|0,0|0,0|0,0|0,0|0,0|0,0|0,0|0,0|1,0|0,0|0,0|0,0|0,0|0,0|0,0|0,0|0,0|0,0|0,0|0,0|0,0|0,0|0,0|0,0|0,0|0,0|0,0|0,0|0,0|0,0|0,0|0,0|0,0|0,0|0,0|0,0|0,0|0,0|0,0|0,0|0,0|0,0|0,0|0,0|0,0|0,0|0,0|0,0|0,0|0,1|0,0|0,0|0,0|0,0|0,0|0,0|0,0|0,0|0,0|0,0|0,0|0,0|0,0|0,0|0,0|0,0|0,0|0,0|0,0|0,0|0,0|0,0|0,0|0,0|0,0|0,0|0,0|0,0|0,0|0,0|0,0|0,0|0,0|0,0|0
22,23766514,.,G,A,.,PASS,AC=395;AN=5096;DP=12360;AF=0.08;EAS_AF=0.05;EUR_AF=0.08;AFR_AF=0.1;AMR_AF=0.03;SAS_AF=0.1;VT=SNP;NS=2548,GT,0|0,0|0,0|0,0|0,0|0,0|0,0|0,0|0,0|0,0|0,0|0,0|0,0|0,0|0,0|1,0|0,0|0,0|1,0|0,0|0,0|0,0|0,0|0,0|0,0|0,0|0,1|0,0|0,1|0,0|0,0|0,0|0,0|0,0|0,0|0,0|1,0|0,0|0,0|0,0|0,0|0,0|0,0|0,0|0,1|0,0|0,0|0,0|0,0|0,0|0,0|0,0|0,0|0,0|0,0|0,0|0,0|0,0|0,0|0,0|0,0|0,0|0,0|0,0|0,0|0,0|0,0|0,0|0,0|0,0|0,0|0,0|0,0|0,0|0,0|0,0|0,0|0,0|0,0|0,0|0,0|0,0|0,0|0,0|0,0|0,0|0,0|0,0|0,0|0,0|0,0|0,0|0,0|0,1|0,0|0,0|0,0|0,0|0,0|0
22,23766545,.,C,T,.,PASS,AC=31;AN=5096;DP=14643;AF=0.01;EAS_AF=0;EUR_AF=0;AFR_AF=0.02;AMR_AF=0;SAS_AF=0;VT=SNP;NS=2548,GT,0|0,0|0,1|0,0|0,0|0,0|0,0|0,0|0,0|0,0|0,0|0,0|0,0|0,0|0,0|0,0|0,0|0,0|0,0|0,0|0,0|0,0|0,0|0,0|0,0|0,0|0,0|0,0|0,0|0,0|0,0|0,0|0,0|0,0|0,0|0,0|0,0|0,0|0,0|0,0|0,0|0,0|0,0|0,0|0,0|0,0|0,0|0,0|0,0|0,0|0,0|0,0|0,0|0,0|0,0|0,0|0,0|0,0|0,0|0,0|0,0|0,0|0,0|0,0|0,0|0,0|0,0|0,0|0,0|0,0|0,0|0,0|0,0|0,0|0,0|0,0|0,0|0,0|0,0|0,0|0,0|0,0|0,0|0,0|0,0|0,0|0,0|0,0|0,0|0,0|0,0|0,0|0,0|0,0|0,0|0,0|0,0|0,0|0,0|0
22,23766569,.,T,C,.,PASS,AC=3732;AN=5096;DP=14749;AF=0.73;EAS_AF=0.66;EUR_AF=0.84;AFR_AF=0.76;AMR_AF=0.85;SAS_AF=0.57;VT=SNP;NS=2548,GT,0|0,1|1,1|1,0|0,1|1,1|1,1|0,1|1,0|1,1|1,1|1,1|1,0|0,0|1,1|0,1|1,0|1,1|0,0|0,1|1,1|0,1|0,1|0,1|1,0|1,1|0,0|0,1|0,0|1,1|0,1|1,1|0,1|1,1|0,1|0,0|0,1|1,0|1,0|1,1|1,0|0,1|0,0|0,1|0,0|1,1|1,0|1,1|1,1|1,0|1,0|1,1|1,1|0,1|0,1|1,1|0,1|0,1|1,1|0,1|0,0|0,1|0,0|0,1|0,0|0,0|1,1|1,1|0,1|1,1|1,1|1,1|1,0|1,1|1,1|1,0|1,1|0,1|1,1|1,1|0,1|1,1|1,1|0,1|1,1|0,0|1,0|1,1|1,0|1,1|1,0|1,1|0,0|1,0|1,1|0,0|1,1|1,1|0,0|1
22,23766790,.,A,G,.,PASS,AC=4064;AN=5096;DP=20069;AF=0.8;EAS_AF=0.7;EUR_AF=0.84;AFR_AF=0.88;AMR_AF=0.86;SAS_AF=0.7;VT=SNP;NS=2548,GT,0|0,1|1,1|1,0|0,1|1,1|1,1|0,1|1,0|1,1|1,1|1,1|1,0|0,0|1,1|0,1|1,0|1,1|0,1|0,1|1,1|0,1|0,1|0,1|1,0|1,1|0,0|0,1|0,0|1,1|0,1|1,1|1,1|1,1|0,1|0,0|0,1|1,0|1,1|1,1|1,0|0,1|0,0|0,1|0,0|1,1|1,1|1,1|1,1|1,0|1,0|1,1|1,1|0,1|0,1|1,1|1,1|0,1|1,1|0,1|0,1|0,1|0,1|0,1|0,0|0,0|1,1|1,1|1,1|1,1|1,1|1,1|1,0|1,1|1,1|1,0|1,1|0,1|1,1|1,1|0,1|1,1|1,1|1,1|1,1|0,0|1,0|1,1|1,1|1,1|1,0|1,1|0,0|1,0|1,1|0,0|1,1|1,1|0,0|1
22,23767098,.,G,A,.,PASS,AC=731;AN=5096;DP=23600;AF=0.14;EAS_AF=0.02;EUR_AF=0.16;AFR_AF=0.32;AMR_AF=0.13;SAS_AF=0.03;VT=SNP;NS=2548,GT,0|0,0|0,0|0,0|0,0|0,0|0,0|0,0|0,0|0,0|0,0|0,0|0,0|0,0|0,0|0,0|0,0|0,0|0,0|0,0|0,0|0,0|0,0|0,0|0,0|0,0|0,0|0,0|0,0|0,0|0,0|0,0|0,0|0,0|0,0|0,0|0,0|0,0|1,0|0,0|0,0|0,0|0,0|0,0|0,0|0,0|0,0|0,0|0,0|0,0|0,0|0,0|0,0|0,0|0,0|0,0|0,0|0,0|0,0|0,0|0,0|0,0|0,0|0,0|0,0|0,0|0,0|0,0|0,0|0,0|0,0|0,0|0,0|0,0|0,0|0,0|0,0|0,0|0,0|0,0|0,0|0,1|0,0|0,0|0,0|0,0|0,0|0,0|0,0|0,0|0,0|0,0|0,0|0,0|0,0|0,0|0,0|0,0|0,0|0
22,23767222,.,C,T,.,PASS,AC=346;AN=5096;DP=33845;AF=0.07;EAS_AF=0.02;EUR_AF=0.16;AFR_AF=0.05;AMR_AF=0.11;SAS_AF=0.03;VT=SNP;NS=2548,GT,0|0,0|0,0|0,0|0,0|0,0|0,0|0,0|0,0|0,0|0,0|0,0|0,0|0,0|0,0|0,0|0,0|0,0|0,0|0,0|0,0|0,0|0,0|0,0|0,0|0,0|0,0|0,0|0,0|0,0|0,0|0,0|0,0|0,0|0,0|0,0|0,0|0,0|1,0|0,0|0,0|0,0|0,0|0,0|0,0|0,0|0,0|0,0|0,0|0,0|0,0|0,0|0,0|0,0|0,0|0,0|0,0|0,0|0,0|0,0|0,0|0,0|0,0|0,0|0,0|0,0|0,0|0,0|0,0|0,0|0,0|0,0|0,0|0,0|0,0|0,0|0,0|0,0|0,0|0,0|0,0|0,1|0,0|0,0|0,0|0,0|0,0|0,0|0,0|0,0|0,0|0,0|0,0|0,0|0,0|0,0|0,0|0,0|0,0|0
22,23767275,.,T,C,.,PASS,AC=1631;AN=5096;DP=50216;AF=0.32;EAS_AF=0.2;EUR_AF=0.53;AFR_AF=0.13;AMR_AF=0.56;SAS_AF=0.31;VT=SNP;NS=2548,GT,0|0,0|0,0|0,0|0,1|0,1|1,1|0,0|0,0|0,0|1,1|1,0|0,0|0,0|0,0|0,1|0,0|0,1|0,0|0,1|0,0|0,0|0,0|0,0|0,0|0,1|0,0|0,0|0,0|0,1|0,1|1,0|0,1|0,0|0,0|0,0|0,0|0,0|0,0|0,0|0,0|0,0|0,0|0,0|0,0|0,0|0,0|0,0|0,0|1,0|0,0|0,1|0,0|0,0|0,0|0,0|0,0|0,0|0,1|0,0|0,0|0,1|0,0|0,1|0,0|0,0|0,1|0,1|0,1|0,0|1,0|1,0|0,0|0,0|0,0|1,0|0,0|0,0|0,0|1,0|0,0|0,0|1,0|0,0|1,0|0,0|1,0|0,0|0,0|1,0|1,0|0,1|0,0|0,0|0,1|0,0|0,0|0,0|0,0|1
22,23767363,.,T,C,.,PASS,AC=4435;AN=5096;DP=87052;AF=0.87;EAS_AF=0.73;EUR_AF=0.91;AFR_AF=0.99;AMR_AF=0.88;SAS_AF=0.8;EX_TARGET;VT=SNP;NS=2548,GT,0|0,1|1,1|1,0|0,1|1,1|1,1|0,1|1,0|1,1|1,1|1,1|1,0|0,0|1,1|1,1|1,0|1,1|1,1|0,1|1,1|0,1|0,1|0,1|1,0|1,1|0,1|0,1|0,1|1,1|0,1|1,1|1,1|1,1|0,1|0,0|1,1|1,0|1,1|1,1|1,0|0,1|0,0|0,1|0,1|1,1|1,1|1,1|1,1|1,0|1,0|1,1|1,1|0,1|0,1|1,1|1,1|0,1|1,1|0,1|0,1|0,1|0,1|0,1|0,0|0,0|1,1|1,1|1,1|1,1|1,1|1,1|1,0|1,1|1,1|1,0|1,1|0,1|1,1|1,1|0,1|1,1|1,1|1,1|1,1|0,0|1,0|1,1|1,1|1,1|1,0|1,1|0,0|1,1|1,1|0,0|1,1|1,1|0,0|1
22,23767587,.,T,G,.,PASS,AC=4428;AN=5096;DP=9736;AF=0.87;EAS_AF=0.75;EUR_AF=0.91;AFR_AF=0.98;AMR_AF=0.87;SAS_AF=0.8;EX_TARGET;VT=SNP;NS=2548,GT,0|0,1|1,1|1,0|0,1|1,1|1,1|0,1|1,0|1,0|1,1|1,1|1,1|0,0|1,1|1,1|1,0|1,1|1,1|0,1|1,0|0,1|0,1|1,1|1,0|1,1|0,1|1,1|1,1|1,1|0,1|1,1|1,1|1,1|0,0|0,0|1,1|1,0|1,1|1,1|1,1|0,1|0,0|1,1|0,1|1,1|1,1|1,1|1,1|1,0|1,1|1,1|1,1|1,1|1,1|0,1|1,1|0,1|1,1|0,1|0,1|0,1|0,1|0,1|0,1|0,0|1,1|1,1|1,1|0,1|1,1|1,1|1,0|1,1|1,1|1,0|1,1|0,1|1,1|1,1|0,0|1,1|1,1|1,1|1,1|0,0|1,0|1,1|1,1|1,1|1,0|1,1|0,0|1,1|1,1|0,0|1,1|1,1|0,0|1
22,23767897,.,C,A,.,PASS,AC=1;AN=5096;DP=37122;AF=0;EAS_AF=0;EUR_AF=0;AFR_AF=0;AMR_AF=0;SAS_AF=0;EX_TARGET;VT=SNP;NS=2548,GT,0|0,0|0,0|0,0|0,0|0,0|0,0|0,0|0,0|0,0|0,0|0,0|0,0|0,0|0,0|0,0|0,0|0,0|0,0|0,0|0,0|0,0|0,0|0,0|0,0|0,0|0,0|0,0|0,0|0,0|0,0|0,0|0,0|0,0|0,0|0,0|0,0|0,0|0,0|0,0|0,0|0,0|0,0|0,0|0,0|0,0|0,0|0,0|0,0|0,0|0,0|0,0|0,0|0,0|0,0|0,0|0,0|0,0|0,0|0,0|0,0|0,0|0,0|0,0|0,0|0,0|0,0|0,0|0,0|0,0|0,0|0,0|0,0|0,0|0,0|0,0|0,0|0,0|0,0|0,0|0,0|0,0|0,0|0,0|0,0|0,0|0,0|0,0|0,0|0,0|0,0|1,0|0,0|0,0|0,0|0,0|0,0|0,0|0,0|0
