#CHROM,POS,ID,REF,ALT,QUAL,FILTER,INFO,FORMAT,HG01595,HG01596,HG01597,HG01598,HG01599,HG01600,HG01840,HG01841,HG01842,HG01843,HG01844,HG01845,HG01846,HG01847,HG01848,HG01849,HG01850,HG01851,HG01852,HG01853,HG01855,HG01857,HG01858,HG01859,HG01860,HG01861,HG01862,HG01863,HG01864,HG01865,HG01866,HG01867,HG01868,HG01869,HG01870,HG01871,HG01872,HG01873,HG01874,HG01878,HG02016,HG02017,HG02019,HG02020,HG02023,HG02025,HG02026,HG02028,HG02029,HG02031,HG02032,HG02035,HG02040,HG02047,HG02048,HG02049,HG02050,HG02057,HG02058,HG02060,HG02061,HG02064,HG02067,HG02069,HG02070,HG02072,HG02073,HG02075,HG02076,HG02078,HG02079,HG02081,HG02082,HG02084,HG02085,HG02086,HG02087,HG02088,HG02113,HG02116,HG02121,HG02122,HG02127,HG02128,HG02130,HG02131,HG02133,HG02134,HG02136,HG02137,HG02138,HG02139,HG02140,HG02141,HG02142,HG02512,HG02513,HG02521,HG02522
3,87227469,.,C,A,.,PASS,AC=1;AN=5096;DP=136903;AF=0;EAS_AF=0;EUR_AF=0;AFR_AF=0;AMR_AF=0;SAS_AF=0;VT=SNP;NS=2548,GT,0|0,0|0,0|0,0|0,0|0,0|0,0|0,0|0,0|0,0|0,0|0,0|0,0|0,0|0,0|0,0|0,0|0,0|0,0|0,0|0,0|0,0|0,0|0,0|0,0|0,0|0,0|0,0|0,0|0,0|0,0|0,0|0,0|0,0|0,0|0,0|0,0|0,0|0,0|0,1|0,0|0,0|0,0|0,0|0,0|0,0|0,0|0,0|0,0|0,0|0,0|0,0|0,0|0,0|0,0|0,0|0,0|0,0|0,0|0,0|0,0|0,0|0,0|0,0|0,0|0,0|0,0|0,0|0,0|0,0|0,0|0,0|0,0|0,0|0,0|0,0|0,0|0,0|0,0|0,0|0,0|0,0|0,0|0,0|0,0|0,0|0,0|0,0|0,0|0,0|0,0|0,0|0,0|0,0|0,0|0,0|0,0|0,0|0,0|0
3,87227549,.,C,T,.,PASS,AC=549;AN=5096;DP=276161;AF=0.11;EAS_AF=0.18;EUR_AF=0.07;AFR_AF=0.11;AMR_AF=0.07;SAS_AF=0.09;EX_TARGET;VT=SNP;NS=2548,GT,0|0,1|0,0|0,0|0,1|1,0|0,0|0,0|0,0|0,0|1,0|1,0|0,0|0,0|0,0|0,1|0,1|1,1|1,1|0,0|0,1|0,0|0,1|0,0|0,0|1,0|0,0|0,0|0,0|0,0|0,0|0,0|0,0|0,0|0,0|0,0|0,0|0,0|0,0|0,0|0,0|0,0|1,0|0,0|1,1|0,0|0,0|0,0|0,0|0,1|0,1|0,0|0,0|0,0|0,0|0,0|0,1|0,0|0,1|0,0|0,0|1,0|0,0|0,0|0,0|0,1|0,0|0,0|0,0|0,0|0,1|0,0|0,0|1,0|0,0|0,0|0,0|0,0|0,0|0,0|0,0|0,0|0,0|0,0|0,0|0,0|1,0|0,0|0,0|0,0|0,0|0,0|1,0|0,0|0,0|1,0|0,0|0,0|0,1|0
3,87227724,.,A,G,.,PASS,AC=1;AN=5096;DP=62164;AF=0;EAS_AF=0;EUR_AF=0;AFR_AF=0;AMR_AF=0;SAS_AF=0;VT=SNP;NS=2548,GT,0|0,0|0,0|0,0|0,0|0,0|0,0|0,0|0,0|0,0|0,0|0,0|0,0|0,0|0,0|0,0|0,0|0,0|0,0|0,0|0,0|0,0|0,0|0,0|0,1|0,0|0,0|0,0|0,0|0,0|0,0|0,0|0,0|0,0|0,0|0,0|0,0|0,0|0,0|0,0|0,0|0,0|0,0|0,0|0,0|0,0|0,0|0,0|0,0|0,0|0,0|0,0|0,0|0,0|0,0|0,0|0,0|0,0|0,0|0,0|0,0|0,0|0,0|0,0|0,0|0,0|0,0|0,0|0,0|0,0|0,0|0,0|0,0|0,0|0,0|0,0|0,0|0,0|0,0|0,0|0,0|0,0|0,0|0,0|0,0|0,0|0,0|0,0|0,0|0,0|0,0|0,0|0,0|0,0|0,0|0,0|0,0|0,0|0,0|0
3,87227912,.,G,A,.,PASS,AC=1526;AN=5096;DP=24556;AF=0.3;EAS_AF=0.3;EUR_AF=0.13;AFR_AF=0.63;AMR_AF=0.14;SAS_AF=0.15;VT=SNP;NS=2548,GT,0|0,1|0,1|0,0|0,1|1,0|1,0|0,0|0,0|0,0|1,0|1,0|0,1|0,0|0,0|0,1|0,1|1,1|1,1|0,0|0,1|1,0|0,1|0,0|0,1|1,0|0,1|0,0|0,0|0,0|0,0|0,0|0,0|0,0|0,0|0,0|1,1|0,0|0,0|0,0|0,0|0,0|1,0|0,0|1,1|0,0|0,1|0,0|0,0|0,1|1,1|0,0|0,0|0,0|0,0|0,0|0,1|0,0|0,1|0,0|0,0|1,0|0,0|0,0|0,0|0,1|0,0|0,0|0,1|0,1|0,1|0,0|0,0|1,0|0,0|0,0|0,0|0,0|0,0|1,1|0,0|1,0|0,0|0,0|0,0|0,0|1,0|0,0|0,0|0,0|0,0|0,0|1,0|1,0|0,0|1,0|0,0|0,0|0,1|1
3,87229027,.,T,A,.,PASS,AC=35;AN=5096;DP=18530;AF=0.01;EAS_AF=0.03;EUR_AF=0;AFR_AF=0;AMR_AF=0;SAS_AF=0;VT=SNP;NS=2548,GT,0|0,0|0,0|0,0|0,0|0,0|0,0|0,0|0,0|0,0|0,0|0,0|0,0|0,0|0,0|0,0|0,0|0,0|0,0|0,0|1,0|0,0|0,0|0,0|0,0|0,0|0,0|0,0|0,0|0,0|0,0|0,0|0,0|0,0|0,0|0,0|0,0|0,0|0,0|0,0|0,0|0,0|0,0|0,0|0,0|0,0|0,0|0,0|0,0|0,0|0,0|0,0|0,0|0,0|0,0|0,0|0,0|0,0|0,0|0,0|0,0|0,0|0,0|0,0|0,0|0,0|0,0|0,0|0,0|0,0|0,0|0,0|0,0|0,0|0,0|0,0|0,0|1,0|0,0|0,0|0,0|0,0|0,0|0,0|0,0|0,0|0,0|0,0|0,0|0,0|0,0|0,0|0,0|0,0|0,0|0,0|0,1|0,0|0,0|0
3,87229139,.,A,G,.,PASS,AC=2728;AN=5096;DP=18694;AF=0.54;EAS_AF=0.47;EUR_AF=0.58;AFR_AF=0.65;AMR_AF=0.48;SAS_AF=0.45;VT=SNP;NS=2548,GT,0|0,1|0,1|1,0|0,1|1,1|1,0|0,0|0,0|0,0|1,0|1,0|0,1|0,0|0,1|0,1|1,1|1,1|1,1|1,1|0,1|1,1|0,1|1,0|0,1|1,0|0,0|1,0|0,1|1,0|0,0|0,1|0,0|1,0|0,1|0,0|1,0|0,0|1,0|0,1|0,0|0,0|1,1|0,0|1,1|0,1|0,1|0,1|0,0|1,1|1,1|0,0|0,0|0,1|1,0|0,0|0,1|0,0|0,1|1,0|0,1|1,0|0,1|1,0|1,0|1,1|0,1|0,0|0,1|0,1|0,1|0,0|0,1|1,0|0,0|0,0|0,0|0,0|1,0|1,1|0,1|1,1|1,1|0,1|0,0|0,0|1,1|1,0|0,0|0,0|0,0|0,1|1,0|1,0|1,0|1,0|0,0|0,1|0,1|1
3,87229377,.,A,G,.,PASS,AC=7;AN=5096;DP=19058;AF=0;EAS_AF=0.01;EUR_AF=0;AFR_AF=0;AMR_AF=0;SAS_AF=0;VT=SNP;NS=2548,GT,0|0,0|0,0|0,0|0,0|0,1|0,0|0,0|0,0|0,0|0,0|0,0|0,0|0,0|0,0|0,0|0,0|0,0|0,0|0,0|0,0|0,0|0,0|0,0|0,0|0,0|0,0|0,0|0,0|0,0|0,0|0,0|0,0|0,0|0,0|0,0|0,0|0,0|0,0|0,0|0,0|0,0|0,0|0,0|0,0|0,0|0,0|0,0|0,0|0,0|0,0|0,0|0,0|0,0|0,0|0,0|0,0|0,0|0,0|0,0|0,0|0,0|0,0|0,0|0,0|0,0|0,0|0,0|0,0|0,0|0,0|0,0|0,0|0,0|0,0|0,0|0,0|0,0|0,0|0,0|0,0|0,0|0,0|0,0|0,0|0,0|0,0|0,0|0,0|0,0|0,0|0,0|0,0|0,0|0,0|0,0|0,0|0,0|0,0|0
3,87229424,.,A,G,.,PASS,AC=1222;AN=5096;DP=18974;AF=0.24;EAS_AF=0.19;EUR_AF=0.45;AFR_AF=0.02;AMR_AF=0.34;SAS_AF=0.29;VT=SNP;NS=2548,GT,0|0,0|0,0|1,0|0,0|0,1|0,0|0,0|0,0|0,0|0,0|0,0|0,0|0,0|0,1|0,0|1,0|0,0|0,0|1,1|0,0|0,1|0,0|1,0|0,0|0,0|0,0|1,0|0,1|1,0|0,0|0,1|0,0|1,0|0,1|0,0|0,0|0,0|1,0|0,1|0,0|0,0|0,1|0,0|0,0|0,1|0,0|0,1|0,0|1,0|0,0|0,0|0,0|0,1|1,0|0,0|0,0|0,0|0,0|1,0|0,1|0,0|0,1|1,0|1,0|1,0|0,1|0,0|0,0|0,0|0,0|0,0|0,1|0,0|0,0|0,0|0,0|0,0|1,0|0,0|0,1|0,1|1,1|0,1|0,0|0,0|0,1|1,0|0,0|0,0|0,0|0,1|0,0|0,0|1,0|0,0|0,0|0,1|0,0|0
3,87229438,.,CATACTTGATGT,C,.,PASS,AC=2182;AN=5096;DP=18332;AF=0.43;EAS_AF=0.28;EUR_AF=0.51;AFR_AF=0.54;AMR_AF=0.41;SAS_AF=0.37;VT=INDEL;NS=2548,GT,0|0,0|0,1|1,0|0,0|0,1|1,0|0,0|0,0|0,0|0,0|0,0|0,1|0,0|0,1|0,0|1,0|0,0|0,0|1,1|0,0|1,1|0,0|1,0|0,1|0,0|0,0|1,0|0,1|1,0|0,0|0,1|0,0|1,0|0,1|0,0|1,0|0,0|1,0|0,1|0,0|0,0|0,1|0,0|0,0|0,1|0,1|0,1|0,0|1,0|1,0|0,0|0,0|0,1|1,0|0,0|0,0|0,0|0,0|1,0|0,1|0,0|0,1|1,0|1,0|1,0|0,1|0,0|0,1|0,1|0,0|0,0|0,1|0,0|0,0|0,0|0,0|0,0|1,0|1,1|0,1|1,1|1,1|0,1|0,0|0,0|0,1|1,0|0,0|0,0|0,0|0,1|0,0|1,0|1,0|0,0|0,0|0,1|0,0|1
3,87229656,.,G,T,.,PASS,AC=139;AN=5096;DP=17874;AF=0.03;EAS_AF=0.01;EUR_AF=0.03;AFR_AF=0.06;AMR_AF=0.02;SAS_AF=0.01;VT=SNP;NS=2548,GT,0|0,0|0,0|0,0|0,0|0,0|0,0|0,0|0,0|0,0|0,0|0,0|0,0|0,0|0,0|0,0|0,0|0,0|0,0|0,0|0,0|0,0|0,0|0,0|0,0|0,0|0,0|0,0|0,0|0,0|0,0|0,0|0,0|0,0|0,0|0,0|0,0|0,0|0,0|0,0|0,0|0,0|0,0|0,0|0,0|0,0|0,0|0,0|0,0|0,0|0,0|0,0|1,0|0,0|0,0|0,0|0,0|0,0|0,0|0,0|0,0|0,0|0,0|0,0|0,0|0,0|0,0|0,0|0,0|0,0|0,0|0,0|0,0|0,0|0,0|0,0|0,0|0,0|0,0|0,0|0,0|0,0|0,0|0,0|0,0|0,0|0,0|0,0|0,0|0,0|0,0|0,0|0,0|0,0|0,0|0,0|0,0|0,0|0,0|0
3,87230168,.,C,G,.,PASS,AC=1228;AN=5096;DP=20529;AF=0.24;EAS_AF=0.19;EUR_AF=0.45;AFR_AF=0.02;AMR_AF=0.34;SAS_AF=0.3;VT=SNP;NS=2548,GT,0|0,0|0,0|1,0|0,0|0,1|0,0|0,0|0,0|0,0|0,0|0,0|0,0|0,0|0,1|0,0|1,0|0,0|0,0|1,1|0,0|0,1|0,0|1,0|0,0|0,0|0,0|1,0|0,1|1,0|0,0|0,1|0,0|1,0|0,1|0,0|0,0|0,0|1,0|0,1|0,0|0,0|0,1|0,0|0,0|0,1|0,0|0,1|0,0|1,0|0,0|0,0|0,0|0,1|1,0|0,0|0,0|0,0|0,0|1,0|0,1|0,0|0,1|1,0|1,0|1,0|0,1|0,0|0,0|0,0|0,0|0,0|0,1|0,0|0,0|0,0|0,0|0,0|1,0|0,0|0,1|0,1|1,1|0,1|0,0|0,0|0,1|1,0|0,0|0,0|0,0|0,1|0,0|0,0|1,0|0,0|0,0|0,1|0,0|0
3,87230240,.,T,G,.,PASS,AC=130;AN=5096;DP=20681;AF=0.03;EAS_AF=0.12;EUR_AF=0;AFR_AF=0;AMR_AF=0;SAS_AF=0;VT=SNP;NS=2548,GT,1|0,0|0,0|0,0|0,0|0,0|0,0|0,0|0,0|1,0|0,0|0,0|0,0|0,1|0,0|0,0|0,0|0,0|0,0|0,0|1,0|0,0|1,0|0,0|0,0|0,0|1,0|0,1|0,0|0,0|0,0|0,0|0,0|0,0|0,0|0,0|0,0|0,0|0,0|0,0|1,1|0,0|0,0|0,0|0,0|1,0|0,0|0,0|0,0|0,0|0,0|0,0|0,0|0,0|0,0|0,0|0,0|0,0|0,0|0,0|1,0|0,1|1,0|0,1|0,0|0,0|0,0|0,0|0,0|0,0|0,0|0,0|0,0|0,0|1,0|0,0|0,0|1,1|0,0|0,0|0,0|0,0|0,0|0,0|0,0|0,0|0,0|0,0|0,0|0,1|0,0|0,0|0,0|0,0|0,0|0,1|1,1|0,0|0,0|0
3,87230678,.,C,G,.,PASS,AC=1;AN=5096;DP=21109;AF=0;EAS_AF=0;EUR_AF=0;AFR_AF=0;AMR_AF=0;SAS_AF=0;VT=SNP;NS=2548,GT,0|0,0|0,0|0,0|0,0|0,0|0,0|0,0|0,0|0,0|0,0|0,0|0,0|0,0|0,0|0,0|0,0|0,0|0,0|0,0|0,0|0,0|0,0|0,0|0,0|0,0|0,0|0,0|0,0|0,0|0,0|0,0|0,0|0,0|0,0|0,0|0,0|0,0|0,0|0,0|0,0|0,0|0,0|0,0|0,0|0,0|0,0|0,0|0,0|0,0|0,0|0,0|0,0|0,0|0,0|0,0|0,0|0,0|0,0|0,0|0,0|0,0|0,0|0,0|0,0|0,0|0,0|0,0|0,0|0,0|0,0|0,0|1,0|0,0|0,0|0,0|0,0|0,0|0,0|0,0|0,0|0,0|0,0|0,0|0,0|0,0|0,0|0,0|0,0|0,0|0,0|0,0|0,0|0,0|0,0|0,0|0,0|0,0|0,0|0
3,87230938,.,C,T,.,PASS,AC=1223;AN=5096;DP=22777;AF=0.24;EAS_AF=0.19;EUR_AF=0.45;AFR_AF=0.02;AMR_AF=0.34;SAS_AF=0.29;VT=SNP;NS=2548,GT,0|0,0|0,0|1,0|0,0|0,1|0,0|0,0|0,0|0,0|0,0|0,0|0,0|0,0|0,1|0,0|1,0|0,0|0,0|1,1|0,0|0,1|0,0|1,0|0,0|0,0|0,0|1,0|0,1|1,0|0,0|0,1|0,0|1,0|0,1|0,0|0,0|0,0|1,0|0,1|0,0|0,0|0,1|0,0|0,0|0,1|0,0|0,1|0,0|1,0|0,0|0,0|0,0|0,1|1,0|0,0|0,0|0,0|0,0|1,0|0,1|0,0|0,1|1,0|1,0|1,0|0,1|0,0|0,0|0,0|0,0|0,0|0,1|0,0|0,0|0,0|0,0|0,0|1,0|0,0|0,1|0,1|1,1|0,1|0,0|0,0|0,1|1,0|0,0|0,0|0,0|0,1|0,0|0,0|1,0|0,0|0,0|0,1|0,0|0
3,87231463,.,T,C,.,PASS,AC=1;AN=5096;DP=26081;AF=0;EAS_AF=0;EUR_AF=0;AFR_AF=0;AMR_AF=0;SAS_AF=0;VT=SNP;NS=2548,GT,0|0,0|0,0|0,0|0,0|0,0|0,0|0,0|0,0|0,0|0,0|0,0|0,0|0,0|0,0|0,0|0,0|0,0|0,0|0,0|0,0|0,0|0,0|0,0|0,0|0,0|0,0|0,0|0,0|0,0|0,0|0,0|0,0|0,0|0,0|0,0|0,0|0,0|0,0|0,0|0,0|0,0|0,0|0,0|0,0|0,0|0,0|0,0|0,0|0,0|0,0|0,0|0,0|0,0|0,0|0,0|0,0|0,0|0,0|0,0|0,0|0,0|0,0|0,0|0,0|0,0|0,0|0,0|0,0|0,1|0,0|0,0|0,0|0,0|0,0|0,0|0,0|0,0|0,0|0,0|0,0|0,0|0,0|0,0|0,0|0,0|0,0|0,0|0,0|0,0|0,0|0,0|0,0|0,0|0,0|0,0|0,0|0,0|0,0|0
3,87231606,.,T,C,.,PASS,AC=1;AN=5096;DP=23092;AF=0;EAS_AF=0;EUR_AF=0;AFR_AF=0;AMR_AF=0;SAS_AF=0;VT=SNP;NS=2548,GT,0|0,0|0,0|0,0|0,0|0,0|0,0|0,0|0,0|0,0|0,0|0,0|0,0|0,0|0,0|0,0|0,0|0,0|0,0|0,0|0,0|0,0|0,0|0,0|0,0|0,0|0,0|0,0|0,0|0,0|0,0|0,0|0,0|0,0|0,0|0,0|0,0|0,0|0,0|0,0|0,0|0,0|0,0|0,0|0,0|0,0|0,0|0,0|0,0|0,0|0,0|0,0|0,0|0,0|0,0|1,0|0,0|0,0|0,0|0,0|0,0|0,0|0,0|0,0|0,0|0,0|0,0|0,0|0,0|0,0|0,0|0,0|0,0|0,0|0,0|0,0|0,0|0,0|0,0|0,0|0,0|0,0|0,0|0,0|0,0|0,0|0,0|0,0|0,0|0,0|0,0|0,0|0,0|0,0|0,0|0,0|0,0|0,0|0,0|0
3,87231961,.,T,A,.,PASS,AC=9;AN=5096;DP=20004;AF=0;EAS_AF=0.01;EUR_AF=0;AFR_AF=0;AMR_AF=0;SAS_AF=0;VT=SNP;NS=2548,GT,0|0,0|0,0|0,0|0,0|0,0|0,0|0,0|0,0|0,0|0,0|0,0|0,0|0,0|0,0|0,0|0,0|0,0|0,0|0,0|1,0|0,0|0,0|0,0|0,0|0,0|0,0|0,0|0,0|0,0|0,0|0,0|0,0|0,0|0,0|0,0|0,0|0,0|0,0|0,0|0,0|0,0|0,0|0,0|0,0|0,0|0,0|0,0|0,0|0,0|0,0|0,0|0,0|0,0|0,0|0,0|0,0|0,0|0,0|0,0|0,0|0,0|0,0|0,0|0,0|0,0|0,0|0,0|0,0|0,0|0,0|0,0|0,0|0,0|0,0|0,0|0,0|0,0|0,0|0,0|0,0|0,0|0,0|0,0|0,0|0,0|0,0|0,0|0,0|0,0|0,0|0,0|0,0|0,0|0,0|0,0|0,1|0,0|0,0|0
3,87232457,.,T,C,.,PASS,AC=41;AN=5096;DP=19831;AF=0.01;EAS_AF=0.04;EUR_AF=0;AFR_AF=0;AMR_AF=0;SAS_AF=0;VT=SNP;NS=2548,GT,0|0,0|0,0|0,0|0,0|0,0|0,0|0,0|0,0|0,0|0,0|0,0|0,1|0,0|0,0|0,0|0,0|0,0|0,0|0,0|0,0|0,0|0,0|0,0|0,0|0,0|0,1|0,0|0,0|0,0|0,0|0,0|0,0|0,0|0,0|0,0|0,1|0,0|0,0|0,0|0,0|0,0|0,0|0,0|0,0|0,0|0,0|0,0|0,0|0,0|1,0|0,0|0,0|0,0|0,0|0,0|0,0|0,0|0,0|0,0|0,0|0,0|0,0|0,0|0,0|0,0|0,0|0,0|0,0|0,0|0,0|0,0|0,0|0,0|0,0|0,0|0,0|0,0|0,0|0,1|0,0|0,0|0,0|0,0|0,0|0,0|0,0|0,0|0,0|0,0|0,0|0,0|0,0|0,0|0,0|0,0|0,0|0,0|0,0|0
3,87232825,.,T,G,.,PASS,AC=1;AN=5096;DP=21275;AF=0;EAS_AF=0;EUR_AF=0;AFR_AF=0;AMR_AF=0;SAS_AF=0;VT=SNP;NS=2548,GT,1|0,0|0,0|0,0|0,0|0,0|0,0|0,0|0,0|0,0|0,0|0,0|0,0|0,0|0,0|0,0|0,0|0,0|0,0|0,0|0,0|0,0|0,0|0,0|0,0|0,0|0,0|0,0|0,0|0,0|0,0|0,0|0,0|0,0|0,0|0,0|0,0|0,0|0,0|0,0|0,0|0,0|0,0|0,0|0,0|0,0|0,0|0,0|0,0|0,0|0,0|0,0|0,0|0,0|0,0|0,0|0,0|0,0|0,0|0,0|0,0|0,0|0,0|0,0|0,0|0,0|0,0|0,0|0,0|0,0|0,0|0,0|0,0|0,0|0,0|0,0|0,0|0,0|0,0|0,0|0,0|0,0|0,0|0,0|0,0|0,0|0,0|0,0|0,0|0,0|0,0|0,0|0,0|0,0|0,0|0,0|0,0|0,0|0,0|0
3,87233491,.,C,T,.,PASS,AC=1;AN=5096;DP=23044;AF=0;EAS_AF=0;EUR_AF=0;AFR_AF=0;AMR_AF=0;SAS_AF=0;VT=SNP;NS=2548,GT,0|0,0|0,0|0,0|0,0|0,0|0,0|0,0|0,0|0,0|0,0|0,0|0,0|0,0|0,0|0,0|0,0|0,0|0,0|0,0|0,0|0,0|0,0|0,0|0,0|0,0|0,0|0,0|0,0|1,0|0,0|0,0|0,0|0,0|0,0|0,0|0,0|0,0|0,0|0,0|0,0|0,0|0,0|0,0|0,0|0,0|0,0|0,0|0,0|0,0|0,0|0,0|0,0|0,0|0,0|0,0|0,0|0,0|0,0|0,0|0,0|0,0|0,0|0,0|0,0|0,0|0,0|0,0|0,0|0,0|0,0|0,0|0,0|0,0|0,0|0,0|0,0|0,0|0,0|0,0|0,0|0,0|0,0|0,0|0,0|0,0|0,0|0,0|0,0|0,0|0,0|0,0|0,0|0,0|0,0|0,0|0,0|0,0|0,0|0
3,87233560,.,C,T,.,PASS,AC=1;AN=5096;DP=20713;AF=0;EAS_AF=0;EUR_AF=0;AFR_AF=0;AMR_AF=0;SAS_AF=0;VT=SNP;NS=2548,GT,0|0,0|0,0|0,0|0,0|0,1|0,0|0,0|0,0|0,0|0,0|0,0|0,0|0,0|0,0|0,0|0,0|0,0|0,0|0,0|0,0|0,0|0,0|0,0|0,0|0,0|0,0|0,0|0,0|0,0|0,0|0,0|0,0|0,0|0,0|0,0|0,0|0,0|0,0|0,0|0,0|0,0|0,0|0,0|0,0|0,0|0,0|0,0|0,0|0,0|0,0|0,0|0,0|0,0|0,0|0,0|0,0|0,0|0,0|0,0|0,0|0,0|0,0|0,0|0,0|0,0|0,0|0,0|0,0|0,0|0,0|0,0|0,0|0,0|0,0|0,0|0,0|0,0|0,0|0,0|0,0|0,0|0,0|0,0|0,0|0,0|0,0|0,0|0,0|0,0|0,0|0,0|0,0|0,0|0,0|0,0|0,0|0,0|0,0|0
3,87233615,.,G,A,.,PASS,AC=5;AN=5096;DP=20480;AF=0;EAS_AF=0;EUR_AF=0;AFR_AF=0;AMR_AF=0;SAS_AF=0;VT=SNP;NS=2548,GT,0|0,0|0,0|0,0|0,0|0,0|0,0|0,0|0,0|0,0|0,0|0,0|0,0|0,0|0,0|0,0|0,0|0,0|0,0|0,0|0,0|0,0|0,0|0,0|0,0|0,0|1,0|0,0|0,0|0,0|0,0|0,0|0,0|0,0|0,0|0,0|0,0|0,0|0,0|0,0|0,0|0,0|0,0|0,0|0,0|0,0|0,0|0,0|0,0|0,0|0,0|0,0|0,0|0,0|0,0|0,0|0,0|0,0|0,0|0,0|0,0|0,0|0,0|0,0|0,0|0,0|0,0|0,0|0,0|0,0|0,0|0,0|0,0|0,0|0,0|0,0|0,0|0,0|0,0|0,0|0,0|0,0|0,0|0,0|0,0|0,0|0,0|0,0|0,0|0,0|0,0|0,0|0,0|0,0|0,0|0,0|1,0|0,0|0,0|0
3,87233780,.,A,G,.,PASS,AC=2;AN=5096;DP=22655;AF=0;EAS_AF=0;EUR_AF=0;AFR_AF=0;AMR_AF=0;SAS_AF=0;VT=SNP;NS=2548,GT,0|0,0|0,0|0,0|0,0|0,0|0,0|0,0|0,0|0,0|0,0|0,0|0,0|0,0|0,0|0,0|0,0|0,0|0,0|0,0|0,0|0,0|0,0|0,0|0,0|0,0|0,0|0,0|0,0|0,0|0,0|0,0|0,0|0,0|0,0|0,0|0,0|0,0|0,0|0,0|0,0|0,0|0,0|0,0|0,0|0,0|0,0|0,0|0,0|0,0|0,0|0,0|0,0|0,0|0,0|0,0|0,0|0,0|0,0|0,0|0,0|0,0|0,0|0,0|0,0|0,0|0,0|0,0|0,0|0,0|0,0|0,0|0,0|0,0|0,0|0,0|0,0|0,0|1,0|0,0|0,0|0,0|0,0|0,0|0,0|0,0|0,0|0,0|0,0|0,0|0,0|0,0|0,0|0,0|0,0|0,0|0,0|0,0|0,0|0
3,87234036,.,GC,G,.,PASS,AC=542;AN=5096;DP=19052;AF=0.11;EAS_AF=0.18;EUR_AF=0.07;AFR_AF=0.11;AMR_AF=0.07;SAS_AF=0.09;VT=INDEL;NS=2548,GT,0|0,1|0,0|0,0|0,1|1,0|0,0|0,0|0,0|0,0|1,0|1,0|0,0|0,0|0,0|0,1|0,1|1,1|1,1|0,0|0,1|0,0|0,1|0,0|0,0|1,0|0,0|0,0|0,0|0,0|0,0|0,0|0,0|0,0|0,0|0,0|0,0|0,0|0,0|0,0|0,0|0,0|1,0|0,0|1,1|0,0|0,0|0,0|0,0|0,1|0,1|0,0|0,0|0,0|0,0|0,0|0,1|0,0|0,1|0,0|0,0|1,0|0,0|0,0|0,0|0,1|0,0|0,0|0,0|0,0|0,1|0,0|0,0|1,0|0,0|0,0|0,0|0,0|0,0|0,0|0,0|0,0|0,0|0,0|0,0|0,0|1,0|0,0|0,0|0,0|0,0|0,0|1,0|0,0|0,0|1,0|0,0|0,0|0,1|0
3,87234703,.,T,C,.,PASS,AC=114;AN=5096;DP=21724;AF=0.02;EAS_AF=0.11;EUR_AF=0;AFR_AF=0;AMR_AF=0;SAS_AF=0.01;VT=SNP;NS=2548,GT,0|0,1|0,0|0,0|0,0|0,0|0,0|0,0|0,0|0,0|1,0|0,0|0,0|0,0|0,0|0,1|0,0|1,1|0,0|0,0|0,1|0,0|0,1|0,0|0,0|1,0|0,0|0,0|0,0|0,0|0,0|0,0|0,0|0,0|0,0|0,0|0,0|0,0|0,0|0,0|0,0|0,0|1,0|0,0|0,0|0,0|0,0|0,0|0,0|0,0|0,1|0,0|0,0|0,0|0,0|0,0|0,0|0,0|0,1|0,0|0,0|1,0|0,0|0,0|0,0|0,1|0,0|0,0|0,0|0,0|0,1|0,0|0,0|1,0|0,0|0,0|0,0|0,0|0,0|0,0|0,0|0,0|0,0|0,0|0,0|0,0|0,0|0,0|0,0|0,0|0,0|0,0|1,0|0,0|0,0|0,0|0,0|0,0|0,1|0
3,87234722,.,G,C,.,PASS,AC=4656;AN=5096;DP=20896;AF=0.91;EAS_AF=0.87;EUR_AF=0.89;AFR_AF=0.98;AMR_AF=0.92;SAS_AF=0.89;VT=SNP;NS=2548,GT,0|1,1|1,1|1,1|1,1|1,1|1,1|1,1|1,1|0,1|1,1|1,1|1,1|1,0|0,1|1,1|1,1|1,1|1,1|1,1|0,1|1,1|0,1|1,1|1,1|1,1|0,1|1,0|1,1|1,1|1,1|1,1|1,1|1,1|1,1|1,1|1,1|1,1|1,1|1,1|0,0|1,1|1,1|1,1|1,1|0,1|1,1|1,1|1,1|1,1|1,1|1,1|1,1|1,1|1,1|1,1|1,1|1,1|1,1|1,1|0,1|1,0|0,1|1,0|1,1|1,1|1,1|1,1|1,1|1,1|0,1|1,1|1,1|1,1|0,1|1,1|1,1|0,0|1,1|1,1|1,1|1,1|1,1|1,1|1,1|1,1|1,1|1,1|1,1|1,0|1,1|1,1|1,1|1,1|1,1|1,0|0,0|1,1|1,1|1
3,87234851,.,G,A,.,PASS,AC=968;AN=5096;DP=19630;AF=0.19;EAS_AF=0.11;EUR_AF=0.06;AFR_AF=0.5;AMR_AF=0.06;SAS_AF=0.07;VT=SNP;NS=2548,GT,0|0,0|0,1|0,0|0,0|0,0|1,0|0,0|0,0|0,0|0,0|0,0|0,1|0,0|0,0|0,0|0,0|0,0|0,0|0,0|0,0|1,0|0,0|0,0|0,1|0,0|0,1|0,0|0,0|0,0|0,0|0,0|0,0|0,0|0,0|0,0|1,1|0,0|0,0|0,0|0,0|0,0|0,0|0,0|0,0|0,0|0,1|0,0|0,0|0,0|1,0|0,0|0,0|0,0|0,0|0,0|0,0|0,0|0,0|0,0|0,0|0,0|0,0|0,0|0,0|0,0|0,0|0,0|0,1|0,1|0,0|0,0|0,0|0,0|0,0|0,0|0,0|0,0|0,0|1,1|0,0|1,0|0,0|0,0|0,0|0,0|0,0|0,0|0,0|0,0|0,0|0,0|0,0|1,0|0,0|0,0|0,0|0,0|0,0|1
3,87234886,.,A,G,.,PASS,AC=1;AN=5096;DP=20290;AF=0;EAS_AF=0;EUR_AF=0;AFR_AF=0;AMR_AF=0;SAS_AF=0;VT=SNP;NS=2548,GT,0|0,0|0,0|0,0|0,0|0,0|0,0|0,0|0,0|0,0|0,0|0,0|0,0|0,0|0,0|0,0|0,0|0,0|0,0|0,0|0,0|0,0|0,0|0,0|0,0|0,0|0,0|0,0|0,0|0,0|0,0|0,0|0,0|0,0|0,0|0,0|0,0|0,0|0,0|0,0|0,0|0,0|0,0|0,0|0,0|0,0|0,0|0,0|0,0|0,0|0,0|0,0|0,0|0,0|0,0|0,0|0,0|0,0|0,0|0,0|0,0|0,0|0,0|0,0|0,0|0,0|0,0|0,0|0,0|0,0|0,0|0,0|0,0|0,0|0,0|0,0|0,0|0,0|0,0|0,0|0,0|0,0|1,0|0,0|0,0|0,0|0,0|0,0|0,0|0,0|0,0|0,0|0,0|0,0|0,0|0,0|0,0|0,0|0,0|0
3,87235161,.,A,T,.,PASS,AC=7;AN=5096;DP=17836;AF=0;EAS_AF=0;EUR_AF=0;AFR_AF=0;AMR_AF=0;SAS_AF=0;VT=SNP;NS=2548,GT,0|0,0|0,0|0,0|0,0|0,0|0,0|0,0|0,0|0,0|0,0|1,0|0,0|0,0|0,0|0,0|0,0|0,0|0,0|0,0|0,0|0,0|0,0|0,0|0,0|0,0|0,0|0,0|0,0|0,0|0,0|0,0|0,0|0,0|0,0|0,0|0,0|0,0|0,0|0,0|0,0|0,0|0,0|0,0|0,0|0,0|0,0|0,0|0,0|0,0|0,0|0,0|0,0|0,0|0,0|0,0|0,0|0,0|0,0|0,0|0,0|0,0|0,0|0,0|0,0|0,0|0,0|0,0|0,0|0,0|0,0|0,0|0,0|0,0|0,0|0,0|0,0|0,0|0,0|0,0|0,0|0,0|0,0|0,0|0,0|0,0|0,0|0,0|0,0|0,0|0,0|0,0|0,0|0,0|0,0|0,0|0,0|0,0|0,0|0
3,87235251,.,C,T,.,PASS,AC=2195;AN=5096;DP=16763;AF=0.43;EAS_AF=0.5;EUR_AF=0.39;AFR_AF=0.28;AMR_AF=0.5;SAS_AF=0.54;VT=SNP;NS=2548,GT,1|1,0|1,0|0,1|1,0|0,0|0,1|1,1|1,1|1,1|0,1|0,1|1,0|1,1|1,0|1,0|0,0|0,0|0,0|0,0|1,0|0,0|1,0|0,1|1,0|0,1|1,0|0,1|1,0|0,1|1,1|1,0|1,1|0,1|1,0|1,1|0,0|1,1|0,1|1,0|1,1|1,1|0,0|1,1|0,0|1,0|1,0|1,0|1,1|0,0|0,0|1,1|0,1|1,0|0,1|1,1|1,0|1,1|1,0|0,1|1,0|0,1|1,0|0,1|0,1|0,0|1,0|1,1|1,0|1,0|1,0|1,1|1,0|0,1|1,1|1,1|1,1|1,1|0,1|0,0|1,0|0,0|0,0|1,0|1,1|1,1|0,0|0,1|1,1|1,1|1,1|1,0|0,1|0,1|0,1|0,1|1,1|1,0|1,0|0
3,87235367,.,A,G,.,PASS,AC=8;AN=5096;DP=16366;AF=0;EAS_AF=0;EUR_AF=0.01;AFR_AF=0;AMR_AF=0;SAS_AF=0;VT=SNP;NS=2548,GT,0|0,0|0,0|0,0|0,0|0,0|0,0|0,0|0,0|0,0|0,0|0,0|0,0|0,0|0,0|0,0|0,0|0,0|0,0|0,0|0,0|0,0|0,0|0,0|0,0|0,0|0,0|0,0|0,0|0,0|0,0|0,0|0,0|0,0|0,0|0,0|0,0|0,0|0,0|0,0|0,0|0,0|0,0|0,0|0,0|0,0|0,0|0,0|0,0|0,0|0,0|0,0|0,0|0,0|0,0|0,0|0,0|0,0|0,0|0,0|0,0|0,0|0,0|0,0|0,0|0,0|0,0|0,0|0,0|0,0|0,0|0,0|0,0|0,0|0,0|0,0|0,0|0,0|0,0|0,0|0,0|0,0|0,0|1,0|0,0|0,0|0,0|0,0|0,0|0,0|0,0|0,0|0,0|0,0|0,0|0,0|0,0|0,0|0,0|0
3,87235840,.,C,T,.,PASS,AC=540;AN=5096;DP=18804;AF=0.11;EAS_AF=0.18;EUR_AF=0.07;AFR_AF=0.11;AMR_AF=0.07;SAS_AF=0.09;VT=SNP;NS=2548,GT,0|0,1|0,0|0,0|0,1|1,0|0,0|0,0|0,0|0,0|1,0|1,0|0,0|0,0|0,0|0,1|0,1|1,1|1,1|0,0|0,1|0,0|0,1|0,0|0,0|1,0|0,0|0,0|0,0|0,0|0,0|0,0|0,0|0,0|0,0|0,0|0,0|0,0|0,0|0,0|0,0|0,0|1,0|0,0|1,1|0,0|0,0|0,0|0,0|0,1|0,1|0,0|0,0|0,0|0,0|0,0|0,1|0,0|0,1|0,0|0,0|1,0|0,0|0,0|0,0|0,1|0,0|0,0|0,0|0,0|0,1|0,0|0,0|1,0|0,0|0,0|0,0|0,0|0,0|0,0|0,0|0,0|0,0|0,0|0,0|0,0|1,0|0,0|0,0|0,0|0,0|0,0|1,0|0,0|0,0|1,0|0,0|0,0|0,1|0
3,87235845,.,A,AT,.,PASS,AC=22;AN=5096;DP=19087;AF=0;EAS_AF=0.02;EUR_AF=0;AFR_AF=0;AMR_AF=0;SAS_AF=0;VT=INDEL;NS=2548,GT,0|0,0|0,0|0,0|0,0|0,0|0,0|0,0|0,0|0,0|0,0|0,0|0,0|0,0|0,0|0,0|0,0|0,0|0,0|0,0|0,0|0,0|0,0|0,0|0,0|0,0|0,0|0,1|0,0|0,0|0,0|0,0|0,0|0,0|0,0|0,0|0,0|0,0|0,0|0,0|1,0|0,0|0,0|0,0|0,0|0,0|0,0|0,0|0,0|0,0|0,0|0,0|0,0|0,0|0,0|0,0|0,0|0,0|0,0|0,0|1,0|0,0|1,0|0,0|0,0|0,0|0,0|0,0|0,0|0,0|0,0|0,0|0,0|0,0|0,0|0,0|0,0|0,0|0,0|0,0|0,0|0,0|0,0|0,0|0,0|0,0|0,0|0,0|0,0|0,0|0,0|0,0|0,0|0,0|0,0|0,0|0,0|0,0|0,0|0
3,87236025,.,C,T,.,PASS,AC=2;AN=5096;DP=23239;AF=0;EAS_AF=0;EUR_AF=0;AFR_AF=0;AMR_AF=0;SAS_AF=0;VT=SNP;NS=2548,GT,0|0,0|0,0|0,0|0,0|0,0|0,0|0,0|0,0|0,0|0,0|0,0|0,0|0,0|0,0|0,0|0,0|0,0|0,0|0,0|0,0|0,0|0,0|0,0|0,0|0,0|0,0|0,0|0,0|0,0|0,0|0,0|0,0|0,0|0,0|0,0|0,0|0,0|0,0|0,0|0,0|0,0|0,0|0,0|0,0|0,0|0,0|0,0|0,0|0,0|0,0|0,0|0,0|0,0|0,0|0,0|0,0|0,0|0,0|0,0|0,0|0,0|0,0|0,0|0,0|0,0|1,0|0,0|0,0|0,0|0,0|0,0|0,0|0,0|0,0|0,0|0,0|0,0|0,0|0,0|0,0|0,0|0,0|0,0|0,0|0,0|0,0|0,0|0,0|0,0|0,0|0,0|0,0|0,0|0,0|0,0|0,0|0,0|0,0|0
3,87236294,.,A,G,.,PASS,AC=4129;AN=5096;DP=20986;AF=0.81;EAS_AF=0.89;EUR_AF=0.94;AFR_AF=0.5;AMR_AF=0.94;SAS_AF=0.93;VT=SNP;NS=2548,GT,1|1,1|1,0|1,1|1,1|1,1|0,1|1,1|1,1|1,1|1,1|1,1|1,0|1,1|1,1|1,1|1,1|1,1|1,1|1,1|1,1|0,1|1,1|1,1|1,0|1,1|1,0|1,1|1,1|1,1|1,1|1,1|1,1|1,1|1,1|1,1|0,0|1,1|1,1|1,1|1,1|1,1|1,1|1,1|1,1|1,1|1,0|1,1|1,1|1,1|0,1|1,1|1,1|1,1|1,1|1,1|1,1|1,1|1,1|1,1|1,1|1,1|1,1|1,1|1,1|1,1|1,1|1,1|1,0|1,0|1,1|1,1|1,1|1,1|1,1|1,1|1,1|1,1|1,1|0,0|1,1|0,1|1,1|1,1|1,1|1,1|1,1|1,1|1,1|1,1|1,1|1,1|1,1|0,1|1,1|1,1|1,1|1,1|1,1|0
3,87236418,.,G,GA,.,PASS,AC=53;AN=5096;DP=21855;AF=0.01;EAS_AF=0.05;EUR_AF=0;AFR_AF=0;AMR_AF=0;SAS_AF=0;VT=INDEL;NS=2548,GT,0|0,0|0,0|0,0|0,0|0,0|0,0|0,0|0,0|0,0|0,0|0,0|0,0|0,0|0,0|0,0|0,0|1,0|0,0|0,0|0,1|0,0|0,1|0,0|0,0|0,0|0,0|0,0|0,0|0,0|0,0|0,0|0,0|0,0|0,0|0,0|0,0|0,0|0,0|0,0|0,0|0,0|0,0|0,0|0,0|0,0|0,0|0,0|0,0|0,0|0,0|0,0|0,0|0,0|0,0|0,0|0,0|0,0|0,0|0,0|0,0|1,0|0,0|0,0|0,0|0,1|0,0|0,0|0,0|0,0|0,0|0,0|0,0|0,0|0,0|0,0|0,0|0,0|0,0|0,0|0,0|0,0|0,0|0,0|0,0|0,0|0,0|0,0|0,0|0,0|0,0|0,0|0,0|0,0|0,0|0,0|0,0|0,0|0,1|0
3,87236549,.,C,G,.,PASS,AC=6;AN=5096;DP=17522;AF=0;EAS_AF=0.01;EUR_AF=0;AFR_AF=0;AMR_AF=0;SAS_AF=0;VT=SNP;NS=2548,GT,0|0,0|0,0|0,0|0,0|0,0|0,0|0,0|0,0|0,0|0,0|0,0|0,0|0,0|0,0|0,0|0,0|0,0|0,0|0,0|0,0|0,0|0,0|0,0|0,0|0,0|0,0|0,0|0,0|0,0|0,0|0,0|0,0|0,0|0,0|0,0|0,0|0,0|0,0|0,0|0,0|0,0|0,0|0,0|0,0|0,0|0,0|0,0|0,0|0,0|0,0|0,0|0,0|0,0|0,0|0,0|0,0|0,0|0,0|0,0|0,0|0,0|0,0|0,0|0,0|0,0|0,0|0,0|0,0|0,0|1,0|0,0|0,0|0,0|0,0|0,0|0,0|0,0|0,0|0,0|0,0|0,0|0,0|0,0|0,0|0,0|0,0|0,0|0,0|0,0|0,0|0,0|0,0|0,0|0,0|0,0|0,0|0,0|0,0|0
3,87236955,.,C,T,.,PASS,AC=1223;AN=5096;DP=20049;AF=0.24;EAS_AF=0.19;EUR_AF=0.45;AFR_AF=0.02;AMR_AF=0.34;SAS_AF=0.29;VT=SNP;NS=2548,GT,0|0,0|0,0|1,0|0,0|0,1|0,0|0,0|0,0|0,0|0,0|0,0|0,0|0,0|0,1|0,0|1,0|0,0|0,0|1,1|0,0|0,1|0,0|1,0|0,0|0,0|0,0|1,0|0,1|1,0|0,0|0,1|0,0|1,0|0,1|0,0|0,0|0,0|1,0|0,1|0,0|0,0|0,1|0,0|0,0|0,1|0,0|0,1|0,0|1,0|0,0|0,0|0,0|0,1|1,0|0,0|0,0|0,0|0,0|1,0|0,1|0,0|0,1|1,0|1,0|1,0|0,1|0,0|0,0|0,0|0,0|0,0|0,1|0,0|0,0|0,0|0,0|0,0|1,0|0,0|0,1|0,1|1,1|0,1|0,0|0,0|0,1|1,0|0,0|0,0|0,0|0,1|0,0|0,0|1,0|0,0|0,0|0,1|0,0|0
3,87237073,.,G,A,.,PASS,AC=1223;AN=5096;DP=20837;AF=0.24;EAS_AF=0.19;EUR_AF=0.45;AFR_AF=0.02;AMR_AF=0.34;SAS_AF=0.29;VT=SNP;NS=2548,GT,0|0,0|0,0|1,0|0,0|0,1|0,0|0,0|0,0|0,0|0,0|0,0|0,0|0,0|0,1|0,0|1,0|0,0|0,0|1,1|0,0|0,1|0,0|1,0|0,0|0,0|0,0|1,0|0,1|1,0|0,0|0,1|0,0|1,0|0,1|0,0|0,0|0,0|1,0|0,1|0,0|0,0|0,1|0,0|0,0|0,1|0,0|0,1|0,0|1,0|0,0|0,0|0,0|0,1|1,0|0,0|0,0|0,0|0,0|1,0|0,1|0,0|0,1|1,0|1,0|1,0|0,1|0,0|0,0|0,0|0,0|0,0|0,1|0,0|0,0|0,0|0,0|0,0|1,0|0,0|0,1|0,1|1,1|0,1|0,0|0,0|0,1|1,0|0,0|0,0|0,0|0,1|0,0|0,0|1,0|0,0|0,0|0,1|0,0|0
3,87237089,.,A,G,.,PASS,AC=4971;AN=5096;DP=20668;AF=0.98;EAS_AF=1;EUR_AF=1;AFR_AF=0.91;AMR_AF=1;SAS_AF=1;VT=SNP;NS=2548,GT,1|1,1|1,1|1,1|1,1|1,1|1,1|1,1|1,1|1,1|1,1|1,1|1,1|1,1|1,1|1,1|1,1|1,1|1,1|1,1|1,1|1,1|1,1|1,1|1,1|1,1|1,1|1,1|1,1|1,1|1,1|1,1|1,1|1,1|1,1|1,1|1,1|1,1|1,1|1,1|1,1|1,1|1,1|1,1|1,1|1,1|1,1|1,1|1,1|1,1|1,1|1,1|1,1|1,1|1,1|1,1|1,1|1,1|1,1|1,1|1,1|1,1|1,1|1,1|1,1|1,1|1,1|1,1|1,1|1,1|1,1|1,1|1,1|1,1|1,1|1,1|1,1|1,1|1,1|1,1|1,1|1,1|1,1|1,1|1,1|1,1|1,1|1,1|1,1|1,1|1,1|1,1|1,1|1,1|1,1|1,1|1,1|1,1|1,1|1
3,87237234,.,CA,C,.,PASS,AC=7;AN=5096;DP=20348;AF=0;EAS_AF=0.01;EUR_AF=0;AFR_AF=0;AMR_AF=0;SAS_AF=0;VT=INDEL;NS=2548,GT,0|0,0|0,0|0,0|0,0|0,0|0,0|0,0|0,1|0,0|0,0|0,0|0,0|0,0|0,0|0,0|0,0|0,0|0,0|0,0|0,0|0,0|0,0|0,0|1,0|0,0|0,0|0,0|0,0|0,0|0,0|0,0|0,0|0,0|0,0|0,0|0,0|0,0|0,0|0,0|0,0|0,0|0,0|0,0|0,0|0,0|0,0|0,0|0,0|0,0|0,0|0,0|0,0|0,0|0,0|0,0|0,0|0,0|0,0|0,0|0,0|0,0|0,0|0,0|0,0|0,0|0,0|0,1|0,0|0,0|0,0|0,0|0,0|0,0|0,0|1,0|0,0|0,0|0,0|0,0|0,0|0,0|0,0|1,0|0,0|0,0|0,0|0,0|0,0|0,0|0,0|0,0|0,0|0,0|0,0|0,0|0,0|0,0|0,0|0
3,87237632,.,C,T,.,PASS,AC=2;AN=5096;DP=18147;AF=0;EAS_AF=0;EUR_AF=0;AFR_AF=0;AMR_AF=0;SAS_AF=0;VT=SNP;NS=2548,GT,0|0,0|0,0|0,0|0,0|0,0|0,0|0,0|0,0|0,0|0,0|0,0|0,0|0,0|0,0|0,0|0,0|0,0|0,0|0,0|0,0|0,0|0,0|0,0|0,0|0,0|0,0|0,0|0,0|0,0|0,0|0,0|0,0|0,0|0,0|0,0|0,0|0,0|0,0|0,0|0,0|0,0|0,0|0,0|0,0|0,0|0,0|0,0|0,0|0,0|0,0|0,0|0,0|0,0|0,0|0,0|0,0|0,0|0,0|0,0|0,0|0,0|0,0|0,0|0,0|0,0|0,0|0,0|0,0|0,0|0,0|0,0|0,0|0,0|0,0|0,0|0,0|0,0|0,0|0,0|0,0|0,0|0,0|0,0|0,0|0,0|0,0|0,0|0,0|0,0|0,0|0,0|0,0|0,0|0,0|0,0|0,1|0,0|0,0|0
3,87237970,.,G,A,.,PASS,AC=2335;AN=5096;DP=17750;AF=0.46;EAS_AF=0.51;EUR_AF=0.42;AFR_AF=0.35;AMR_AF=0.52;SAS_AF=0.55;VT=SNP;NS=2548,GT,1|1,0|1,0|0,1|1,0|0,0|0,1|1,1|1,1|1,1|0,1|0,1|1,0|1,1|1,0|1,0|0,0|0,0|0,0|0,0|1,0|0,0|1,0|0,1|1,0|0,1|1,0|0,1|1,0|0,1|1,1|1,0|1,1|0,1|1,0|1,1|0,0|1,1|0,1|1,0|1,1|1,1|0,0|1,1|0,0|1,0|1,0|1,0|1,1|0,0|0,0|1,1|1,1|1,0|0,1|1,1|1,0|1,1|1,0|0,1|1,0|0,1|1,0|0,1|0,1|0,0|1,0|1,1|1,0|1,0|1,0|1,1|1,0|0,1|1,1|1,1|1,1|1,1|0,1|0,0|1,0|0,0|0,0|1,0|1,1|1,1|0,0|0,1|1,1|1,1|1,1|1,0|0,1|0,1|0,1|0,1|1,1|1,0|1,0|0
3,87238163,.,GA,G,.,PASS,AC=2;AN=5096;DP=17671;AF=0;EAS_AF=0;EUR_AF=0;AFR_AF=0;AMR_AF=0;SAS_AF=0;VT=INDEL;NS=2548,GT,0|0,0|0,0|0,0|0,0|0,0|0,0|0,0|0,0|0,0|0,0|0,0|0,0|0,0|0,0|0,0|0,0|0,0|0,0|0,0|0,0|0,0|0,0|0,0|0,0|0,0|0,0|0,0|0,0|0,0|0,0|0,0|0,1|0,0|0,0|0,0|0,0|0,0|0,0|0,0|0,0|0,0|0,0|0,0|0,0|0,0|0,0|0,0|0,0|0,0|0,0|0,0|0,0|0,0|0,0|0,0|0,0|0,0|0,0|0,0|0,0|0,0|0,0|0,0|0,0|0,0|0,0|0,0|0,0|0,0|0,0|0,0|0,0|0,0|0,0|0,0|0,0|0,0|0,0|0,0|0,0|0,0|0,0|0,0|0,0|0,0|0,0|0,0|0,0|0,0|0,0|0,0|0,0|0,0|0,0|0,0|0,0|0,0|0,0|0
3,87238425,.,T,C,.,PASS,AC=4809;AN=5096;DP=19359;AF=0.94;EAS_AF=1;EUR_AF=1;AFR_AF=0.79;AMR_AF=0.99;SAS_AF=1;VT=SNP;NS=2548,GT,1|1,1|1,1|1,1|1,1|1,1|1,1|1,1|1,1|1,1|1,1|1,1|1,1|1,1|1,1|1,1|1,1|1,1|1,1|1,1|1,1|1,1|1,1|1,1|1,1|1,1|1,1|1,1|1,1|1,1|1,1|1,1|1,1|1,1|1,1|1,1|1,1|1,1|1,1|1,1|1,1|1,1|1,1|1,1|1,1|1,1|1,1|1,1|1,1|1,1|1,1|1,1|1,1|1,1|1,1|1,1|1,1|1,1|1,1|1,1|1,1|1,1|1,1|1,1|1,1|1,1|1,1|1,1|1,1|1,1|1,1|1,1|1,1|1,1|1,1|1,1|1,1|1,1|1,1|1,1|1,1|1,1|1,1|1,1|1,1|1,1|1,1|1,1|1,1|1,1|1,1|1,1|1,1|1,1|1,1|1,1|1,1|1,1|1,1|1
3,87238584,.,T,C,.,PASS,AC=27;AN=5096;DP=22683;AF=0.01;EAS_AF=0.01;EUR_AF=0.01;AFR_AF=0;AMR_AF=0;SAS_AF=0.01;VT=SNP;NS=2548,GT,0|0,0|0,0|0,0|0,0|0,0|0,0|0,0|0,0|0,0|0,0|0,0|0,0|0,0|0,0|0,0|0,0|0,0|0,0|0,0|0,0|0,0|0,0|0,0|0,0|0,0|0,0|0,0|0,0|0,0|0,0|0,0|0,0|0,0|0,0|0,0|0,0|0,0|0,0|0,0|0,0|0,0|0,0|0,0|0,0|0,0|0,0|0,0|0,0|0,0|0,0|0,0|1,0|0,0|0,0|0,0|0,0|0,0|0,0|0,0|0,0|0,0|0,0|0,0|0,0|0,0|0,0|0,0|0,0|0,0|0,0|0,0|0,0|0,0|0,0|0,0|0,0|0,0|0,0|0,0|0,0|0,0|0,0|0,0|0,0|0,0|0,0|0,0|0,0|0,0|0,0|0,0|0,0|0,0|0,0|0,0|0,0|0,0|0,0|0
3,87238681,.,C,T,.,PASS,AC=8;AN=5096;DP=21741;AF=0;EAS_AF=0;EUR_AF=0;AFR_AF=0;AMR_AF=0;SAS_AF=0;VT=SNP;NS=2548,GT,0|0,0|0,0|0,0|0,0|0,0|0,0|0,0|0,0|0,0|0,0|0,0|0,0|0,0|0,0|0,0|0,1|0,0|0,0|0,0|0,0|0,0|0,0|0,0|0,0|0,0|0,0|0,0|0,0|0,0|0,0|0,0|0,0|0,0|0,0|0,0|0,0|0,0|0,0|0,0|0,0|0,0|0,0|0,0|0,1|0,0|0,0|0,0|0,0|0,0|0,0|0,0|0,0|0,0|0,0|0,0|0,0|0,0|0,0|0,0|0,0|0,0|0,0|0,0|0,0|0,0|0,0|0,0|0,0|0,0|0,0|0,0|0,0|0,0|0,0|0,0|0,0|0,0|0,0|0,0|0,0|0,0|0,0|0,0|0,0|0,0|1,0|0,0|0,0|0,0|0,0|0,0|0,0|0,0|0,0|0,0|0,0|0,0|0,0|0
3,87239258,.,A,AT,.,PASS,AC=1;AN=5096;DP=18252;AF=0;EAS_AF=0;EUR_AF=0;AFR_AF=0;AMR_AF=0;SAS_AF=0;VT=INDEL;NS=2548,GT,0|0,0|0,0|0,0|0,0|0,0|0,0|0,0|0,0|0,0|0,0|0,0|0,0|0,0|0,0|0,0|0,0|0,0|0,0|0,0|0,0|0,0|0,0|0,0|0,0|0,0|0,0|0,0|0,0|0,0|0,0|0,0|0,0|0,0|0,0|0,0|0,0|0,0|0,0|0,0|0,0|0,0|0,0|0,0|0,0|0,0|0,0|0,0|0,0|0,0|0,0|0,0|0,0|0,0|0,0|0,0|0,0|0,0|0,0|0,0|0,0|0,0|0,0|0,0|0,0|0,0|1,0|0,0|0,0|0,0|0,0|0,0|0,0|0,0|0,0|0,0|0,0|0,0|0,0|0,0|0,0|0,0|0,0|0,0|0,0|0,0|0,0|0,0|0,0|0,0|0,0|0,0|0,0|0,0|0,0|0,0|0,0|0,0|0,0|0
3,87239287,.,CT,C,.,PASS,AC=1284;AN=5096;DP=18505;AF=0.25;EAS_AF=0.34;EUR_AF=0.28;AFR_AF=0.03;AMR_AF=0.38;SAS_AF=0.35;VT=INDEL;NS=2548,GT,0|1,0|1,0|0,1|1,0|0,0|0,1|0,1|1,1|0,1|0,0|0,0|1,0|1,0|0,0|1,0|0,0|0,0|0,0|0,0|0,0|0,0|0,0|0,1|1,0|0,1|0,0|0,0|1,0|0,1|1,1|1,0|1,1|0,1|0,0|1,1|0,0|1,1|0,1|1,0|0,0|1,0|0,0|1,0|0,0|0,0|1,0|1,0|1,1|0,0|0,0|1,1|0,1|1,0|0,0|1,0|1,0|1,1|1,0|0,1|0,0|0,0|0,0|0,0|0,1|0,0|1,0|1,1|1,0|1,0|0,0|1,1|1,0|0,1|0,1|1,1|1,1|0,0|0,1|0,0|0,0|0,0|0,0|1,0|1,0|1,1|0,0|0,1|1,0|0,0|1,1|1,0|0,1|0,1|0,1|0,0|0,0|1,0|1,0|0
3,87240101,.,C,CTG,.,PASS,AC=141;AN=5096;DP=15118;AF=0.03;EAS_AF=0.01;EUR_AF=0.03;AFR_AF=0.06;AMR_AF=0.02;SAS_AF=0.01;VT=INDEL;NS=2548,GT,0|0,0|0,0|0,0|0,0|0,0|0,0|0,0|0,0|0,0|0,0|0,0|0,0|0,0|0,0|0,0|0,0|0,0|0,0|0,0|0,0|0,0|0,0|0,0|0,0|0,0|0,0|0,0|0,0|0,0|0,0|0,0|0,0|0,0|0,0|0,0|0,0|0,0|0,0|0,0|0,0|0,0|0,0|0,0|0,0|0,0|0,0|0,0|0,0|0,0|0,0|0,0|1,0|0,0|0,0|0,0|0,0|0,0|0,0|0,0|0,0|0,0|0,0|0,0|0,0|0,0|0,0|0,0|0,0|0,0|0,0|0,0|0,0|0,0|0,0|0,0|0,0|0,0|0,0|0,0|0,0|0,0|0,0|0,0|0,0|0,0|0,0|0,0|0,0|0,0|0,0|0,0|0,0|0,0|0,0|0,0|0,0|0,0|0,0|0
3,87240346,.,A,G,.,PASS,AC=12;AN=5096;DP=16039;AF=0;EAS_AF=0.01;EUR_AF=0;AFR_AF=0;AMR_AF=0;SAS_AF=0;VT=SNP;NS=2548,GT,0|0,0|0,0|0,0|0,0|0,0|0,0|0,0|0,0|0,0|0,0|0,0|0,0|0,0|0,0|0,0|1,0|0,0|0,0|0,0|0,0|0,0|0,0|0,0|0,0|0,0|0,0|0,0|0,0|0,0|0,0|0,0|0,0|0,0|0,0|0,0|0,0|0,0|0,0|0,0|0,0|0,0|0,0|0,0|0,0|0,0|0,0|0,0|0,0|0,0|0,0|0,0|0,0|0,0|0,0|0,0|0,0|0,0|0,0|0,0|0,0|0,0|0,0|0,0|0,0|0,0|0,0|0,0|0,0|0,0|0,0|0,0|0,0|0,0|0,0|0,0|0,0|0,0|0,0|0,0|0,0|0,0|0,0|0,0|0,0|0,0|0,0|0,0|0,0|0,0|0,0|0,0|0,0|0,0|0,0|0,0|0,0|0,0|0,0|0
3,87240437,.,A,G,.,PASS,AC=1;AN=5096;DP=21230;AF=0;EAS_AF=0;EUR_AF=0;AFR_AF=0;AMR_AF=0;SAS_AF=0;VT=SNP;NS=2548,GT,0|0,0|0,0|0,0|0,0|0,0|0,0|0,0|0,0|0,0|0,0|0,0|0,0|0,0|0,0|0,0|0,0|0,0|0,0|0,0|0,0|0,0|0,0|0,0|0,0|0,0|0,0|0,0|0,0|0,0|0,0|0,0|0,0|0,0|0,0|0,1|0,0|0,0|0,0|0,0|0,0|0,0|0,0|0,0|0,0|0,0|0,0|0,0|0,0|0,0|0,0|0,0|0,0|0,0|0,0|0,0|0,0|0,0|0,0|0,0|0,0|0,0|0,0|0,0|0,0|0,0|0,0|0,0|0,0|0,0|0,0|0,0|0,0|0,0|0,0|0,0|0,0|0,0|0,0|0,0|0,0|0,0|0,0|0,0|0,0|0,0|0,0|0,0|0,0|0,0|0,0|0,0|0,0|0,0|0,0|0,0|0,0|0,0|0,0|0
3,87240584,.,A,T,.,PASS,AC=1;AN=5096;DP=76561;AF=0;EAS_AF=0;EUR_AF=0;AFR_AF=0;AMR_AF=0;SAS_AF=0;VT=SNP;NS=2548,GT,0|0,0|0,0|0,0|0,0|0,0|0,0|0,0|0,0|0,0|0,0|0,0|0,0|0,0|0,0|0,0|0,0|0,0|0,0|0,0|0,0|0,0|0,0|0,0|0,0|0,0|0,0|0,0|0,0|0,0|0,0|0,0|0,0|0,0|0,0|0,0|0,0|0,0|0,0|0,0|0,0|0,0|0,0|0,0|0,0|0,0|0,0|0,0|1,0|0,0|0,0|0,0|0,0|0,0|0,0|0,0|0,0|0,0|0,0|0,0|0,0|0,0|0,0|0,0|0,0|0,0|0,0|0,0|0,0|0,0|0,0|0,0|0,0|0,0|0,0|0,0|0,0|0,0|0,0|0,0|0,0|0,0|0,0|0,0|0,0|0,0|0,0|0,0|0,0|0,0|0,0|0,0|0,0|0,0|0,0|0,0|0,0|0,0|0,0|0
3,87240660,.,A,G,.,PASS,AC=1;AN=5096;DP=206735;AF=0;EAS_AF=0;EUR_AF=0;AFR_AF=0;AMR_AF=0;SAS_AF=0;VT=SNP;NS=2548,GT,0|0,0|0,0|0,0|0,0|0,0|0,0|0,0|0,0|0,0|0,0|0,0|0,0|0,0|0,0|0,0|0,0|0,0|0,0|0,0|0,0|0,0|0,0|0,0|0,0|0,0|0,0|0,0|0,0|0,0|0,0|0,0|0,0|0,0|0,0|0,0|0,0|0,0|0,0|0,0|0,0|0,0|0,0|0,0|0,0|0,0|0,0|0,0|0,0|0,0|0,0|0,0|0,0|0,0|0,0|0,0|0,0|0,0|0,0|0,0|0,0|0,0|0,0|0,0|0,0|0,0|0,0|0,0|0,0|0,0|0,0|0,0|0,0|0,0|0,0|0,0|0,0|0,0|0,0|0,0|0,0|0,0|0,0|0,0|0,0|0,0|0,0|0,0|0,0|0,0|0,0|0,0|0,1|0,0|0,0|0,0|0,0|0,0|0,0|0
3,87241239,.,A,G,.,PASS,AC=1224;AN=5096;DP=19926;AF=0.24;EAS_AF=0.19;EUR_AF=0.45;AFR_AF=0.02;AMR_AF=0.34;SAS_AF=0.29;VT=SNP;NS=2548,GT,0|0,0|0,0|1,0|0,0|0,1|0,0|0,0|0,0|0,0|0,0|0,0|0,0|0,0|0,1|0,0|1,0|0,0|0,0|1,1|0,0|0,1|0,0|1,0|0,0|0,0|0,0|1,0|0,1|1,0|0,0|0,1|0,0|1,0|0,1|0,0|0,0|0,0|1,0|0,1|0,0|0,0|0,1|0,0|0,0|0,1|0,0|0,1|0,0|1,0|0,0|0,0|0,0|0,1|1,0|0,0|0,0|0,0|0,0|1,0|0,1|0,0|0,1|1,0|1,0|1,0|0,1|0,0|0,0|0,0|0,0|0,0|0,1|0,0|0,0|0,0|0,0|0,0|1,0|0,0|0,1|0,1|1,1|0,1|0,0|0,0|0,1|1,0|0,0|0,0|0,0|0,1|0,0|0,0|1,0|0,0|0,0|0,1|0,0|0
3,87241601,.,AT,A,.,PASS,AC=16;AN=5096;DP=19006;AF=0;EAS_AF=0.01;EUR_AF=0;AFR_AF=0;AMR_AF=0.01;SAS_AF=0;VT=INDEL;NS=2548,GT,0|0,0|0,0|0,0|0,0|0,0|0,0|0,0|0,0|0,0|0,0|0,0|0,0|0,0|0,0|0,0|0,0|0,0|0,0|0,0|0,0|0,0|0,0|0,0|0,0|0,0|0,0|0,0|0,0|0,0|0,0|0,0|0,0|0,0|0,0|0,0|0,0|0,0|0,0|0,0|0,0|0,0|0,0|0,0|0,0|0,0|0,0|0,0|0,0|0,0|0,0|0,0|0,0|0,0|0,0|0,0|0,0|0,0|0,0|0,0|0,0|0,0|0,0|0,0|0,0|0,0|0,0|0,0|0,0|0,0|1,0|0,0|0,0|0,0|0,0|0,0|0,0|0,0|0,0|0,0|0,0|0,0|0,0|0,0|0,0|0,0|0,0|0,0|0,0|0,0|0,0|0,0|0,0|0,0|0,0|0,0|0,0|0,0|0,0|0
3,87242284,.,T,C,.,PASS,AC=154;AN=5096;DP=18418;AF=0.03;EAS_AF=0.04;EUR_AF=0;AFR_AF=0.02;AMR_AF=0.02;SAS_AF=0.08;VT=SNP;NS=2548,GT,0|0,0|0,0|0,0|0,0|0,0|0,0|1,0|0,0|0,0|0,1|0,1|0,0|0,0|0,0|0,0|0,0|0,0|0,0|0,0|0,0|0,0|0,0|0,0|0,0|0,0|0,0|0,0|0,0|0,0|0,0|0,0|0,0|0,0|1,0|0,0|0,0|0,0|0,0|0,0|0,0|0,1|0,0|0,1|0,0|0,0|0,0|0,0|0,0|0,0|0,0|0,0|0,0|0,0|0,1|0,1|0,0|0,0|0,0|0,0|0,0|0,0|0,0|0,0|0,0|0,0|0,0|0,0|0,0|0,0|0,0|0,0|0,0|0,0|0,0|0,0|0,0|0,0|0,0|0,0|1,0|0,0|0,0|0,0|0,1|0,0|0,0|0,0|0,1|1,0|0,0|0,0|0,0|0,0|0,0|0,0|0,0|0,0|0,0|0
3,87242402,.,T,C,.,PASS,AC=2;AN=5096;DP=19835;AF=0;EAS_AF=0;EUR_AF=0;AFR_AF=0;AMR_AF=0;SAS_AF=0;VT=SNP;NS=2548,GT,0|0,0|0,0|0,0|0,0|0,0|0,0|0,0|0,0|0,0|0,0|0,0|0,0|0,0|0,0|0,0|0,0|0,0|0,0|0,0|0,0|0,0|0,0|0,0|0,0|0,0|0,0|0,0|0,0|0,0|0,0|0,0|0,0|0,0|0,0|0,0|0,0|0,0|0,0|0,0|0,0|0,1|0,0|0,0|0,0|0,0|0,0|0,0|0,0|0,0|0,0|0,0|0,0|0,0|0,0|0,0|0,0|0,0|0,0|0,0|0,0|0,0|0,0|0,0|0,0|0,0|0,0|0,0|0,0|0,0|0,0|0,0|0,0|0,0|0,0|0,0|0,0|0,0|0,0|0,0|0,0|0,0|0,0|0,0|0,0|0,0|0,0|0,0|0,0|0,0|0,0|0,0|0,0|0,0|0,0|0,0|0,0|0,0|0,0|0
3,87242730,.,G,C,.,PASS,AC=1222;AN=5096;DP=20755;AF=0.24;EAS_AF=0.19;EUR_AF=0.45;AFR_AF=0.02;AMR_AF=0.34;SAS_AF=0.29;VT=SNP;NS=2548,GT,0|0,0|0,0|1,0|0,0|0,1|0,0|0,0|0,0|0,0|0,0|0,0|0,0|0,0|0,1|0,0|1,0|0,0|0,0|1,1|0,0|0,1|0,0|1,0|0,0|0,0|0,0|1,0|0,1|1,0|0,0|0,1|0,0|1,0|0,1|0,0|0,0|0,0|1,0|0,1|0,0|0,0|0,1|0,0|0,0|0,1|0,0|0,1|0,0|1,0|0,0|0,0|1,0|0,1|1,0|0,0|0,0|0,0|0,0|1,0|0,1|0,0|0,1|1,0|1,0|1,0|0,1|0,0|0,0|0,0|0,0|0,0|0,1|0,0|0,0|0,0|0,0|0,0|1,0|0,0|0,1|0,1|1,1|0,1|0,0|0,0|0,1|1,0|0,0|0,0|0,0|0,1|0,0|0,0|1,0|0,0|0,0|0,1|0,0|0
3,87244030,.,T,G,.,PASS,AC=2531;AN=5096;DP=18786;AF=0.5;EAS_AF=0.53;EUR_AF=0.73;AFR_AF=0.06;AMR_AF=0.72;SAS_AF=0.64;VT=SNP;NS=2548,GT,0|1,0|1,0|1,1|1,0|0,1|0,1|0,1|1,1|0,1|0,0|0,0|1,0|1,1|0,1|1,0|1,0|0,0|0,0|1,1|0,0|0,1|0,0|1,1|1,0|0,1|0,0|1,0|1,1|1,1|1,1|1,1|1,1|1,1|0,1|1,1|0,0|1,1|1,1|1,1|0,0|1,0|0,1|1,0|0,0|0,1|1,0|1,1|1,1|1,0|0,0|1,1|1,1|1,1|1,0|1,0|1,0|1,1|1,0|1,1|0,1|0,0|0,1|1,0|1,1|1,0|1,1|1,1|1,0|1,0|0,0|1,1|1,1|0,1|0,1|1,1|1,1|0,0|1,1|0,0|0,1|0,1|1,1|1,1|1,0|1,1|0,1|1,1|1,0|0,0|1,1|1,1|0,1|0,1|1,1|0,0|0,0|1,1|1,0|0
3,87244045,.,T,A,.,PASS,AC=1;AN=5096;DP=17717;AF=0;EAS_AF=0;EUR_AF=0;AFR_AF=0;AMR_AF=0;SAS_AF=0;VT=SNP;NS=2548,GT,0|0,0|0,0|0,0|0,0|0,0|0,0|0,0|0,0|0,0|0,0|0,0|0,0|0,0|0,0|0,0|0,0|0,0|0,0|0,0|0,0|0,1|0,0|0,0|0,0|0,0|0,0|0,0|0,0|0,0|0,0|0,0|0,0|0,0|0,0|0,0|0,0|0,0|0,0|0,0|0,0|0,0|0,0|0,0|0,0|0,0|0,0|0,0|0,0|0,0|0,0|0,0|0,0|0,0|0,0|0,0|0,0|0,0|0,0|0,0|0,0|0,0|0,0|0,0|0,0|0,0|0,0|0,0|0,0|0,0|0,0|0,0|0,0|0,0|0,0|0,0|0,0|0,0|0,0|0,0|0,0|0,0|0,0|0,0|0,0|0,0|0,0|0,0|0,0|0,0|0,0|0,0|0,0|0,0|0,0|0,0|0,0|0,0|0,0|0
3,87244203,.,C,T,.,PASS,AC=7;AN=5096;DP=13487;AF=0;EAS_AF=0.01;EUR_AF=0;AFR_AF=0;AMR_AF=0;SAS_AF=0;VT=SNP;NS=2548,GT,0|0,0|0,0|0,0|0,0|0,0|0,0|0,0|0,0|0,0|0,0|0,0|0,0|0,0|0,0|0,0|0,0|0,0|0,0|0,0|0,0|0,0|0,0|0,0|0,0|0,0|0,0|0,0|0,0|0,0|0,0|0,0|0,0|0,0|0,0|0,0|0,0|0,0|0,0|0,0|0,0|0,0|0,0|0,0|0,0|0,0|0,0|0,0|0,0|0,0|0,0|0,0|0,0|0,0|0,0|0,0|0,0|0,0|0,0|0,0|0,0|0,0|0,0|0,0|0,0|0,0|0,0|0,0|0,0|0,0|0,0|0,0|0,0|0,0|0,0|0,0|0,0|0,0|0,0|0,0|0,0|1,0|0,0|0,0|0,0|0,0|0,0|0,0|0,0|0,0|0,0|0,0|0,0|0,0|0,0|0,0|0,0|0,0|0,0|0
3,87244230,.,A,G,.,PASS,AC=1224;AN=5096;DP=13076;AF=0.24;EAS_AF=0.19;EUR_AF=0.45;AFR_AF=0.02;AMR_AF=0.34;SAS_AF=0.29;VT=SNP;NS=2548,GT,0|0,0|0,0|1,0|0,0|0,1|0,0|0,0|0,0|0,0|0,0|0,0|0,0|0,0|0,1|0,0|1,0|0,0|0,0|1,1|0,0|0,1|0,0|1,0|0,0|0,0|0,0|1,0|0,1|1,0|0,0|0,1|0,0|1,0|0,1|0,0|0,0|0,0|1,0|0,1|0,0|0,0|0,1|0,0|0,0|0,1|0,0|0,1|0,0|1,0|0,0|0,0|1,0|0,1|1,0|0,0|0,0|0,0|0,0|1,0|0,1|0,0|0,1|1,0|1,0|1,0|0,1|0,0|0,0|0,0|0,0|0,0|0,1|0,0|0,0|0,0|0,0|0,0|1,0|0,0|0,1|0,1|1,1|0,1|0,0|0,0|0,1|1,0|0,0|0,0|0,0|0,1|0,0|0,0|1,0|0,0|0,0|0,1|0,0|0
3,87244296,.,A,G,.,PASS,AC=2336;AN=5096;DP=14188;AF=0.46;EAS_AF=0.51;EUR_AF=0.42;AFR_AF=0.35;AMR_AF=0.52;SAS_AF=0.55;VT=SNP;NS=2548,GT,1|1,0|1,0|0,1|1,0|0,0|0,1|1,1|1,1|1,1|0,1|0,1|1,0|1,1|1,0|1,0|0,0|0,0|0,0|0,0|1,0|0,0|1,0|0,1|1,0|0,1|1,0|0,1|1,0|0,1|1,1|1,0|1,1|0,1|1,0|1,1|0,0|1,1|0,1|1,0|1,1|1,1|0,0|1,1|0,0|1,0|1,0|1,0|1,1|0,0|0,0|1,1|0,1|1,0|0,1|1,1|1,0|1,1|1,0|0,1|1,0|0,1|1,0|0,1|0,1|0,0|1,0|1,1|1,0|1,0|1,0|1,1|1,0|0,1|1,1|1,1|1,1|1,1|0,1|0,0|1,0|0,0|0,0|1,0|1,1|1,1|0,0|0,1|1,1|1,1|1,1|1,0|0,1|0,1|0,1|0,1|1,1|1,0|1,0|0
3,87244392,.,G,A,.,PASS,AC=1330;AN=5096;DP=14148;AF=0.26;EAS_AF=0.34;EUR_AF=0.28;AFR_AF=0.06;AMR_AF=0.38;SAS_AF=0.35;VT=SNP;NS=2548,GT,0|1,0|1,0|0,1|1,0|0,0|0,1|0,1|1,1|0,1|0,0|0,0|1,0|1,0|0,0|1,0|0,0|0,0|0,0|0,0|0,0|0,0|0,0|0,1|1,0|0,1|0,0|0,0|1,0|0,1|1,1|1,0|1,1|0,1|0,0|1,1|0,0|1,1|0,1|1,0|0,0|1,0|0,0|1,0|0,0|0,0|1,0|1,0|1,1|0,0|0,0|1,1|0,1|1,0|0,0|1,0|1,0|1,1|1,0|0,1|0,0|0,0|0,0|0,0|0,1|0,0|1,0|1,1|1,0|1,0|0,0|1,1|1,0|0,1|0,1|1,1|1,1|0,0|0,1|0,0|0,0|0,0|0,0|1,0|1,0|1,1|0,0|0,1|1,0|0,0|1,1|1,0|0,1|0,1|0,1|0,0|0,0|1,0|1,0|0
3,87244409,.,C,CT,.,PASS,AC=839;AN=5096;DP=14533;AF=0.16;EAS_AF=0.17;EUR_AF=0.11;AFR_AF=0.21;AMR_AF=0.11;SAS_AF=0.19;VT=INDEL;NS=2548,GT,1|0,0|0,0|0,0|0,0|0,0|0,0|1,0|0,0|1,0|0,1|0,1|0,0|0,1|1,0|0,0|0,0|0,0|0,0|0,0|1,0|0,0|1,0|0,0|0,0|0,0|1,0|0,1|0,0|0,0|0,0|0,0|0,0|0,0|1,0|0,0|0,0|0,0|0,0|0,0|1,1|0,1|0,0|0,1|0,0|1,0|0,0|0,0|0,0|0,0|0,0|0,0|0,0|0,0|0,1|0,1|0,0|0,0|0,0|0,0|1,0|0,1|1,0|0,1|0,0|0,0|0,0|0,0|0,0|0,0|1,0|0,0|0,0|0,0|1,0|0,0|0,0|1,1|0,0|0,0|1,0|0,0|0,0|0,0|0,1|0,0|0,0|0,0|0,1|1,1|0,0|0,0|0,0|0,0|0,0|0,1|1,1|0,0|0,0|0
3,87244923,.,A,G,.,PASS,AC=23;AN=5096;DP=20367;AF=0;EAS_AF=0.02;EUR_AF=0;AFR_AF=0;AMR_AF=0;SAS_AF=0;VT=SNP;NS=2548,GT,0|0,0|0,0|0,0|0,0|0,0|0,0|1,0|0,0|0,0|0,1|0,1|0,0|0,0|0,0|0,0|0,0|0,0|0,0|0,0|0,0|0,0|0,0|0,0|0,0|0,0|0,0|0,0|0,0|0,0|0,0|0,0|0,0|0,0|0,0|0,0|0,0|0,0|0,0|0,0|0,0|0,0|0,0|0,0|0,0|0,0|0,0|0,0|0,0|0,0|0,0|0,0|0,0|0,0|0,1|0,0|0,0|0,0|0,0|0,0|0,0|0,0|0,0|0,0|0,0|0,0|0,0|0,0|0,0|0,0|0,0|0,0|0,0|0,0|0,0|0,0|0,0|0,0|0,0|0,0|1,0|0,0|0,0|0,0|0,0|0,0|0,0|0,0|0,0|1,0|0,0|0,0|0,0|0,0|0,0|0,0|0,0|0,0|0,0|0
3,87245175,.,A,G,.,PASS,AC=282;AN=5096;DP=18885;AF=0.06;EAS_AF=0.15;EUR_AF=0.01;AFR_AF=0;AMR_AF=0.15;SAS_AF=0.01;VT=SNP;NS=2548,GT,0|0,0|0,0|0,1|0,0|0,0|0,1|0,0|1,1|0,0|0,0|0,0|1,0|1,0|0,0|1,0|0,0|0,0|0,0|0,0|0,0|0,0|0,0|0,1|1,0|0,1|0,0|0,0|1,0|0,1|1,0|0,0|1,1|0,0|0,0|1,0|0,0|0,0|0,0|0,0|0,0|0,0|0,0|0,0|0,0|0,0|1,0|0,0|1,0|0,0|0,0|0,1|0,0|1,0|0,0|1,0|0,0|0,1|0,0|0,1|0,0|0,0|0,0|0,0|0,0|0,0|1,0|1,1|0,0|0,0|0,0|0,1|0,0|0,1|0,1|1,1|0,1|0,0|0,0|0,0|0,0|0,0|0,0|1,0|0,0|1,1|0,0|0,1|1,0|0,0|0,0|0,0|0,1|0,0|0,1|0,0|0,0|1,0|1,0|0
3,87245576,.,A,G,.,PASS,AC=3;AN=5096;DP=38347;AF=0;EAS_AF=0;EUR_AF=0;AFR_AF=0;AMR_AF=0;SAS_AF=0;VT=SNP;NS=2548,GT,0|0,0|0,0|0,0|0,0|0,0|0,0|0,0|0,0|0,0|0,0|0,0|0,0|0,0|0,0|0,0|0,0|0,0|0,0|0,0|0,0|0,0|0,0|0,0|0,0|0,0|0,0|0,0|0,0|0,0|0,0|0,0|0,0|0,0|0,0|0,0|0,0|0,0|0,0|0,0|0,0|0,0|0,0|0,0|0,0|0,0|0,0|0,1|0,0|1,0|0,0|0,0|0,0|0,0|0,0|0,0|0,0|0,0|0,0|0,0|0,1|0,0|0,0|0,0|0,0|0,0|0,0|0,0|0,0|0,0|0,0|0,0|0,0|0,0|0,0|0,0|0,0|0,0|0,0|0,0|0,0|0,0|0,0|0,0|0,0|0,0|0,0|0,0|0,0|0,0|0,0|0,0|0,0|0,0|0,0|0,0|0,0|0,0|0,0|0
3,87245750,.,A,C,.,PASS,AC=7;AN=5096;DP=240125;AF=0;EAS_AF=0.01;EUR_AF=0;AFR_AF=0;AMR_AF=0;SAS_AF=0;EX_TARGET;VT=SNP;NS=2548,GT,0|0,0|0,0|0,0|0,0|0,0|0,0|0,0|0,1|0,0|0,0|0,0|0,0|0,0|0,0|0,0|0,0|0,0|0,0|0,0|0,0|0,0|0,0|0,0|1,0|0,0|0,0|0,0|0,0|0,0|0,0|0,0|0,0|0,0|0,0|0,0|0,0|0,0|0,0|0,0|0,0|0,0|0,0|0,0|0,0|0,0|0,0|0,0|0,0|0,0|0,0|0,0|0,0|0,0|0,0|0,0|0,0|0,0|0,0|0,0|0,0|0,0|0,0|0,0|0,0|0,0|0,0|0,1|0,0|0,0|0,0|0,0|0,0|0,0|0,0|1,0|0,0|0,0|0,0|0,0|0,0|0,0|0,0|1,0|0,0|0,0|0,0|0,0|0,0|0,0|0,0|0,0|0,0|0,0|0,0|0,0|0,0|0,0|0,0|0
3,87245779,.,A,G,.,PASS,AC=8;AN=5096;DP=254470;AF=0;EAS_AF=0;EUR_AF=0;AFR_AF=0;AMR_AF=0;SAS_AF=0;EX_TARGET;VT=SNP;NS=2548,GT,0|0,0|0,0|0,0|0,0|0,0|0,0|0,0|0,0|0,0|0,0|0,0|0,0|0,0|0,0|0,0|0,1|0,0|0,0|0,0|0,0|0,0|0,0|0,0|0,0|0,0|0,0|0,0|0,0|0,0|0,0|0,0|0,0|0,0|0,0|0,0|0,0|0,0|0,0|0,0|0,0|0,0|0,0|0,0|0,1|0,0|0,0|0,0|0,0|0,0|0,0|0,0|0,0|0,0|0,0|0,0|0,0|0,0|0,0|0,0|0,0|0,0|0,0|0,0|0,0|0,0|0,0|0,0|0,0|0,0|0,0|0,0|0,0|0,0|0,0|0,0|0,0|0,0|0,0|0,0|0,0|0,0|0,0|0,0|0,0|0,0|1,0|0,0|0,0|0,0|0,0|0,0|0,0|0,0|0,0|0,0|0,0|0,0|0,0|0
3,87245792,.,C,T,.,PASS,AC=1;AN=5096;DP=252627;AF=0;EAS_AF=0;EUR_AF=0;AFR_AF=0;AMR_AF=0;SAS_AF=0;EX_TARGET;VT=SNP;NS=2548,GT,0|0,0|0,0|0,0|0,0|0,0|0,0|0,0|0,0|0,0|0,0|0,0|0,0|0,0|0,0|0,0|0,0|0,0|0,0|0,0|0,0|0,0|0,0|0,0|0,0|0,0|0,0|0,0|0,0|0,0|0,0|0,0|0,0|0,0|0,1|0,0|0,0|0,0|0,0|0,0|0,0|0,0|0,0|0,0|0,0|0,0|0,0|0,0|0,0|0,0|0,0|0,0|0,0|0,0|0,0|0,0|0,0|0,0|0,0|0,0|0,0|0,0|0,0|0,0|0,0|0,0|0,0|0,0|0,0|0,0|0,0|0,0|0,0|0,0|0,0|0,0|0,0|0,0|0,0|0,0|0,0|0,0|0,0|0,0|0,0|0,0|0,0|0,0|0,0|0,0|0,0|0,0|0,0|0,0|0,0|0,0|0,0|0,0|0,0|0
3,87245899,.,T,C,.,PASS,AC=4165;AN=5096;DP=222219;AF=0.82;EAS_AF=0.91;EUR_AF=0.94;AFR_AF=0.51;AMR_AF=0.94;SAS_AF=0.93;EX_TARGET;VT=SNP;NS=2548,GT,1|1,1|1,0|1,1|1,1|1,1|0,1|1,1|1,1|1,1|1,1|1,1|1,0|1,1|1,1|1,1|1,1|1,1|1,1|1,1|1,1|0,1|1,1|1,1|1,0|1,1|1,1|1,1|1,1|1,1|1,1|1,1|1,1|1,1|1,1|1,1|0,1|1,1|1,1|1,1|1,1|1,1|1,1|1,1|1,1|1,1|1,0|1,1|1,1|1,1|0,1|1,1|1,1|1,1|1,1|1,1|1,1|1,1|1,1|1,1|1,1|1,1|1,1|1,1|1,1|1,1|1,1|1,1|1,0|1,0|1,1|1,1|1,1|1,1|1,1|1,1|1,1|1,1|1,1|0,0|1,1|0,1|1,1|1,1|1,1|1,1|1,1|1,1|1,1|1,1|1,1|1,1|1,1|0,1|1,1|1,1|1,1|1,1|1,1|0
3,87246019,.,G,A,.,PASS,AC=4;AN=5096;DP=53156;AF=0;EAS_AF=0;EUR_AF=0;AFR_AF=0;AMR_AF=0;SAS_AF=0;VT=SNP;NS=2548,GT,0|0,0|0,0|0,0|0,0|0,0|0,0|0,0|0,0|0,0|0,0|0,0|0,0|0,0|0,0|0,0|0,0|0,0|0,0|0,1|0,0|0,0|0,0|0,0|0,0|0,0|0,0|0,0|0,0|0,0|0,0|0,0|0,0|0,0|0,0|0,0|0,0|0,0|1,0|0,0|0,0|0,0|0,0|0,0|0,0|0,0|0,0|0,0|0,0|0,0|0,0|0,0|0,0|0,0|0,0|0,0|0,0|0,0|0,0|0,0|0,0|0,0|0,0|0,0|0,0|0,0|0,0|0,0|0,0|0,0|0,0|0,0|0,0|0,0|0,0|0,0|0,0|0,0|0,0|0,0|0,0|0,0|0,0|0,0|0,0|0,0|0,0|0,0|0,0|0,0|0,0|0,0|0,0|0,0|0,0|0,0|0,0|0,0|0,0|0
3,87246218,.,T,A,.,PASS,AC=2916;AN=5096;DP=18433;AF=0.57;EAS_AF=0.72;EUR_AF=0.49;AFR_AF=0.46;AMR_AF=0.59;SAS_AF=0.64;VT=SNP;NS=2548,GT,1|1,1|1,0|0,1|1,1|1,0|0,1|1,1|1,1|1,1|1,1|1,1|1,0|1,1|1,0|1,1|0,1|1,1|1,1|0,0|1,1|0,0|1,1|0,1|1,0|1,1|1,1|0,1|1,0|0,1|1,1|1,0|1,1|0,1|1,0|1,1|0,1|1,1|0,1|1,0|1,1|1,1|1,0|1,1|1,1|1,0|1,0|1,0|1,1|0,1|0,1|1,1|0,1|1,0|0,1|1,1|1,1|1,1|1,1|0,1|1,0|1,1|1,0|0,1|0,1|0,1|1,0|1,1|1,0|1,0|1,1|1,1|1,0|1,1|1,1|1,1|1,1|1,1|0,1|0,0|1,0|0,0|0,0|1,0|1,1|1,1|1,0|0,1|1,1|1,1|1,1|1,0|1,1|0,1|0,1|1,1|1,1|1,0|1,1|0
3,87246362,.,C,G,.,PASS,AC=1357;AN=5096;DP=17773;AF=0.27;EAS_AF=0.36;EUR_AF=0.28;AFR_AF=0.06;AMR_AF=0.38;SAS_AF=0.35;VT=SNP;NS=2548,GT,0|1,0|1,0|0,1|1,0|0,0|0,1|0,1|1,1|0,1|0,0|0,0|1,0|1,0|0,0|1,0|0,0|0,0|0,0|0,0|0,0|0,0|0,0|0,1|1,0|0,1|0,1|0,0|1,0|0,1|1,1|1,0|1,1|0,1|0,0|1,1|0,1|1,1|0,1|1,0|0,0|1,0|0,0|1,0|0,0|0,0|1,0|1,0|1,1|0,0|0,0|1,1|0,1|1,0|0,0|1,0|1,0|1,1|1,0|0,1|0,0|0,0|0,0|0,0|0,1|0,0|1,0|1,1|1,0|1,0|0,0|1,1|1,0|0,1|0,1|1,1|1,1|0,0|0,1|0,0|0,0|0,0|0,0|1,0|1,0|1,1|0,0|0,1|1,0|0,0|1,1|1,0|0,1|0,1|0,1|0,0|0,0|1,0|1,0|0
3,87246499,.,T,C,.,PASS,AC=2222;AN=5096;DP=19753;AF=0.44;EAS_AF=0.53;EUR_AF=0.4;AFR_AF=0.28;AMR_AF=0.5;SAS_AF=0.54;VT=SNP;NS=2548,GT,1|1,0|1,0|0,1|1,0|0,0|0,1|1,1|1,1|1,1|0,1|0,1|1,0|1,1|1,0|1,0|0,0|0,0|0,0|0,0|1,0|0,0|1,0|0,1|1,0|0,1|1,1|0,1|1,0|0,1|1,1|1,0|1,1|0,1|1,0|1,1|0,1|1,1|0,1|1,0|1,1|1,1|0,0|1,1|0,0|1,0|1,0|1,0|1,1|0,0|0,0|1,1|0,1|1,0|0,1|1,1|1,0|1,1|1,0|0,1|1,0|0,1|1,0|0,1|0,1|0,0|1,0|1,1|1,0|1,0|1,0|1,1|1,0|0,1|1,1|1,1|1,1|1,1|0,1|0,0|1,0|0,0|0,0|1,0|1,1|1,1|0,0|0,1|1,1|1,1|1,1|1,0|0,1|0,1|0,1|0,1|1,1|1,0|1,0|0
3,87246546,.,G,A,.,PASS,AC=4141;AN=5096;DP=20113;AF=0.81;EAS_AF=0.91;EUR_AF=0.94;AFR_AF=0.49;AMR_AF=0.94;SAS_AF=0.93;VT=SNP;NS=2548,GT,1|1,1|1,0|1,1|1,1|1,1|0,1|1,1|1,1|1,1|1,1|1,1|1,0|1,1|1,1|1,1|1,1|1,1|1,1|1,1|1,1|0,1|1,1|1,1|1,0|1,1|1,1|1,1|1,1|1,1|1,1|1,1|1,1|1,1|1,1|1,1|0,1|1,1|1,1|1,1|1,1|1,1|1,1|1,1|1,1|1,1|1,0|1,1|1,1|1,1|0,1|1,1|1,1|1,1|1,1|1,1|1,1|1,1|1,1|1,1|1,1|1,1|1,1|1,1|1,1|1,1|1,1|1,1|1,0|1,0|1,1|1,1|1,1|1,1|1,1|1,1|1,1|1,1|1,1|0,0|1,1|0,1|1,1|1,1|1,1|1,1|1,1|1,1|1,1|1,1|1,1|1,1|1,1|0,1|1,1|1,1|1,1|1,1|1,1|0
3,87246747,.,G,A,.,PASS,AC=151;AN=5096;DP=19588;AF=0.03;EAS_AF=0.04;EUR_AF=0;AFR_AF=0.02;AMR_AF=0.02;SAS_AF=0.08;VT=SNP;NS=2548,GT,0|0,0|0,0|0,0|0,0|0,0|0,0|1,0|0,0|0,0|0,1|0,1|0,0|0,0|0,0|0,0|0,0|0,0|0,0|0,0|0,0|0,0|0,0|0,0|0,0|0,0|0,0|0,0|0,0|0,0|0,0|0,0|0,0|0,0|1,0|0,0|0,0|0,0|0,0|0,0|0,0|0,1|0,0|0,1|0,0|0,0|0,0|0,0|0,0|0,0|0,0|0,0|0,0|0,0|0,1|0,1|0,0|0,0|0,0|0,0|0,0|0,0|0,0|0,0|0,0|0,0|0,0|0,0|0,0|0,0|0,0|0,0|0,0|0,0|0,0|0,0|0,0|0,0|0,0|0,0|1,0|0,0|0,0|0,0|0,1|0,0|0,0|0,0|0,1|1,0|0,0|0,0|0,0|0,0|0,0|0,0|0,0|0,0|0,0|0
3,87247766,.,C,T,.,PASS,AC=777;AN=5096;DP=21075;AF=0.15;EAS_AF=0.17;EUR_AF=0.12;AFR_AF=0.16;AMR_AF=0.11;SAS_AF=0.19;VT=SNP;NS=2548,GT,1|0,0|0,0|0,0|0,0|0,0|0,0|1,0|0,0|1,0|0,1|0,1|0,0|0,1|1,0|0,0|0,0|0,0|0,0|0,0|1,0|0,0|1,0|0,0|0,0|0,0|1,0|0,1|0,0|0,0|0,0|0,0|0,0|0,0|1,0|0,0|0,0|0,0|0,0|0,0|1,1|0,1|0,0|0,1|0,0|1,0|0,0|0,0|0,0|0,0|0,0|0,0|0,0|0,0|0,1|0,1|0,0|0,0|0,0|0,0|1,0|0,1|1,0|0,1|0,0|0,0|0,0|0,0|0,0|0,0|1,0|0,0|0,0|0,0|1,0|0,0|0,0|1,1|0,0|0,0|1,0|0,0|0,0|0,0|0,1|0,0|0,0|0,0|0,1|1,1|0,0|0,0|0,0|0,0|0,0|0,1|1,1|0,0|0,0|0
3,87248158,.,C,T,.,PASS,AC=1224;AN=5096;DP=16527;AF=0.24;EAS_AF=0.19;EUR_AF=0.45;AFR_AF=0.02;AMR_AF=0.34;SAS_AF=0.29;VT=SNP;NS=2548,GT,0|0,0|0,0|1,0|0,0|0,1|0,0|0,0|0,0|0,0|0,0|0,0|0,0|0,0|0,1|0,0|1,0|0,0|0,0|1,1|0,0|0,1|0,0|1,0|0,0|0,0|0,0|1,0|0,1|1,0|0,0|0,1|0,0|1,0|0,1|0,0|0,0|0,0|1,0|0,1|0,0|0,0|0,1|0,0|0,0|0,1|0,0|0,1|0,0|1,0|0,0|0,0|1,0|0,1|1,0|0,0|0,0|0,0|0,0|1,0|0,1|0,0|0,1|1,0|1,0|1,0|0,1|0,0|0,0|0,0|0,0|0,0|0,1|0,0|0,0|0,0|0,0|0,0|1,0|0,0|0,1|0,1|1,1|0,1|0,0|0,0|0,1|1,0|0,0|0,0|0,0|0,1|0,0|0,0|1,0|0,0|0,0|0,1|0,0|0
3,87248670,.,G,A,.,PASS,AC=3;AN=5096;DP=20317;AF=0;EAS_AF=0;EUR_AF=0;AFR_AF=0;AMR_AF=0;SAS_AF=0;VT=SNP;NS=2548,GT,0|0,0|0,0|0,0|0,0|0,0|0,0|0,0|0,0|0,0|0,0|0,0|0,0|0,0|0,0|0,0|0,0|0,0|0,0|0,0|0,0|0,0|0,0|0,0|0,0|0,0|0,0|0,0|0,0|0,0|0,0|0,0|0,0|0,0|0,1|0,0|0,0|0,0|0,0|0,0|0,0|0,0|0,0|0,0|0,0|0,0|0,0|0,0|0,0|0,0|0,0|0,0|0,0|0,0|0,0|0,0|0,0|0,0|0,0|0,0|0,0|0,0|0,0|0,0|0,0|0,0|0,0|0,0|0,0|0,0|0,0|0,0|0,0|0,0|0,0|0,0|0,0|0,0|0,0|0,0|0,0|0,0|0,0|0,0|0,0|0,0|0,0|0,0|0,0|0,0|0,0|0,0|0,0|0,0|0,0|0,0|0,0|0,0|0,0|0
3,87248751,.,G,A,.,PASS,AC=1;AN=5096;DP=20475;AF=0;EAS_AF=0;EUR_AF=0;AFR_AF=0;AMR_AF=0;SAS_AF=0;VT=SNP;NS=2548,GT,0|0,0|0,0|0,0|0,0|0,0|0,0|0,0|1,0|0,0|0,0|0,0|0,0|0,0|0,0|0,0|0,0|0,0|0,0|0,0|0,0|0,0|0,0|0,0|0,0|0,0|0,0|0,0|0,0|0,0|0,0|0,0|0,0|0,0|0,0|0,0|0,0|0,0|0,0|0,0|0,0|0,0|0,0|0,0|0,0|0,0|0,0|0,0|0,0|0,0|0,0|0,0|0,0|0,0|0,0|0,0|0,0|0,0|0,0|0,0|0,0|0,0|0,0|0,0|0,0|0,0|0,0|0,0|0,0|0,0|0,0|0,0|0,0|0,0|0,0|0,0|0,0|0,0|0,0|0,0|0,0|0,0|0,0|0,0|0,0|0,0|0,0|0,0|0,0|0,0|0,0|0,0|0,0|0,0|0,0|0,0|0,0|0,0|0,0|0
3,87248959,.,T,C,.,PASS,AC=3;AN=5096;DP=20762;AF=0;EAS_AF=0;EUR_AF=0;AFR_AF=0;AMR_AF=0;SAS_AF=0;VT=SNP;NS=2548,GT,0|0,0|0,0|0,0|0,0|0,0|0,0|0,0|0,0|0,0|0,0|0,0|0,0|0,0|0,0|0,0|0,0|0,0|0,0|0,0|0,0|0,0|0,0|0,0|0,0|0,0|0,0|0,0|0,0|0,0|0,0|0,0|0,0|0,0|0,0|0,0|0,0|0,0|0,0|0,0|0,0|0,0|0,0|0,0|0,0|0,0|0,0|0,0|0,0|0,0|0,0|0,0|0,0|0,0|0,0|0,0|0,0|0,0|0,0|0,0|0,0|0,0|0,0|0,0|0,0|0,0|0,0|0,0|0,0|0,0|0,0|0,0|0,0|0,0|0,0|0,0|0,0|0,1|0,0|0,0|0,0|0,0|0,0|0,0|0,0|0,0|0,0|0,0|0,0|0,0|0,0|0,0|0,0|0,0|0,0|0,0|0,0|0,0|0,0|0
3,87249033,.,T,C,.,PASS,AC=555;AN=5096;DP=20387;AF=0.11;EAS_AF=0.18;EUR_AF=0.07;AFR_AF=0.12;AMR_AF=0.07;SAS_AF=0.09;VT=SNP;NS=2548,GT,0|0,1|0,0|0,0|0,1|1,0|0,0|0,0|0,0|0,0|1,0|1,0|0,0|0,0|0,0|0,1|0,1|1,1|1,1|0,0|0,1|0,0|0,1|0,0|0,0|1,0|0,0|0,0|0,0|0,0|0,0|0,0|0,0|0,0|0,0|0,0|0,0|0,0|0,0|0,0|0,0|0,0|1,0|0,0|1,1|0,0|0,0|0,0|0,0|0,1|0,1|0,0|0,0|0,0|0,0|0,0|0,1|0,0|0,1|0,0|0,0|1,0|0,0|0,0|0,0|0,1|0,0|0,0|0,0|0,0|0,1|0,0|0,0|1,0|0,0|0,0|0,0|0,0|0,0|0,0|0,0|0,0|0,0|0,0|0,0|0,0|1,0|0,0|0,0|0,0|0,0|0,0|1,0|0,0|0,0|1,0|0,0|0,0|0,1|0
3,87249294,.,A,T,.,PASS,AC=1;AN=5096;DP=17490;AF=0;EAS_AF=0;EUR_AF=0;AFR_AF=0;AMR_AF=0;SAS_AF=0;VT=SNP;NS=2548,GT,0|0,0|0,0|0,0|0,0|0,0|0,0|0,0|0,0|0,0|0,0|0,0|0,0|0,0|0,0|0,0|0,0|0,0|0,0|0,0|0,0|0,0|0,0|0,0|0,0|0,0|0,0|0,0|0,0|0,0|0,0|0,0|0,0|0,0|0,0|0,0|0,0|0,0|0,0|0,0|0,0|0,0|0,0|0,0|0,0|0,0|0,0|0,0|0,0|0,0|0,0|0,0|0,0|0,0|0,0|0,0|0,0|0,0|0,0|0,0|0,0|0,0|0,0|0,0|0,0|0,0|0,0|0,0|0,0|0,0|0,0|0,0|0,0|0,0|0,0|0,0|0,0|0,0|0,0|0,0|0,0|0,0|0,0|0,0|0,0|0,0|0,0|0,0|0,0|0,0|0,0|0,0|0,0|0,0|0,0|0,0|0,0|1,0|0,0|0
3,87249338,.,A,G,.,PASS,AC=1289;AN=5096;DP=16669;AF=0.25;EAS_AF=0.34;EUR_AF=0.28;AFR_AF=0.03;AMR_AF=0.38;SAS_AF=0.35;VT=SNP;NS=2548,GT,0|1,0|1,0|0,1|1,0|0,0|0,1|0,1|1,1|0,1|0,0|0,0|1,0|1,0|0,0|1,0|0,0|0,0|0,0|0,0|0,0|0,0|0,0|0,1|1,0|0,1|0,0|0,0|1,0|0,1|1,1|1,0|1,1|0,1|0,0|1,1|0,0|1,1|0,1|1,0|0,0|1,0|0,0|1,0|0,0|0,0|1,0|1,0|1,1|0,0|0,0|1,1|0,1|1,0|0,0|1,0|1,0|1,1|1,0|0,1|0,0|0,0|0,0|0,0|0,1|0,0|1,0|1,1|1,0|1,0|0,0|1,1|1,0|0,1|0,1|1,1|1,1|0,0|0,1|0,0|0,0|0,0|0,0|1,0|1,0|1,1|0,0|0,1|1,0|0,0|1,1|1,0|0,1|0,1|0,1|0,0|0,0|1,0|1,0|0
3,87249464,.,T,C,.,PASS,AC=130;AN=5096;DP=13818;AF=0.03;EAS_AF=0.12;EUR_AF=0;AFR_AF=0;AMR_AF=0;SAS_AF=0;VT=SNP;NS=2548,GT,1|0,0|0,0|0,0|0,0|0,0|0,0|0,0|0,0|1,0|0,0|0,0|0,0|0,1|0,0|0,0|0,0|0,0|0,0|0,0|1,0|0,0|1,0|0,0|0,0|0,0|1,0|0,1|0,0|0,0|0,0|0,0|0,0|0,0|0,0|0,0|0,0|0,0|0,0|0,0|1,1|0,0|0,0|0,0|0,0|1,0|0,0|0,0|0,0|0,0|0,0|0,0|0,0|0,0|0,0|0,0|0,0|0,0|0,0|0,0|1,0|0,1|1,0|0,1|0,0|0,0|0,0|0,0|0,0|0,0|0,0|0,0|0,0|0,0|1,0|0,0|0,0|1,1|0,0|0,0|0,0|0,0|0,0|0,0|0,0|0,0|0,0|0,0|0,0|0,1|0,0|0,0|0,0|0,0|0,0|0,1|1,1|0,0|0,0|0
3,87249572,.,AT,A,.,PASS,AC=857;AN=5096;DP=17392;AF=0.17;EAS_AF=0.17;EUR_AF=0.12;AFR_AF=0.22;AMR_AF=0.12;SAS_AF=0.19;VT=INDEL;NS=2548,GT,1|0,0|0,0|0,0|0,0|0,0|0,0|1,0|0,0|1,0|0,1|0,1|0,0|0,1|1,0|0,0|0,0|0,0|0,0|0,0|1,0|0,0|1,0|0,0|0,0|0,0|1,0|0,1|0,0|0,0|0,0|0,0|0,0|0,0|1,0|0,0|0,0|0,0|0,0|0,0|1,1|0,1|0,0|0,1|0,0|1,0|0,0|0,0|0,0|0,0|0,0|0,0|0,0|0,0|0,1|0,1|0,0|0,0|0,0|0,0|1,0|0,1|1,0|0,1|0,0|0,0|0,0|0,0|0,0|0,0|1,0|0,0|0,0|0,0|1,0|0,0|0,0|1,1|0,0|0,0|1,0|0,0|0,0|0,0|0,1|0,0|0,0|0,0|0,1|1,1|0,0|0,0|0,0|0,0|0,0|0,1|1,1|0,0|0,0|0
3,87249608,.,G,C,.,PASS,AC=112;AN=5096;DP=20856;AF=0.02;EAS_AF=0.07;EUR_AF=0;AFR_AF=0;AMR_AF=0.01;SAS_AF=0.03;VT=SNP;NS=2548,GT,0|0,0|0,1|0,0|0,0|0,0|1,0|0,0|0,0|0,0|0,0|0,0|0,0|0,0|0,0|0,0|0,0|0,0|0,0|0,0|0,0|1,0|0,0|0,0|0,1|0,0|0,0|0,0|0,0|0,0|0,0|0,0|0,0|0,0|0,0|0,0|1,0|0,0|0,0|0,0|0,0|0,0|0,0|0,0|0,0|0,0|0,1|0,0|0,0|0,0|0,0|0,0|0,0|0,0|0,0|0,0|0,0|0,0|0,0|0,0|0,0|0,0|0,0|0,0|0,0|0,0|0,0|0,0|0,1|0,1|0,0|0,0|0,0|0,0|0,0|0,0|0,0|0,0|0,0|0,0|0,0|1,0|0,0|0,0|0,0|0,0|0,0|0,0|0,0|0,0|0,0|0,0|0,0|1,0|0,0|0,0|0,0|0,0|0,0|1
3,87249925,.,A,C,.,PASS,AC=542;AN=5096;DP=259198;AF=0.11;EAS_AF=0.18;EUR_AF=0.07;AFR_AF=0.11;AMR_AF=0.07;SAS_AF=0.09;EX_TARGET;VT=SNP;NS=2548,GT,0|0,1|0,0|0,0|0,1|1,0|0,0|0,0|0,0|0,0|1,0|1,0|0,0|0,0|0,0|0,1|0,1|1,1|1,1|0,0|0,1|0,0|0,1|0,0|0,0|1,0|0,0|0,0|0,0|0,0|0,0|0,0|0,0|0,0|0,0|0,0|0,0|0,0|0,0|0,0|0,0|0,0|1,0|0,0|1,1|0,0|0,0|0,0|0,0|0,1|0,1|0,0|0,0|0,0|0,0|0,0|0,1|0,0|0,1|0,0|0,0|1,0|0,0|0,0|0,0|0,1|0,0|0,0|0,0|0,0|0,1|0,0|0,0|1,0|0,0|0,0|0,0|0,0|0,0|0,0|0,0|0,0|0,0|0,0|0,0|0,0|1,0|0,0|0,0|0,0|0,0|0,0|1,0|0,0|0,0|1,0|0,0|0,0|0,1|0
3,87250088,.,G,C,.,PASS,AC=841;AN=5096;DP=57569;AF=0.17;EAS_AF=0.17;EUR_AF=0.12;AFR_AF=0.21;AMR_AF=0.11;SAS_AF=0.19;VT=SNP;NS=2548,GT,1|0,0|0,0|0,0|0,0|0,0|0,0|1,0|0,0|1,0|0,1|0,1|0,0|0,1|1,0|0,0|0,0|0,0|0,0|0,0|1,0|0,0|1,0|0,0|0,0|0,0|1,0|0,1|0,0|0,0|0,0|0,0|0,0|0,0|1,0|0,0|0,0|0,0|0,0|0,0|1,1|0,1|0,0|0,1|0,0|1,0|0,0|0,0|0,0|0,0|0,0|0,0|0,0|0,0|0,1|0,1|0,0|0,0|0,0|0,0|1,0|0,1|1,0|0,1|0,0|0,0|0,0|0,0|0,0|0,0|1,0|0,0|0,0|0,0|1,0|0,0|0,0|1,1|0,0|0,0|1,0|0,0|0,0|0,0|0,1|0,0|0,0|0,0|0,1|1,1|0,0|0,0|0,0|0,0|0,0|0,1|1,1|0,0|0,0|0
3,87250958,.,C,T,.,PASS,AC=1;AN=5096;DP=17723;AF=0;EAS_AF=0;EUR_AF=0;AFR_AF=0;AMR_AF=0;SAS_AF=0;VT=SNP;NS=2548,GT,0|0,0|0,0|0,0|0,0|0,0|0,0|0,0|0,0|0,0|0,0|0,0|0,0|0,0|0,0|0,0|0,0|0,0|0,0|0,0|0,0|0,0|0,0|0,0|0,0|0,0|0,0|0,0|0,0|0,0|0,0|0,0|0,0|0,0|0,0|0,0|0,0|0,0|0,0|0,0|0,0|0,0|0,0|0,0|0,0|0,0|0,0|0,0|0,0|0,0|0,0|0,0|0,0|0,0|0,0|0,0|0,0|0,0|0,0|0,0|0,0|0,0|0,0|0,0|0,0|0,0|0,0|0,0|0,0|0,0|0,0|0,0|0,0|0,0|0,0|0,0|0,0|0,0|0,0|0,0|0,0|0,0|0,1|0,0|0,0|0,0|0,0|0,0|0,0|0,0|0,0|0,0|0,0|0,0|0,0|0,0|0,0|0,0|0,0|0
3,87250990,.,T,G,.,PASS,AC=4;AN=5096;DP=17086;AF=0;EAS_AF=0;EUR_AF=0;AFR_AF=0;AMR_AF=0;SAS_AF=0;VT=SNP;NS=2548,GT,0|0,0|0,0|0,0|0,0|0,0|0,0|0,0|0,0|0,0|0,0|0,0|0,0|0,0|0,0|0,0|0,0|0,0|0,0|0,0|0,0|0,0|0,0|0,0|0,0|0,0|0,0|0,0|0,0|0,0|0,0|0,0|0,0|0,0|0,0|0,0|0,0|0,0|0,0|0,0|0,0|0,0|0,0|0,0|0,0|1,0|0,0|0,0|0,0|0,0|0,0|0,0|0,0|0,0|0,0|0,0|0,0|0,0|0,0|0,0|0,0|0,0|0,0|0,0|0,0|0,0|0,0|0,0|0,0|0,0|0,0|0,0|0,0|0,0|0,0|0,0|0,0|0,0|0,0|0,0|0,0|0,0|0,0|0,0|0,0|0,0|0,0|0,0|0,0|0,0|0,0|0,0|0,0|0,0|0,0|0,0|0,0|0,0|0,0|0
3,87251846,.,A,AT,.,PASS,AC=845;AN=5096;DP=18661;AF=0.17;EAS_AF=0.17;EUR_AF=0.13;AFR_AF=0.19;AMR_AF=0.12;SAS_AF=0.2;VT=INDEL;NS=2548,GT,1|0,0|0,0|0,0|0,0|0,0|0,0|1,0|0,0|1,0|0,1|0,1|0,0|0,1|1,0|0,0|0,0|0,0|0,0|0,0|1,0|0,0|1,0|0,0|0,0|0,0|1,0|0,1|0,0|0,0|0,0|0,0|0,0|0,0|1,0|0,0|0,0|0,0|0,0|0,0|1,1|0,1|0,0|0,1|0,0|1,0|0,0|0,0|0,0|0,0|0,0|0,0|0,0|0,0|0,1|0,1|0,0|0,0|0,0|0,0|1,0|0,1|1,0|0,1|0,0|0,0|0,0|0,0|0,0|0,0|1,0|0,0|0,0|0,0|1,0|0,0|0,0|1,1|0,0|0,0|1,0|0,0|0,0|0,0|0,1|0,0|0,0|0,0|0,1|1,1|0,0|0,0|0,0|0,0|0,0|0,1|1,1|0,0|0,0|0
3,87252061,.,A,C,.,PASS,AC=277;AN=5096;DP=19889;AF=0.05;EAS_AF=0;EUR_AF=0.18;AFR_AF=0;AMR_AF=0.08;SAS_AF=0.03;VT=SNP;NS=2548,GT,0|0,0|0,0|0,0|0,0|0,0|0,0|0,0|0,0|0,0|0,0|0,0|0,0|0,0|0,0|0,0|0,0|0,0|0,0|0,0|0,0|0,0|0,0|0,0|0,0|0,0|0,0|0,0|0,1|0,0|0,0|0,0|0,0|0,0|0,0|0,0|0,0|0,0|0,0|0,0|0,0|0,0|0,0|0,0|0,0|0,0|0,0|0,0|0,0|0,0|0,0|0,0|0,0|0,0|0,0|0,0|0,0|0,0|0,0|0,0|0,0|0,0|0,0|0,0|0,0|0,0|0,0|0,0|0,0|0,0|0,0|0,0|0,0|0,0|0,0|0,0|0,0|0,0|0,0|0,0|0,0|0,0|0,0|0,0|0,0|0,0|0,0|0,0|0,0|0,0|0,0|0,0|0,0|0,0|0,0|0,0|0,0|0,0|0,0|0
3,87252113,.,T,C,.,PASS,AC=1312;AN=5096;DP=19898;AF=0.26;EAS_AF=0.36;EUR_AF=0.28;AFR_AF=0.03;AMR_AF=0.38;SAS_AF=0.35;VT=SNP;NS=2548,GT,0|1,0|1,0|0,1|1,0|0,0|0,1|0,1|1,1|0,1|0,0|0,0|1,0|1,0|0,0|1,0|0,0|0,0|0,0|0,0|0,0|0,0|0,0|0,1|1,0|0,1|0,1|0,0|1,0|0,1|1,1|1,0|1,1|0,1|0,0|1,1|0,1|1,1|0,1|1,0|0,0|1,0|0,0|1,0|0,0|0,0|1,0|1,0|1,1|0,0|0,0|1,1|0,1|1,0|0,0|1,0|1,0|1,1|1,0|0,1|0,0|0,0|0,0|0,0|0,1|0,0|1,0|1,1|1,0|1,0|0,0|1,1|1,0|0,1|0,1|1,1|1,1|0,0|0,1|0,0|0,0|0,0|0,0|1,0|1,0|1,1|0,0|0,1|1,0|0,0|1,1|1,0|0,1|0,1|0,1|0,0|0,0|1,0|1,0|0
3,87252245,.,G,A,.,PASS,AC=868;AN=5096;DP=19099;AF=0.17;EAS_AF=0.17;EUR_AF=0.12;AFR_AF=0.22;AMR_AF=0.12;SAS_AF=0.19;VT=SNP;NS=2548,GT,1|0,0|0,0|0,0|0,0|0,0|0,0|1,0|0,0|1,0|0,1|0,1|0,0|0,1|1,0|0,0|0,0|0,0|0,0|0,0|1,0|0,0|1,0|0,0|0,0|0,0|1,0|0,1|0,0|0,0|0,0|0,0|0,0|0,0|1,0|0,0|0,0|0,0|0,0|0,0|1,1|0,1|0,0|0,1|0,0|1,0|0,0|0,0|0,0|0,0|0,0|0,0|0,0|0,0|0,1|0,1|0,0|0,0|0,0|0,0|1,0|0,1|1,0|0,1|0,0|0,0|0,0|0,0|0,0|0,0|1,0|0,0|0,0|0,0|1,0|0,0|0,0|1,1|0,0|0,0|1,0|0,0|0,0|0,0|0,1|0,0|0,0|0,0|0,1|1,1|0,0|0,0|0,0|0,0|0,0|0,1|1,1|0,0|0,0|0
3,87252295,.,C,A,.,PASS,AC=2203;AN=5096;DP=20803;AF=0.43;EAS_AF=0.51;EUR_AF=0.39;AFR_AF=0.29;AMR_AF=0.5;SAS_AF=0.54;VT=SNP;NS=2548,GT,1|1,0|1,0|0,1|1,0|0,0|0,1|1,1|1,1|1,1|0,1|0,1|1,0|1,1|1,0|1,0|0,0|0,0|0,0|0,0|1,0|0,0|1,0|0,1|1,0|0,1|1,0|0,1|1,0|0,1|1,1|1,0|1,1|0,1|1,0|1,1|0,0|1,1|0,1|1,0|1,1|1,1|0,0|1,1|0,0|1,0|1,0|1,0|1,1|0,0|0,0|1,1|0,1|1,0|0,1|1,1|1,0|1,1|1,0|0,1|1,0|0,1|1,0|0,1|0,1|0,0|1,0|1,1|1,0|1,0|1,0|1,1|1,0|0,1|1,1|1,1|1,1|1,1|0,1|0,0|1,0|0,0|0,0|1,0|1,1|1,1|0,0|0,1|1,1|1,1|1,1|1,0|0,1|0,1|0,1|0,1|1,1|1,0|1,0|0
3,87252342,.,G,T,.,PASS,AC=18;AN=5096;DP=20962;AF=0;EAS_AF=0.02;EUR_AF=0;AFR_AF=0;AMR_AF=0;SAS_AF=0;VT=SNP;NS=2548,GT,0|0,0|0,0|0,0|0,0|0,0|0,0|0,0|0,0|0,0|0,0|0,0|0,0|0,0|0,0|0,0|0,0|0,0|1,0|0,0|0,0|0,0|0,0|0,0|0,0|0,0|0,0|0,0|0,0|0,0|0,0|0,0|0,0|0,0|0,0|0,0|0,0|0,0|0,0|0,0|0,0|0,0|0,0|0,0|0,0|0,0|0,0|0,0|0,0|0,1|0,0|0,0|0,0|0,0|0,0|0,0|0,1|0,0|0,0|0,0|0,0|0,0|0,0|0,0|0,0|0,0|0,0|0,0|0,0|0,0|0,0|0,0|0,0|0,0|0,0|0,0|0,0|0,0|0,0|0,0|0,0|0,0|0,0|0,0|0,0|0,0|0,0|0,0|0,0|0,0|0,0|0,0|0,0|0,0|0,0|1,0|0,0|0,0|0,0|0
3,87252450,.,C,A,.,PASS,AC=2230;AN=5096;DP=21251;AF=0.44;EAS_AF=0.51;EUR_AF=0.39;AFR_AF=0.31;AMR_AF=0.51;SAS_AF=0.54;VT=SNP;NS=2548,GT,1|1,0|1,0|0,1|1,0|0,0|0,1|1,1|1,1|1,1|0,1|0,1|1,0|1,1|1,0|1,0|0,0|0,0|0,0|0,0|1,0|0,0|1,0|0,1|1,0|0,1|1,0|0,1|1,0|0,1|1,1|1,0|1,1|0,1|1,0|1,1|0,0|1,1|0,1|1,0|1,1|1,1|0,0|1,1|0,0|1,0|1,0|1,0|1,1|0,0|0,0|1,1|0,1|1,0|0,1|1,1|1,0|1,1|1,0|0,1|1,0|0,1|1,0|0,1|0,1|0,0|1,0|1,1|1,0|1,0|1,0|1,1|1,0|0,1|1,1|1,1|1,1|1,1|0,1|0,0|1,0|0,0|0,0|1,0|1,1|1,1|0,0|0,1|1,1|1,1|1,1|1,0|0,1|0,1|0,1|0,1|1,1|1,0|1,0|0
3,87252524,.,C,T,.,PASS,AC=2346;AN=5096;DP=20405;AF=0.46;EAS_AF=0.51;EUR_AF=0.42;AFR_AF=0.35;AMR_AF=0.53;SAS_AF=0.55;VT=SNP;NS=2548,GT,1|1,0|1,0|0,1|1,0|0,0|0,1|1,1|1,1|1,1|0,1|0,1|1,0|1,1|1,0|1,0|0,0|0,0|0,0|0,0|1,0|0,0|1,0|0,1|0,0|0,1|1,0|0,1|1,0|0,1|1,1|1,0|1,1|0,1|1,0|1,1|0,0|1,1|0,1|1,0|1,1|1,1|0,0|1,1|0,0|1,0|1,0|1,0|1,1|0,0|0,0|1,1|0,1|1,0|0,1|1,1|1,0|1,1|1,0|0,1|1,0|0,1|1,0|0,1|0,1|0,0|1,0|1,1|1,0|1,0|1,0|1,1|1,0|0,1|1,1|1,1|1,1|1,1|0,1|0,0|1,0|0,0|0,0|1,0|1,1|1,1|0,0|0,1|1,1|1,1|1,1|1,0|0,1|0,1|0,1|0,1|1,1|1,0|1,0|0
3,87253551,.,C,T,.,PASS,AC=2;AN=5096;DP=192296;AF=0;EAS_AF=0;EUR_AF=0;AFR_AF=0;AMR_AF=0;SAS_AF=0;VT=SNP;NS=2548,GT,0|0,0|0,0|0,0|0,0|0,0|0,0|0,0|0,0|0,0|0,0|0,0|1,0|0,0|0,0|0,0|0,0|0,0|0,0|0,0|0,0|0,0|0,0|0,0|0,0|0,0|0,0|0,0|0,0|0,0|0,0|0,0|0,0|0,0|0,0|0,0|0,0|0,0|0,0|0,0|0,0|0,0|0,0|0,0|0,0|0,0|0,0|0,0|0,0|0,0|0,0|0,0|0,0|0,0|0,0|0,0|0,0|0,0|0,0|0,0|0,0|0,0|0,0|0,0|0,0|0,0|0,0|0,0|0,0|0,0|0,0|0,0|0,0|0,0|0,0|0,0|0,0|0,0|0,0|0,0|0,0|0,0|0,0|0,0|0,0|0,0|0,0|0,0|0,0|0,0|0,0|0,0|0,0|0,0|0,1|0,0|0,0|0,0|0,0|0
3,87253823,.,T,A,.,PASS,AC=1;AN=5096;DP=206882;AF=0;EAS_AF=0;EUR_AF=0;AFR_AF=0;AMR_AF=0;SAS_AF=0;EX_TARGET;VT=SNP;NS=2548,GT,0|0,0|0,0|0,0|0,0|0,0|0,0|0,0|0,0|0,0|0,0|0,0|0,0|0,0|0,0|0,0|0,0|0,0|0,0|0,0|0,0|0,0|0,0|0,0|0,0|0,0|0,0|0,0|0,0|0,0|0,0|0,0|0,0|0,0|0,0|0,0|0,0|0,0|0,0|0,0|0,0|0,0|0,0|0,0|0,0|0,0|0,0|0,0|0,0|0,0|0,0|0,0|0,0|0,0|0,0|0,0|0,0|0,0|0,0|0,0|0,0|0,0|0,0|0,0|0,0|0,0|0,0|0,0|0,0|0,0|0,0|0,0|0,0|0,0|0,0|0,0|0,0|0,0|0,0|0,0|0,0|0,0|0,0|0,0|0,0|0,0|0,0|0,0|0,1|0,0|0,0|0,0|0,0|0,0|0,0|0,0|0,0|0,0|0,0|0
3,87255319,.,A,G,.,PASS,AC=4;AN=5096;DP=24103;AF=0;EAS_AF=0;EUR_AF=0;AFR_AF=0;AMR_AF=0;SAS_AF=0;VT=SNP;NS=2548,GT,0|0,0|0,0|0,0|0,0|0,0|0,0|0,0|0,0|0,0|0,0|0,0|0,0|0,0|0,0|0,0|0,0|0,0|0,0|0,0|0,0|0,0|0,0|0,0|0,0|0,0|0,0|0,0|0,0|0,0|0,0|0,0|0,0|0,0|0,0|0,0|0,0|0,0|0,0|0,0|0,0|0,0|0,0|0,0|0,0|0,0|0,0|1,0|0,0|0,0|0,0|0,0|0,0|0,0|0,0|0,0|0,0|0,0|0,0|0,0|0,0|0,0|0,0|0,0|0,0|0,0|0,0|0,0|0,0|0,0|0,0|0,0|0,0|0,0|0,0|0,0|0,0|0,0|0,0|0,0|0,0|0,0|0,0|0,0|0,0|0,0|0,0|0,0|0,0|0,0|0,0|0,0|0,0|0,0|0,0|0,0|0,0|0,0|0,0|0
3,87255411,.,G,A,.,PASS,AC=1280;AN=5096;DP=25130;AF=0.25;EAS_AF=0.34;EUR_AF=0.28;AFR_AF=0.02;AMR_AF=0.39;SAS_AF=0.35;VT=SNP;NS=2548,GT,0|1,0|1,0|0,1|1,0|0,0|0,1|0,1|1,1|0,1|0,0|0,0|1,0|1,0|0,0|1,0|0,0|0,0|0,0|0,0|0,0|0,0|0,0|0,1|1,0|0,1|0,0|0,0|1,0|0,1|1,1|1,0|1,1|0,1|0,0|1,1|0,0|1,1|0,1|1,0|0,0|1,0|0,0|1,0|0,0|0,0|1,0|1,0|1,1|0,0|0,0|1,1|0,1|1,0|0,0|1,0|1,0|1,1|1,0|0,1|0,0|0,0|0,0|0,0|0,1|0,0|1,0|1,1|1,0|1,0|0,0|1,1|1,0|0,1|0,1|1,1|1,1|0,0|0,1|0,0|0,0|0,0|0,0|1,0|1,0|1,1|0,0|0,1|1,0|0,0|1,1|1,0|0,1|0,1|0,1|0,0|0,0|1,0|1,0|0
