#CHROM,POS,ID,REF,ALT,QUAL,FILTER,INFO,FORMAT,HG01595,HG01596,HG01597,HG01598,HG01599,HG01600,HG01840,HG01841,HG01842,HG01843,HG01844,HG01845,HG01846,HG01847,HG01848,HG01849,HG01850,HG01851,HG01852,HG01853,HG01855,HG01857,HG01858,HG01859,HG01860,HG01861,HG01862,HG01863,HG01864,HG01865,HG01866,HG01867,HG01868,HG01869,HG01870,HG01871,HG01872,HG01873,HG01874,HG01878,HG02016,HG02017,HG02019,HG02020,HG02023,HG02025,HG02026,HG02028,HG02029,HG02031,HG02032,HG02035,HG02040,HG02047,HG02048,HG02049,HG02050,HG02057,HG02058,HG02060,HG02061,HG02064,HG02067,HG02069,HG02070,HG02072,HG02073,HG02075,HG02076,HG02078,HG02079,HG02081,HG02082,HG02084,HG02085,HG02086,HG02087,HG02088,HG02113,HG02116,HG02121,HG02122,HG02127,HG02128,HG02130,HG02131,HG02133,HG02134,HG02136,HG02137,HG02138,HG02139,HG02140,HG02141,HG02142,HG02512,HG02513,HG02521,HG02522
15,78593232,.,T,A,.,PASS,AC=280;AN=5096;DP=331614;AF=0.05;EAS_AF=0.26;EUR_AF=0;AFR_AF=0;AMR_AF=0;SAS_AF=0.01;EX_TARGET;VT=SNP;NS=2548,GT,0|0,0|1,0|0,0|1,0|0,1|1,0|0,1|1,0|1,0|0,0|0,0|0,0|0,0|0,0|0,0|0,0|0,0|0,0|0,0|0,0|1,1|0,1|0,0|0,1|0,0|1,0|1,0|0,1|0,0|1,0|0,0|0,0|0,1|0,0|0,0|0,0|1,0|0,0|0,0|1,0|0,0|0,0|0,0|0,1|0,0|1,0|0,1|0,0|1,1|0,0|1,0|0,0|0,0|0,0|0,0|0,0|0,1|0,0|0,0|1,0|0,1|0,0|1,0|0,0|0,0|0,0|1,0|0,0|0,0|0,0|0,0|0,0|1,0|1,0|0,0|0,0|0,0|1,1|0,0|0,0|1,1|0,1|0,0|0,0|0,0|0,1|0,1|0,0|0,0|0,0|0,0|1,0|0,0|0,0|0,1|0,0|1,0|0,0|0
15,78593273,.,G,GTA,.,PASS,AC=280;AN=5096;DP=283978;AF=0.05;EAS_AF=0.26;EUR_AF=0;AFR_AF=0;AMR_AF=0;SAS_AF=0.01;EX_TARGET;VT=INDEL;NS=2548,GT,0|0,0|1,0|0,0|1,0|0,1|1,0|0,1|1,0|1,0|0,0|0,0|0,0|0,0|0,0|0,0|0,0|0,0|0,0|0,0|0,0|1,1|0,1|0,0|0,1|0,0|1,0|1,0|0,1|0,0|1,0|0,0|0,0|0,1|0,0|0,0|0,0|1,0|0,0|0,0|1,0|0,0|0,0|0,0|0,1|0,0|1,0|0,1|0,0|1,1|0,0|1,0|0,0|0,0|0,0|0,0|0,0|0,1|0,0|0,0|1,0|0,1|0,0|1,0|0,0|0,0|0,0|1,0|0,0|0,0|0,0|0,0|0,0|1,0|1,0|0,0|0,0|0,0|1,1|0,0|0,0|1,1|0,1|0,0|0,0|0,0|0,1|0,1|0,0|0,0|0,0|0,0|1,0|0,0|0,0|0,1|0,0|1,0|0,0|0
15,78593646,.,T,C,.,PASS,AC=3608;AN=5096;DP=21134;AF=0.71;EAS_AF=0.83;EUR_AF=0.65;AFR_AF=0.63;AMR_AF=0.81;SAS_AF=0.68;VT=SNP;NS=2548,GT,1|1,0|1,0|0,1|1,0|1,1|1,1|1,1|1,0|1,0|1,1|1,1|1,0|1,1|1,1|0,0|0,1|0,0|1,1|1,1|0,0|1,1|1,1|1,1|0,1|1,0|1,1|1,1|0,1|1,1|1,1|1,1|1,0|1,1|0,1|1,1|1,1|1,0|0,0|0,0|1,0|0,1|0,0|0,1|0,1|0,1|1,1|0,1|0,1|1,1|1,0|1,0|1,1|1,1|1,1|1,1|0,1|1,1|1,0|1,0|1,1|1,1|1,0|1,1|0,1|1,1|1,1|1,1|0,1|1,0|1,0|1,1|0,1|1,1|1,1|1,1|1,0|1,1|1,1|1,1|1,1|1,1|1,1|1,1|1,0|1,1|0,1|1,1|1,1|1,1|1,1|1,0|1,1|1,0|0,1|0,1|1,1|1,0|1,0|1
15,78593763,.,G,A,.,PASS,AC=3;AN=5096;DP=20019;AF=0;EAS_AF=0;EUR_AF=0;AFR_AF=0;AMR_AF=0;SAS_AF=0;VT=SNP;NS=2548,GT,0|0,0|0,0|0,0|0,0|0,0|0,0|0,0|0,0|0,0|0,0|0,0|0,0|0,0|0,0|0,0|0,0|0,0|0,0|0,0|0,0|0,0|0,0|0,0|0,0|0,0|0,0|0,0|0,0|0,0|0,0|0,0|0,0|0,0|0,0|0,0|0,0|0,0|0,0|0,0|0,0|0,0|0,0|0,0|0,0|0,0|0,0|0,0|0,0|0,0|0,0|0,0|0,0|0,0|0,0|0,0|0,0|0,0|0,0|0,0|0,0|0,0|0,0|0,0|0,0|0,0|0,0|0,0|0,0|0,0|0,0|0,0|0,0|0,0|0,0|0,0|0,0|0,0|0,0|0,0|0,0|0,0|0,0|0,0|0,0|0,0|0,0|0,0|0,1|0,0|0,0|0,0|0,0|0,0|0,0|0,0|0,0|0,0|0,0|0
15,78593807,.,G,A,.,PASS,AC=22;AN=5096;DP=19428;AF=0;EAS_AF=0.01;EUR_AF=0.01;AFR_AF=0;AMR_AF=0;SAS_AF=0;VT=SNP;NS=2548,GT,0|0,0|0,0|0,0|0,1|0,0|0,0|0,0|0,0|0,0|0,0|0,0|0,0|0,0|0,0|0,0|0,0|0,0|0,0|0,0|0,0|0,0|0,0|0,0|0,0|0,0|0,0|0,0|0,0|0,0|0,0|0,0|0,0|0,0|0,0|0,0|0,0|0,0|0,0|0,0|0,1|0,0|0,0|0,0|0,0|0,0|0,0|0,0|1,0|0,0|0,0|0,0|0,0|0,0|0,0|0,0|0,0|0,0|0,0|0,0|0,0|0,0|0,0|0,0|0,0|0,0|0,0|0,0|0,0|0,1|0,0|0,0|0,0|0,0|0,0|0,0|0,0|0,0|0,0|0,0|0,0|0,0|0,0|0,0|0,0|0,0|0,0|0,0|0,0|0,0|0,0|0,0|0,0|0,0|0,0|0,0|0,0|0,0|0,0|0
15,78593856,.,C,T,.,PASS,AC=762;AN=5096;DP=17990;AF=0.15;EAS_AF=0.03;EUR_AF=0.36;AFR_AF=0.02;AMR_AF=0.21;SAS_AF=0.18;VT=SNP;NS=2548,GT,0|0,0|0,0|0,0|0,0|0,0|0,0|0,0|0,0|0,0|0,0|0,0|0,0|0,0|0,0|0,0|0,0|0,0|0,0|0,0|0,0|0,0|0,0|0,0|0,0|0,0|0,0|0,0|0,0|0,0|0,0|0,0|1,0|0,0|0,0|0,0|1,0|0,0|0,0|0,0|0,0|0,0|0,0|0,0|0,0|0,0|0,0|0,0|0,1|0,0|0,0|0,0|0,0|0,0|0,0|0,0|0,0|0,0|0,0|0,0|0,0|0,0|0,0|0,0|0,0|0,0|0,0|0,1|0,0|0,0|0,0|0,0|0,0|0,0|0,0|0,0|0,0|0,0|0,0|0,0|0,0|0,0|0,0|0,0|0,0|0,0|0,0|0,0|0,0|0,0|0,0|0,0|0,0|0,0|0,0|0,0|0,0|0,0|0,0|0
15,78593885,.,A,G,.,PASS,AC=2825;AN=5096;DP=17392;AF=0.55;EAS_AF=0.8;EUR_AF=0.28;AFR_AF=0.6;AMR_AF=0.6;SAS_AF=0.49;VT=SNP;NS=2548,GT,1|1,0|1,0|0,1|1,0|1,1|1,1|1,1|1,0|1,0|1,1|1,1|1,0|1,1|1,1|0,0|0,1|0,0|1,1|1,1|0,0|1,1|1,1|1,1|0,1|1,0|1,1|1,1|0,1|1,1|1,1|1,1|0,0|1,1|0,1|1,1|0,1|1,0|0,0|0,0|1,0|0,1|0,0|0,1|0,1|0,1|1,1|0,1|0,0|1,1|1,0|1,0|1,1|1,1|1,1|1,1|0,1|1,1|1,0|1,0|1,1|1,1|1,0|1,1|0,1|1,1|1,1|1,0|0,1|1,0|1,0|1,1|0,1|1,1|1,1|1,1|1,0|1,1|1,1|1,1|1,1|1,1|1,1|1,1|1,0|1,1|0,1|1,1|1,1|1,1|1,1|1,0|1,1|1,0|0,1|0,1|1,1|1,0|1,0|1
15,78593895,.,C,T,.,PASS,AC=5;AN=5096;DP=17672;AF=0;EAS_AF=0;EUR_AF=0;AFR_AF=0;AMR_AF=0;SAS_AF=0;VT=SNP;NS=2548,GT,0|0,0|0,0|0,0|0,0|0,0|0,0|0,0|0,0|0,0|0,0|0,0|0,0|0,0|0,0|0,0|0,0|0,0|0,0|0,1|0,0|0,0|0,0|0,0|0,0|0,0|0,0|0,0|0,0|0,0|0,0|0,0|0,0|0,0|0,0|0,0|0,0|0,0|0,0|0,0|0,0|0,0|0,0|0,0|0,0|0,0|0,0|0,0|0,0|0,0|0,0|0,0|0,0|0,0|0,0|0,0|0,0|0,0|0,0|0,0|0,0|0,0|0,0|0,0|0,0|0,0|1,0|0,0|0,0|0,0|0,0|0,0|0,0|0,0|0,0|0,0|0,0|0,0|0,0|0,0|0,0|0,0|0,0|0,0|0,0|0,0|0,0|0,0|0,0|0,0|0,0|0,0|0,0|0,0|0,0|0,0|0,0|0,0|0,0|0
15,78594551,.,G,A,.,PASS,AC=70;AN=5096;DP=18587;AF=0.01;EAS_AF=0.06;EUR_AF=0;AFR_AF=0;AMR_AF=0;SAS_AF=0;VT=SNP;NS=2548,GT,1|0,0|0,1|0,0|0,0|0,0|0,0|0,0|0,0|0,0|0,1|1,0|0,0|0,0|0,0|0,0|0,0|0,0|1,0|0,0|0,0|0,0|1,0|0,0|0,0|0,0|0,0|0,0|0,0|0,0|0,0|0,1|0,0|0,0|0,0|0,0|0,0|0,0|0,0|0,0|0,0|0,0|0,0|0,0|0,0|0,1|0,0|0,0|0,0|0,0|0,0|0,0|0,0|0,0|0,0|0,0|0,1|0,0|0,0|0,0|0,0|0,0|0,0|0,0|0,1|1,0|0,0|0,0|0,0|0,0|0,0|0,0|0,0|0,0|0,0|1,0|1,0|0,1|0,0|0,0|0,0|0,0|0,0|0,0|0,0|0,0|0,0|1,0|1,0|0,0|0,0|0,0|0,0|0,0|0,0|0,0|0,0|0,0|0,0|0
15,78594560,.,C,T,.,PASS,AC=263;AN=5096;DP=19003;AF=0.05;EAS_AF=0.06;EUR_AF=0;AFR_AF=0.14;AMR_AF=0.01;SAS_AF=0;VT=SNP;NS=2548,GT,1|0,0|0,1|0,0|0,0|0,0|0,0|0,0|0,0|0,0|0,1|1,0|0,0|0,0|0,0|0,0|0,0|0,0|1,0|0,0|0,0|0,0|1,0|0,0|0,0|0,0|0,0|0,0|0,0|0,0|0,0|0,1|0,0|0,0|0,0|0,0|0,0|0,0|0,0|0,0|0,0|0,0|0,0|0,0|0,0|0,1|0,0|0,0|0,0|0,0|0,0|0,0|0,0|0,0|0,0|0,0|0,1|0,0|0,0|0,0|0,0|0,0|0,0|0,0|0,1|1,0|0,0|0,0|0,0|0,0|0,0|0,0|0,0|0,0|0,0|1,0|1,0|0,1|0,0|0,0|0,0|0,0|0,0|0,0|0,0|0,0|0,0|1,0|1,0|0,0|0,0|0,0|0,0|0,0|0,0|0,0|0,0|0,0|0,0|0
15,78594605,.,G,A,.,PASS,AC=766;AN=5096;DP=20279;AF=0.15;EAS_AF=0.03;EUR_AF=0.36;AFR_AF=0.03;AMR_AF=0.21;SAS_AF=0.18;VT=SNP;NS=2548,GT,0|0,0|0,0|0,0|0,0|0,0|0,0|0,0|0,0|0,0|0,0|0,0|0,0|0,0|0,0|0,0|0,0|0,0|0,0|0,0|0,0|0,0|0,0|0,0|0,0|0,0|0,0|0,0|0,0|0,0|0,0|0,0|1,0|0,0|0,0|0,0|1,0|0,0|0,0|0,0|0,0|0,0|0,0|0,0|0,0|0,0|0,0|0,0|0,1|0,0|0,0|0,0|0,0|0,0|0,0|0,0|0,0|0,0|0,0|0,0|0,0|0,0|0,0|0,0|0,0|0,0|0,0|0,1|0,0|0,0|0,0|0,0|0,0|0,0|0,0|0,0|0,0|0,0|0,0|0,0|0,0|0,0|0,0|0,0|0,0|0,0|0,0|0,0|0,0|0,0|0,0|0,0|0,0|0,0|0,0|0,0|0,0|0,0|0,0|0
15,78594829,.,T,C,.,PASS,AC=263;AN=5096;DP=21433;AF=0.05;EAS_AF=0.06;EUR_AF=0;AFR_AF=0.14;AMR_AF=0.01;SAS_AF=0;VT=SNP;NS=2548,GT,1|0,0|0,0|0,0|0,0|0,0|0,0|0,0|0,0|0,0|0,1|1,0|0,0|0,0|0,0|0,0|0,0|0,0|1,0|0,0|0,0|0,0|1,0|0,0|0,0|0,0|0,0|0,0|0,0|0,0|0,0|0,1|0,0|0,0|0,0|0,0|0,0|0,0|0,0|0,0|0,0|0,0|0,0|0,0|0,0|0,1|0,0|0,0|0,0|0,0|0,0|0,0|0,0|0,0|0,0|0,0|0,1|0,0|0,0|0,0|0,0|0,0|0,0|0,0|0,1|1,0|0,0|0,0|0,0|0,0|0,0|0,0|0,0|0,0|0,0|1,0|1,0|0,1|0,0|0,0|0,0|0,0|0,0|0,0|0,0|0,0|0,0|1,0|1,0|0,0|0,0|0,0|0,0|0,0|0,0|0,0|0,0|0,0|0,0|0
15,78594962,.,G,T,.,PASS,AC=1;AN=5096;DP=20491;AF=0;EAS_AF=0;EUR_AF=0;AFR_AF=0;AMR_AF=0;SAS_AF=0;VT=SNP;NS=2548,GT,0|0,0|0,0|0,0|0,0|0,0|0,0|0,0|0,0|0,0|0,0|0,0|0,0|0,0|0,0|0,0|0,0|0,0|0,0|0,1|0,0|0,0|0,0|0,0|0,0|0,0|0,0|0,0|0,0|0,0|0,0|0,0|0,0|0,0|0,0|0,0|0,0|0,0|0,0|0,0|0,0|0,0|0,0|0,0|0,0|0,0|0,0|0,0|0,0|0,0|0,0|0,0|0,0|0,0|0,0|0,0|0,0|0,0|0,0|0,0|0,0|0,0|0,0|0,0|0,0|0,0|0,0|0,0|0,0|0,0|0,0|0,0|0,0|0,0|0,0|0,0|0,0|0,0|0,0|0,0|0,0|0,0|0,0|0,0|0,0|0,0|0,0|0,0|0,0|0,0|0,0|0,0|0,0|0,0|0,0|0,0|0,0|0,0|0,0|0
15,78594963,.,T,C,.,PASS,AC=1;AN=5096;DP=20484;AF=0;EAS_AF=0;EUR_AF=0;AFR_AF=0;AMR_AF=0;SAS_AF=0;VT=SNP;NS=2548,GT,0|0,0|0,0|0,0|0,0|0,0|0,0|0,0|0,0|0,0|0,0|0,0|0,0|0,0|0,0|0,0|0,0|0,0|0,0|0,0|0,0|0,0|0,0|0,0|0,0|0,0|0,0|0,0|0,0|0,0|0,0|0,0|0,0|0,0|0,0|0,0|0,0|0,0|0,0|0,0|0,0|0,0|0,0|0,0|0,0|0,0|0,0|0,0|0,0|0,0|0,0|0,0|0,1|0,0|0,0|0,0|0,0|0,0|0,0|0,0|0,0|0,0|0,0|0,0|0,0|0,0|0,0|0,0|0,0|0,0|0,0|0,0|0,0|0,0|0,0|0,0|0,0|0,0|0,0|0,0|0,0|0,0|0,0|0,0|0,0|0,0|0,0|0,0|0,0|0,0|0,0|0,0|0,0|0,0|0,0|0,0|0,0|0,0|0,0|0
15,78595037,.,A,T,.,PASS,AC=6;AN=5096;DP=18602;AF=0;EAS_AF=0.01;EUR_AF=0;AFR_AF=0;AMR_AF=0;SAS_AF=0;VT=SNP;NS=2548,GT,0|0,0|0,0|0,0|0,0|0,0|0,0|0,0|0,0|0,0|0,0|0,0|0,0|0,0|0,0|0,0|0,0|0,0|0,0|0,0|0,0|0,0|0,0|0,0|0,0|0,0|0,0|0,0|0,0|0,0|0,0|0,0|0,0|0,0|0,0|0,0|0,0|0,0|0,0|0,0|0,0|0,0|0,0|0,1|0,0|0,0|0,0|0,0|0,0|0,0|0,0|0,0|0,0|0,0|0,0|0,0|0,0|0,0|0,0|0,0|0,0|0,0|0,0|0,0|0,0|0,0|0,0|0,0|0,0|0,0|0,0|0,0|0,0|0,0|0,0|0,0|0,0|0,0|0,0|0,0|0,0|0,0|0,0|0,0|0,0|0,0|0,0|0,0|0,0|0,0|0,0|0,0|0,0|0,0|0,0|0,0|0,0|0,0|1,0|0
15,78595096,.,T,G,.,PASS,AC=99;AN=5096;DP=19510;AF=0.02;EAS_AF=0.01;EUR_AF=0.04;AFR_AF=0.01;AMR_AF=0.02;SAS_AF=0.02;VT=SNP;NS=2548,GT,0|0,0|0,0|0,0|0,0|0,0|0,0|0,0|0,0|0,0|0,0|0,0|0,0|0,0|0,0|0,0|0,0|0,0|0,0|0,0|0,0|0,0|0,0|0,0|0,0|0,0|0,0|0,0|0,0|0,0|0,0|0,0|0,0|0,0|0,0|0,0|0,1|0,0|0,0|0,0|0,0|0,0|0,0|0,0|0,0|0,0|0,1|0,0|0,0|0,0|0,0|0,0|0,0|0,0|0,0|0,0|0,0|0,0|0,0|0,0|0,0|0,0|0,0|0,0|0,0|0,0|0,0|0,0|0,0|0,0|0,0|0,0|0,0|0,0|0,0|0,0|0,0|0,0|0,0|0,1|0,0|0,0|0,0|0,0|0,0|0,0|0,0|0,0|0,0|0,0|0,0|0,0|0,0|0,0|0,0|0,0|0,0|0,0|0,0|0
15,78595490,.,A,G,.,PASS,AC=3782;AN=5096;DP=22088;AF=0.74;EAS_AF=0.83;EUR_AF=0.65;AFR_AF=0.76;AMR_AF=0.81;SAS_AF=0.68;VT=SNP;NS=2548,GT,1|1,0|1,0|0,1|1,0|1,1|1,1|1,1|1,0|1,0|1,1|1,1|1,0|1,1|1,1|0,0|0,1|0,0|1,1|1,1|0,0|1,1|1,1|1,1|0,1|1,0|1,1|1,1|0,1|1,1|1,1|1,1|1,0|1,1|0,1|1,1|1,1|1,0|0,0|0,0|1,0|0,1|0,0|0,1|0,1|0,1|1,1|0,1|0,1|1,1|1,0|1,0|1,1|1,1|1,1|1,1|0,1|1,1|1,0|1,0|1,1|1,1|1,0|1,1|0,1|1,1|1,1|1,1|0,1|1,0|1,0|1,1|0,1|1,1|1,1|1,1|1,0|1,1|1,1|1,1|1,1|1,1|1,1|1,1|1,0|1,1|0,1|1,1|1,1|1,1|1,1|1,0|1,1|1,0|0,1|0,1|1,1|1,0|1,0|1
15,78595652,.,A,G,.,PASS,AC=3782;AN=5096;DP=24203;AF=0.74;EAS_AF=0.83;EUR_AF=0.65;AFR_AF=0.76;AMR_AF=0.81;SAS_AF=0.68;VT=SNP;NS=2548,GT,1|1,0|1,0|0,1|1,0|1,1|1,1|1,1|1,0|1,0|1,1|1,1|1,0|1,1|1,1|0,0|0,1|0,0|1,1|1,1|0,0|1,1|1,1|1,1|0,1|1,0|1,1|1,1|0,1|1,1|1,1|1,1|1,0|1,1|0,1|1,1|1,1|1,0|0,0|0,0|1,0|0,1|0,0|0,1|0,1|0,1|1,1|0,1|0,1|1,1|1,0|1,0|1,1|1,1|1,1|1,1|0,1|1,1|1,0|1,0|1,1|1,1|1,0|1,1|0,1|1,1|1,1|1,1|0,1|1,0|1,0|1,1|0,1|1,1|1,1|1,1|1,0|1,1|1,1|1,1|1,1|1,1|1,1|1,1|1,0|1,1|0,1|1,1|1,1|1,1|1,1|1,0|1,1|1,0|0,1|0,1|1,1|1,0|1,0|1
15,78595754,.,T,TTAGA,.,PASS,AC=16;AN=5096;DP=23400;AF=0;EAS_AF=0.02;EUR_AF=0;AFR_AF=0;AMR_AF=0;SAS_AF=0;VT=INDEL;NS=2548,GT,0|0,0|0,0|0,0|0,0|0,0|0,0|0,0|0,0|0,0|0,0|0,0|0,0|0,0|0,0|0,1|0,0|0,0|0,0|0,0|1,0|0,0|0,0|0,0|0,0|0,0|0,0|0,0|0,0|0,0|0,0|0,0|0,0|0,0|1,0|0,0|0,0|0,0|0,0|1,0|0,0|0,0|0,0|0,0|0,0|0,0|0,0|0,0|0,0|0,0|0,0|0,0|0,0|0,0|0,0|0,0|0,0|0,0|0,0|0,1|0,0|0,0|0,0|0,0|1,0|0,0|0,0|0,0|0,0|0,0|0,0|0,0|0,0|0,0|0,0|0,0|0,0|0,0|0,0|0,0|0,0|0,0|0,0|0,0|0,0|0,0|0,0|0,0|0,0|0,0|0,0|0,0|0,0|0,0|0,0|0,0|0,0|0,0|0,0|0
15,78595759,.,T,TAG,.,PASS,AC=13;AN=5096;DP=23216;AF=0;EAS_AF=0.01;EUR_AF=0;AFR_AF=0;AMR_AF=0;SAS_AF=0;VT=INDEL;NS=2548,GT,0|0,0|0,0|0,0|0,0|0,0|0,0|0,0|0,0|0,0|0,0|0,0|0,0|0,0|0,0|0,1|0,0|0,0|0,0|0,0|0,0|0,0|0,0|0,0|0,0|0,0|0,0|0,0|0,0|0,0|0,0|0,0|0,0|0,0|0,0|0,0|0,0|0,0|0,0|1,0|0,0|0,0|0,0|0,0|0,0|0,0|0,0|0,0|0,0|0,0|0,0|0,0|0,0|0,0|0,0|0,0|0,0|0,0|0,0|0,1|0,0|0,0|0,0|0,0|1,0|0,0|0,0|0,0|0,0|0,0|0,0|0,0|0,0|0,0|0,0|0,0|0,0|0,0|0,0|0,0|0,0|0,0|0,0|0,0|0,0|0,0|0,0|0,0|0,0|0,0|0,0|0,0|0,0|0,0|0,0|0,0|0,0|0,0|0,0|0
15,78595867,.,T,C,.,PASS,AC=9;AN=5096;DP=21387;AF=0;EAS_AF=0.01;EUR_AF=0;AFR_AF=0;AMR_AF=0;SAS_AF=0;VT=SNP;NS=2548,GT,0|0,0|0,0|0,0|0,0|0,0|0,0|0,0|0,0|0,0|0,0|1,0|0,0|0,0|0,0|0,0|0,0|0,0|0,0|0,0|0,0|0,0|1,0|0,0|0,0|0,0|0,0|0,0|0,0|0,0|0,0|0,0|0,0|0,0|0,0|0,0|0,0|0,0|0,0|0,0|0,0|0,0|0,0|0,0|0,0|0,0|0,0|0,0|0,0|0,0|0,0|0,0|0,0|0,0|0,0|0,0|0,0|0,0|0,0|0,0|0,0|0,0|0,0|0,0|0,0|0,0|0,0|0,0|0,0|0,0|0,0|0,0|0,0|0,0|0,0|0,0|0,0|0,0|0,0|0,0|0,0|0,0|0,0|0,0|0,0|0,0|0,0|0,0|0,0|0,0|0,0|0,0|0,0|0,0|0,0|0,0|0,0|0,0|0,0|0
15,78595892,.,A,ACCCC,.,PASS,AC=2011;AN=5096;DP=21088;AF=0.39;EAS_AF=0.47;EUR_AF=0.24;AFR_AF=0.32;AMR_AF=0.55;SAS_AF=0.47;VT=INDEL;NS=2548,GT,0|1,0|0,0|0,1|0,0|1,0|0,1|1,0|0,0|0,0|1,0|0,1|1,0|1,1|1,1|0,0|0,1|0,0|0,1|1,1|0,0|0,0|0,0|1,1|0,0|1,0|0,1|0,1|0,0|1,1|0,1|1,0|0,0|1,0|0,1|1,1|0,0|0,0|0,0|0,0|0,0|0,1|0,0|0,1|0,0|0,0|0,0|0,0|0,0|0,0|1,0|0,0|1,1|1,1|1,1|1,1|0,0|1,0|1,0|1,0|0,1|1,0|1,0|0,1|0,0|0,1|1,1|0,0|0,1|1,0|1,0|1,1|0,1|0,1|0,1|0,1|0,0|1,0|0,0|1,0|1,1|0,0|1,0|1,1|1,0|1,1|0,0|0,0|0,1|1,1|1,1|1,0|0,1|1,0|0,1|0,0|1,1|0,0|1,0|1
15,78596058,.,G,A,.,PASS,AC=2822;AN=5096;DP=23374;AF=0.55;EAS_AF=0.8;EUR_AF=0.28;AFR_AF=0.6;AMR_AF=0.6;SAS_AF=0.49;VT=SNP;NS=2548,GT,1|1,0|1,0|0,1|1,0|1,1|1,1|1,1|1,0|1,0|1,1|1,1|1,0|1,1|1,1|0,0|0,1|0,0|1,1|1,1|0,0|1,1|1,1|1,1|0,1|1,0|1,1|1,1|0,1|1,1|1,1|1,1|0,0|1,1|0,1|1,1|0,1|1,0|0,0|0,0|1,0|0,1|0,0|0,1|0,1|0,1|1,1|0,1|0,0|1,1|1,0|1,0|1,1|1,1|1,1|1,1|0,1|1,1|1,0|1,0|1,1|1,1|1,0|1,1|0,1|1,1|1,1|1,0|0,1|1,0|1,0|1,1|0,1|1,1|1,1|1,1|1,0|1,1|1,1|1,1|1,1|1,1|1,1|1,1|1,0|1,1|0,1|1,1|1,1|1,1|1,1|1,0|1,1|1,0|0,1|0,1|1,1|1,0|1,0|1
15,78596165,.,C,T,.,PASS,AC=2;AN=5096;DP=21468;AF=0;EAS_AF=0;EUR_AF=0;AFR_AF=0;AMR_AF=0;SAS_AF=0;VT=SNP;NS=2548,GT,0|0,0|0,0|0,0|0,0|0,0|0,0|0,0|0,0|0,0|0,0|0,0|0,0|0,0|0,0|0,0|0,0|0,0|0,0|0,0|0,0|0,0|0,0|0,0|0,0|0,0|0,0|0,0|0,0|0,0|0,0|0,0|0,0|0,0|0,0|0,0|0,0|0,0|0,0|0,0|0,0|0,0|0,0|0,0|0,0|0,0|0,0|0,0|0,0|0,0|0,0|0,0|0,0|0,0|0,0|0,0|0,0|0,0|0,0|0,0|0,0|0,0|0,0|0,0|0,0|0,0|0,0|0,0|1,0|0,0|0,0|0,0|0,0|0,0|0,0|0,0|0,0|0,0|0,0|0,0|0,0|0,0|0,0|0,0|0,0|0,0|0,0|0,0|0,0|0,0|0,0|0,0|0,0|0,0|0,0|0,0|0,0|0,0|0,1|0
15,78596180,.,G,GAATT,.,PASS,AC=280;AN=5096;DP=20778;AF=0.05;EAS_AF=0.26;EUR_AF=0;AFR_AF=0;AMR_AF=0;SAS_AF=0.01;VT=INDEL;NS=2548,GT,0|0,0|1,0|0,0|1,0|0,1|1,0|0,1|1,0|1,0|0,0|0,0|0,0|0,0|0,0|0,0|0,0|0,0|0,0|0,0|0,0|1,1|0,1|0,0|0,1|0,0|1,0|1,0|0,1|0,0|1,0|0,0|0,0|0,1|0,0|0,0|0,0|1,0|0,0|0,0|1,0|0,0|0,0|0,0|0,1|0,0|1,0|0,1|0,0|1,1|0,0|1,0|0,0|0,0|0,0|0,0|0,0|0,1|0,0|0,0|1,0|0,1|0,0|1,0|0,0|0,0|0,0|1,0|0,0|0,0|0,0|0,0|0,0|1,0|1,0|0,0|0,0|0,0|1,1|0,0|0,0|1,1|0,1|0,0|0,0|0,0|0,1|0,1|0,0|0,0|0,0|0,0|1,0|0,0|0,0|0,1|0,0|1,0|0,0|0
15,78596374,.,G,T,.,PASS,AC=3;AN=5096;DP=36664;AF=0;EAS_AF=0;EUR_AF=0;AFR_AF=0;AMR_AF=0;SAS_AF=0;VT=SNP;NS=2548,GT,0|0,0|0,0|0,0|0,0|0,0|0,0|0,0|0,0|0,0|0,0|0,0|0,0|0,0|0,0|0,0|0,0|0,0|0,0|0,0|0,0|0,0|0,0|0,0|0,0|0,0|0,0|0,0|0,0|0,0|0,0|0,0|0,0|0,0|0,0|0,0|0,0|0,0|0,0|0,0|0,0|1,0|0,0|0,0|0,0|0,0|0,0|0,0|0,0|0,0|0,0|0,0|0,0|0,0|0,0|0,0|0,0|0,0|0,0|0,0|0,0|0,0|0,0|0,0|0,0|0,0|0,0|0,0|0,0|0,0|0,0|0,0|0,0|0,0|0,0|0,0|0,0|0,0|0,0|0,0|0,0|0,0|0,0|0,0|0,0|0,0|0,0|0,0|0,0|0,0|0,0|0,0|0,0|0,0|0,0|0,0|0,0|0,0|0,0|0
15,78596440,.,AT,A,.,PASS,AC=2826;AN=5096;DP=53049;AF=0.55;EAS_AF=0.8;EUR_AF=0.29;AFR_AF=0.6;AMR_AF=0.6;SAS_AF=0.48;VT=INDEL;NS=2548,GT,1|1,0|1,0|0,1|1,0|1,1|1,1|1,1|1,0|1,0|1,1|1,1|1,0|1,1|1,1|0,0|0,1|0,0|1,0|1,1|0,0|1,1|1,1|1,1|0,1|1,0|1,1|1,1|0,1|1,1|1,1|1,1|0,0|1,1|0,1|1,1|0,1|1,0|0,0|0,0|1,0|0,1|0,0|0,1|0,1|0,1|1,1|0,1|0,0|1,1|1,0|1,0|1,1|1,1|1,1|1,1|0,1|1,1|1,0|1,0|1,1|1,1|1,0|1,1|0,1|1,1|1,1|1,0|0,1|1,0|1,0|1,1|0,1|1,1|1,1|1,1|1,0|1,1|1,1|1,1|1,1|1,1|1,1|1,1|1,0|1,1|0,1|1,1|1,1|1,1|1,1|1,0|1,1|1,0|0,1|0,1|1,1|1,0|1,0|1
15,78596506,.,G,A,.,PASS,AC=280;AN=5096;DP=97274;AF=0.05;EAS_AF=0.26;EUR_AF=0;AFR_AF=0;AMR_AF=0;SAS_AF=0.01;VT=SNP;NS=2548,GT,0|0,0|1,0|0,0|1,0|0,1|1,0|0,1|1,0|1,0|0,0|0,0|0,0|0,0|0,0|0,0|0,0|0,0|0,0|0,0|0,0|1,1|0,1|0,0|0,1|0,0|1,0|1,0|0,1|0,0|1,0|0,0|0,0|0,1|0,0|0,0|0,0|1,0|0,0|0,0|1,0|0,0|0,0|0,0|0,1|0,0|1,0|0,1|0,0|1,1|0,0|1,0|0,0|0,0|0,0|0,0|0,0|0,1|0,0|0,0|1,0|0,1|0,0|1,0|0,0|0,0|0,0|1,0|0,0|0,0|0,0|0,0|0,0|1,0|1,0|0,0|0,0|0,0|1,1|0,0|0,0|1,1|0,1|0,0|0,0|0,0|0,1|0,1|0,0|0,0|0,0|0,0|1,0|0,0|0,0|0,1|0,0|1,0|0,0|0
15,78596627,.,G,T,.,PASS,AC=2;AN=5096;DP=230789;AF=0;EAS_AF=0;EUR_AF=0;AFR_AF=0;AMR_AF=0;SAS_AF=0;EX_TARGET;VT=SNP;NS=2548,GT,0|0,0|0,0|0,0|0,0|0,0|0,0|0,0|0,0|0,0|0,0|0,0|0,0|0,0|0,0|0,0|0,0|0,0|0,0|0,0|0,0|0,0|0,0|0,0|0,0|0,0|0,0|0,0|0,0|0,0|0,0|0,0|0,0|0,0|0,0|0,0|0,0|0,0|0,0|0,0|0,0|0,0|0,0|0,0|0,0|0,0|0,0|0,0|0,0|0,0|0,0|0,0|0,0|0,0|0,0|0,0|0,0|0,0|0,0|0,0|0,0|0,0|0,0|0,0|0,0|0,0|0,0|0,0|0,0|0,0|0,0|0,0|0,0|0,0|0,0|0,0|0,0|0,0|0,0|0,0|0,0|0,0|0,0|0,0|0,0|0,0|0,0|0,0|0,0|0,0|0,1|0,0|0,0|0,0|0,0|0,0|0,0|0,0|0,0|0
15,78597267,.,C,A,.,PASS,AC=78;AN=5096;DP=20416;AF=0.02;EAS_AF=0.01;EUR_AF=0.04;AFR_AF=0;AMR_AF=0.02;SAS_AF=0.01;VT=SNP;NS=2548,GT,0|0,0|0,0|0,0|0,0|0,0|0,0|0,0|0,0|0,0|0,0|0,0|0,0|0,0|0,0|0,0|0,0|0,0|0,0|0,0|0,0|0,0|0,0|0,0|0,0|0,0|0,0|0,0|0,0|0,0|0,0|0,0|0,0|0,0|0,0|0,0|0,1|0,0|0,0|0,0|0,0|0,0|0,0|0,0|0,0|0,0|0,1|0,0|0,0|0,0|0,0|0,0|0,0|0,0|0,0|0,0|0,0|0,0|0,0|0,0|0,0|0,0|0,0|0,0|0,0|0,0|0,0|0,0|0,0|0,0|0,0|0,0|0,0|0,0|0,0|0,0|0,0|0,0|0,0|0,1|0,0|0,0|0,0|0,0|0,0|0,0|0,0|0,0|0,0|0,0|0,0|0,0|0,0|0,0|0,0|0,0|0,0|0,0|0,0|0
15,78597363,.,G,A,.,PASS,AC=86;AN=5096;DP=21906;AF=0.02;EAS_AF=0.08;EUR_AF=0;AFR_AF=0;AMR_AF=0;SAS_AF=0;VT=SNP;NS=2548,GT,0|0,0|0,0|0,0|0,0|0,1|1,0|0,1|0,0|0,0|0,0|0,0|0,0|0,0|0,0|0,0|0,0|0,0|0,0|0,0|0,0|0,1|0,0|0,0|0,0|0,0|0,0|0,0|0,0|0,0|0,0|0,0|0,0|0,0|0,0|0,0|0,0|0,0|0,0|0,0|0,0|0,0|0,0|0,0|0,0|0,0|0,0|0,0|0,0|0,0|0,0|0,0|0,0|0,0|0,0|0,0|0,0|0,0|0,0|0,0|1,0|0,0|0,0|1,0|0,0|0,0|0,0|1,0|0,0|0,0|0,0|0,0|0,0|0,0|0,0|0,0|0,0|0,0|0,0|0,0|0,0|1,0|0,0|0,0|0,0|0,0|0,0|0,0|0,0|0,0|0,0|0,0|1,0|0,0|0,0|0,0|0,0|0,0|0,0|0
15,78597440,.,AAAAT,A,.,PASS,AC=1581;AN=5096;DP=22088;AF=0.31;EAS_AF=0.18;EUR_AF=0.39;AFR_AF=0.38;AMR_AF=0.21;SAS_AF=0.34;VT=INDEL;NS=2548,GT,0|0,1|0,1|1,0|0,1|0,0|0,0|0,0|0,1|0,1|0,0|0,0|0,1|0,0|0,0|1,1|1,0|1,1|0,0|0,0|1,1|0,0|0,0|0,0|1,0|0,1|0,0|0,0|1,0|0,0|0,0|0,0|0,1|0,0|1,0|0,0|0,1|0,1|1,1|1,1|0,1|1,0|1,1|1,0|1,0|1,0|0,1|1,0|1,0|0,0|0,1|0,1|0,0|0,0|0,0|0,0|1,0|0,0|0,1|0,1|0,0|0,0|0,1|0,0|1,0|0,0|0,0|0,0|1,0|0,1|0,1|0,0|1,0|0,0|0,0|0,0|0,1|0,0|0,0|0,1|0,0|0,0|0,0|0,0|0,1|0,0|1,0|0,0|0,0|0,0|0,0|0,1|0,0|0,1|1,0|1,0|0,0|0,1|0,1|0
15,78597453,.,T,C,.,PASS,AC=1582;AN=5096;DP=22406;AF=0.31;EAS_AF=0.18;EUR_AF=0.39;AFR_AF=0.38;AMR_AF=0.21;SAS_AF=0.34;VT=SNP;NS=2548,GT,0|0,1|0,1|1,0|0,1|0,0|0,0|0,0|0,1|0,1|0,0|0,0|0,1|0,0|0,0|1,1|1,0|1,1|0,0|0,0|1,1|0,0|0,0|0,0|1,0|0,1|0,0|0,0|1,0|0,0|0,0|0,0|0,1|0,0|1,0|0,0|0,1|0,1|1,1|1,1|0,1|1,0|1,1|1,0|1,0|1,0|0,1|1,0|1,0|0,0|0,1|0,1|0,0|0,0|0,0|0,0|1,0|0,0|0,1|0,1|0,0|0,0|0,1|0,0|1,0|0,0|0,0|0,0|1,0|0,1|0,1|0,0|1,0|0,0|0,0|0,0|0,1|0,0|0,0|0,1|0,0|0,0|0,0|0,0|0,1|0,0|1,0|0,0|0,0|0,0|0,0|0,1|0,0|0,1|1,0|1,0|0,0|0,1|0,1|0
15,78597722,.,T,A,.,PASS,AC=4;AN=5096;DP=19927;AF=0;EAS_AF=0;EUR_AF=0;AFR_AF=0;AMR_AF=0;SAS_AF=0;VT=SNP;NS=2548,GT,0|0,0|0,0|0,0|0,0|0,0|0,0|0,0|0,0|0,0|0,0|0,0|0,0|0,0|0,0|0,0|0,0|0,0|1,0|0,0|0,0|0,0|0,0|0,0|0,0|0,0|0,0|0,0|0,0|0,0|0,0|0,0|0,0|0,0|0,0|0,0|0,0|0,0|0,0|0,0|0,0|0,0|0,0|0,0|0,0|0,0|0,0|0,0|0,0|0,0|0,0|0,0|0,0|0,0|0,0|0,0|0,0|0,0|0,0|0,0|0,0|0,0|0,0|0,0|0,0|0,0|0,0|0,0|0,0|0,0|0,0|0,0|0,0|0,0|0,0|0,0|0,0|0,0|0,0|0,0|0,0|0,0|0,0|0,0|0,0|0,0|0,0|0,0|0,0|0,0|0,0|0,0|0,0|0,0|0,0|0,0|0,0|0,0|0,0|0
15,78597979,.,C,T,.,PASS,AC=1584;AN=5096;DP=21622;AF=0.31;EAS_AF=0.18;EUR_AF=0.39;AFR_AF=0.38;AMR_AF=0.21;SAS_AF=0.34;VT=SNP;NS=2548,GT,0|0,1|0,1|1,0|0,1|0,0|0,0|0,0|0,1|0,1|0,0|0,0|0,1|0,0|0,0|1,1|1,0|1,1|0,0|0,0|1,1|0,0|0,0|0,0|1,0|0,1|0,0|0,0|1,0|0,0|0,0|0,0|0,1|0,0|1,0|0,0|0,1|0,1|1,1|1,1|0,1|1,0|1,1|1,0|1,0|1,0|0,1|1,0|1,0|0,0|0,1|0,1|0,0|0,0|0,0|0,0|1,0|0,0|0,1|0,1|0,0|0,0|0,1|0,0|1,0|0,0|0,0|0,0|1,0|0,1|0,1|0,0|1,0|0,0|0,0|0,0|0,1|0,0|0,0|0,1|0,0|0,0|0,0|0,0|0,1|0,0|1,0|0,0|0,0|0,0|0,0|0,1|0,0|0,1|1,0|1,0|0,0|0,1|0,1|0
15,78598487,.,C,T,.,PASS,AC=647;AN=5096;DP=18626;AF=0.13;EAS_AF=0.32;EUR_AF=0;AFR_AF=0.22;AMR_AF=0.02;SAS_AF=0.01;VT=SNP;NS=2548,GT,1|0,0|1,0|0,0|1,0|0,1|1,0|0,1|1,0|1,0|0,1|1,0|0,0|0,0|0,0|0,0|0,0|0,0|1,0|0,0|0,0|1,1|1,1|0,0|0,1|0,0|1,0|1,0|0,1|0,0|1,0|0,1|0,0|0,1|0,0|0,0|0,0|1,0|0,0|0,0|1,0|0,0|0,0|0,0|0,1|0,1|1,0|0,1|0,0|1,1|0,0|1,0|0,0|0,0|0,0|0,0|0,1|0,1|0,0|0,0|1,0|0,1|0,0|1,0|0,1|1,0|0,0|1,0|0,0|0,0|0,0|0,0|0,0|1,0|1,0|1,0|1,0|0,1|1,1|0,0|0,0|1,1|0,1|0,0|0,0|0,0|0,1|1,1|1,0|0,0|0,0|0,0|1,0|0,0|0,0|0,1|0,0|1,0|0,0|0
15,78599107,.,T,C,.,PASS,AC=1585;AN=5096;DP=19959;AF=0.31;EAS_AF=0.19;EUR_AF=0.39;AFR_AF=0.38;AMR_AF=0.21;SAS_AF=0.34;VT=SNP;NS=2548,GT,0|0,1|0,1|1,0|0,1|0,0|0,0|0,0|0,1|0,1|0,0|0,0|0,1|0,0|0,0|1,1|1,0|1,1|0,0|0,0|1,1|0,0|0,0|0,0|1,0|0,1|0,0|0,0|1,0|0,0|0,0|0,0|0,1|0,0|1,0|0,0|0,1|0,1|1,1|1,1|0,1|1,0|1,1|1,0|1,0|1,0|0,1|1,0|1,0|0,0|0,1|0,1|0,0|0,0|0,0|0,0|1,0|0,0|0,1|0,1|0,0|0,0|0,1|0,0|1,0|0,0|0,0|0,0|1,0|0,1|0,1|0,0|1,0|0,0|0,0|0,0|0,1|0,0|0,0|0,1|0,0|0,0|0,0|0,0|0,1|0,0|1,0|0,0|0,0|0,0|0,0|0,1|0,0|0,1|1,0|1,0|0,0|0,1|0,1|0
15,78599285,.,G,A,.,PASS,AC=3005;AN=5096;DP=21279;AF=0.59;EAS_AF=0.53;EUR_AF=0.76;AFR_AF=0.62;AMR_AF=0.44;SAS_AF=0.53;VT=SNP;NS=2548,GT,1|0,1|1,1|1,0|1,1|0,1|1,0|0,1|1,1|1,1|0,1|1,0|0,1|0,0|0,0|1,1|1,0|1,1|1,0|0,0|1,1|1,1|1,1|0,0|1,1|0,1|1,0|1,0|1,1|0,0|1,0|0,1|1,1|0,1|1,0|0,0|1,1|1,1|1,1|1,1|1,1|1,0|1,1|1,0|1,1|1,1|1,1|1,1|1,1|1,1|0,1|1,1|0,0|0,0|0,0|0,0|1,1|0,1|0,1|0,1|1,0|0,1|0,1|1,0|1,1|1,0|0,0|1,1|1,0|0,1|0,1|0,0|1,0|1,0|1,0|1,0|1,1|0,1|1,1|0,1|0,0|1,1|0,1|0,0|0,1|0,0|1,1|1,1|1,0|0,0|1,0|0,1|1,0|0,1|1,0|1,1|0,0|1,1|0,1|0
15,78600032,.,T,A,.,PASS,AC=730;AN=5096;DP=6312;AF=0.14;EAS_AF=0.08;EUR_AF=0.12;AFR_AF=0.02;AMR_AF=0.18;SAS_AF=0.37;VT=SNP;NS=2548,GT,0|0,0|0,0|0,0|0,0|0,0|0,1|0,0|0,0|0,0|0,0|0,0|0,0|1,0|0,1|0,0|0,0|0,0|0,1|1,1|0,0|0,0|0,0|0,0|0,0|0,0|0,0|0,0|0,0|0,0|0,1|0,0|0,0|0,0|0,0|1,0|0,0|0,0|0,0|0,0|0,0|0,1|0,0|0,1|0,0|0,0|0,0|0,0|0,0|0,0|0,0|0,0|0,0|1,1|0,0|0,0|0,0|0,0|0,0|0,0|0,0|0,0|0,0|0,1|0,0|0,0|1,0|0,0|0,0|0,0|0,0|0,0|0,0|0,0|0,0|0,0|0,0|0,0|0,0|0,0|1,0|0,0|0,0|0,0|0,0|0,0|0,0|0,0|0,0|0,0|0,0|1,0|0,0|0,0|0,0|0,0|0,0|0,0|1,0|0
15,78600319,.,C,T,.,PASS,AC=2450;AN=5096;DP=18887;AF=0.48;EAS_AF=0.21;EUR_AF=0.76;AFR_AF=0.47;AMR_AF=0.43;SAS_AF=0.52;VT=SNP;NS=2548,GT,0|0,1|0,1|1,0|0,1|0,0|0,0|0,0|0,1|0,1|0,0|0,0|0,1|0,0|0,0|1,1|1,0|1,1|0,0|0,0|1,1|0,0|0,0|0,0|1,0|0,1|0,0|0,0|1,0|0,0|0,0|0,0|1,1|0,0|1,0|0,0|1,1|0,1|1,1|1,1|0,1|1,0|1,1|1,0|1,0|1,0|0,1|1,0|1,1|0,0|0,1|0,1|0,0|0,0|0,0|0,0|1,0|0,0|0,1|0,1|0,0|0,0|0,1|0,0|1,0|0,0|0,0|0,1|1,0|0,1|0,1|0,0|1,0|0,0|0,0|0,0|0,1|0,0|0,0|0,1|0,0|0,0|0,0|0,0|0,1|0,0|1,0|0,0|0,0|0,0|0,0|0,1|0,0|0,1|1,0|1,0|0,0|0,1|0,1|0
15,78600335,.,A,G,.,PASS,AC=18;AN=5096;DP=18943;AF=0;EAS_AF=0.02;EUR_AF=0;AFR_AF=0;AMR_AF=0;SAS_AF=0;VT=SNP;NS=2548,GT,0|0,0|0,0|0,0|0,0|0,0|0,0|0,0|0,0|0,0|0,0|0,0|0,0|0,0|0,0|0,0|0,0|0,0|0,0|0,0|0,0|0,0|0,0|0,0|0,0|0,0|0,0|0,0|0,0|0,0|0,0|0,0|0,0|1,0|0,0|0,0|0,0|0,0|0,0|0,0|0,0|0,0|0,0|0,0|0,0|0,0|0,0|0,0|0,0|0,0|0,0|0,0|0,0|0,0|0,0|0,0|0,0|0,0|0,0|0,0|0,0|0,0|1,0|0,0|0,0|0,0|0,0|0,0|0,0|0,0|1,0|0,0|0,1|0,0|0,0|0,0|0,0|0,0|0,0|1,0|0,0|0,0|0,0|0,0|0,0|0,0|0,0|0,0|0,0|0,0|0,0|0,0|0,0|0,0|0,1|0,0|0,0|0,0|0,0|0
15,78600442,.,G,A,.,PASS,AC=1006;AN=5096;DP=21006;AF=0.2;EAS_AF=0.14;EUR_AF=0.34;AFR_AF=0.06;AMR_AF=0.18;SAS_AF=0.3;VT=SNP;NS=2548,GT,0|0,1|0,1|1,0|0,0|0,0|0,0|0,0|0,0|0,1|0,0|0,0|0,1|0,0|0,0|1,1|1,0|1,0|0,0|0,0|1,1|0,0|0,0|0,0|1,0|0,1|0,0|0,0|1,0|0,0|0,0|0,0|0,1|0,0|1,0|0,0|0,0|0,1|1,0|1,1|0,0|1,0|1,1|1,0|1,0|1,0|0,0|1,0|0,0|0,0|0,1|0,0|0,0|0,0|0,0|0,0|1,0|0,0|0,1|0,1|0,0|0,0|0,0|0,0|1,0|0,0|0,0|0,0|1,0|0,0|0,1|0,0|1,0|0,0|0,0|0,0|0,1|0,0|0,0|0,0|0,0|0,0|0,0|0,0|0,0|0,0|1,0|0,0|0,0|0,0|0,0|0,1|0,0|0,1|1,0|1,0|0,0|0,0|0,1|0
15,78600540,.,TTACTC,T,.,PASS,AC=79;AN=5096;DP=23405;AF=0.02;EAS_AF=0.01;EUR_AF=0.04;AFR_AF=0;AMR_AF=0.02;SAS_AF=0.01;VT=INDEL;NS=2548,GT,0|0,0|0,0|0,0|0,0|0,0|0,0|0,0|0,0|0,0|0,0|0,0|0,0|0,0|0,0|0,0|0,0|0,0|0,0|0,0|0,0|0,0|0,0|0,0|0,0|0,0|0,0|0,0|0,0|0,0|0,0|0,0|0,0|0,0|0,0|0,0|0,1|0,0|0,0|0,0|0,0|0,0|0,0|0,0|0,0|0,0|0,1|0,0|0,0|0,0|0,0|0,0|0,0|0,0|0,0|0,0|0,0|0,0|0,0|0,0|0,0|0,0|0,0|0,0|0,0|0,0|0,0|0,0|0,0|0,0|0,0|0,0|0,0|0,0|0,0|0,0|0,0|0,0|0,0|0,1|0,0|0,0|0,0|0,0|0,0|0,0|0,0|0,0|0,0|0,0|0,0|0,0|0,0|0,0|0,0|0,0|0,0|0,0|0,0|0
15,78600609,.,C,G,.,PASS,AC=283;AN=5096;DP=18947;AF=0.06;EAS_AF=0.26;EUR_AF=0;AFR_AF=0;AMR_AF=0;SAS_AF=0.01;VT=SNP;NS=2548,GT,0|0,0|1,0|0,0|1,0|0,1|1,0|0,1|1,0|1,0|0,0|0,0|0,0|0,0|0,0|0,0|0,0|0,0|0,0|0,0|0,0|1,1|0,1|0,0|0,1|0,0|1,0|1,0|0,1|0,0|1,0|0,0|0,0|0,1|0,0|0,0|0,0|1,0|0,0|0,0|1,0|0,0|0,0|0,0|0,1|0,0|0,0|0,1|0,0|1,1|0,0|1,0|0,0|0,0|0,0|0,0|0,0|0,1|0,0|0,0|1,0|0,1|0,0|1,0|0,0|0,0|0,0|1,0|0,0|0,0|0,0|0,0|0,0|1,0|1,0|0,0|0,0|0,0|1,1|0,0|0,0|1,1|0,1|0,0|0,0|0,0|0,1|0,1|0,0|0,0|1,0|0,0|1,0|0,0|0,0|0,1|0,0|1,0|0,0|0
15,78600610,.,G,A,.,PASS,AC=1595;AN=5096;DP=19092;AF=0.31;EAS_AF=0.18;EUR_AF=0.39;AFR_AF=0.39;AMR_AF=0.21;SAS_AF=0.34;VT=SNP;NS=2548,GT,0|0,1|0,1|1,0|0,1|0,0|0,0|0,0|0,1|0,1|0,0|0,0|0,1|0,0|0,0|1,1|1,0|1,1|0,0|0,0|1,1|0,0|0,0|0,0|1,0|0,1|0,0|0,0|1,0|0,0|0,0|0,0|0,1|0,0|1,0|0,0|0,1|0,1|1,1|1,1|0,1|1,0|1,1|1,0|1,0|1,0|0,1|1,0|1,0|0,0|0,1|0,1|0,0|0,0|0,0|0,0|1,0|0,0|0,1|0,1|0,0|0,0|0,1|0,0|1,0|0,0|0,0|0,0|1,0|0,1|0,1|0,0|1,0|0,0|0,0|0,0|0,1|0,0|0,0|0,1|0,0|0,0|0,0|0,0|0,1|0,0|1,0|0,0|0,0|0,0|0,0|0,1|0,0|0,1|1,0|1,0|0,0|0,1|0,1|0
15,78600912,.,C,T,.,PASS,AC=2;AN=5096;DP=25738;AF=0;EAS_AF=0;EUR_AF=0;AFR_AF=0;AMR_AF=0;SAS_AF=0;VT=SNP;NS=2548,GT,0|0,0|0,0|0,0|0,0|0,0|0,0|0,0|0,0|0,0|0,0|0,0|0,0|0,0|0,0|0,0|0,0|0,0|0,0|0,0|0,0|0,0|0,0|0,0|0,0|0,0|0,0|0,0|0,0|0,0|0,0|0,0|0,0|0,0|0,0|0,0|0,0|0,0|0,0|0,0|0,0|0,0|0,0|0,0|0,0|0,0|0,0|0,0|0,0|0,0|0,0|0,0|0,0|0,0|0,1|0,0|0,0|0,0|0,0|0,0|0,0|0,0|0,0|0,0|0,0|0,0|0,0|0,0|0,0|0,0|0,0|0,0|0,0|0,0|0,0|0,0|0,0|0,0|0,0|0,0|0,0|0,0|0,0|0,0|0,0|0,0|0,0|0,0|0,0|0,0|0,0|0,0|0,0|0,0|0,0|0,0|0,0|0,0|0,0|0
15,78600993,.,C,A,.,PASS,AC=651;AN=5096;DP=29491;AF=0.13;EAS_AF=0.32;EUR_AF=0;AFR_AF=0.22;AMR_AF=0.02;SAS_AF=0.01;VT=SNP;NS=2548,GT,1|0,0|1,0|0,0|1,0|0,1|1,0|0,1|1,0|1,0|0,1|1,0|0,0|0,0|0,0|0,0|0,0|0,0|1,0|0,0|0,0|1,1|1,1|0,0|0,1|0,0|1,0|1,0|0,1|0,0|1,0|0,1|0,0|0,1|0,0|0,0|0,0|1,0|0,0|0,0|1,0|0,0|0,0|0,0|0,1|0,1|0,0|0,1|0,0|1,1|0,0|1,0|0,0|0,0|0,0|0,0|0,1|0,1|0,0|0,0|1,0|0,1|0,0|1,0|0,1|1,0|0,0|1,0|0,0|0,0|0,0|0,0|0,0|1,0|1,0|1,0|1,0|0,1|1,1|0,0|0,0|1,1|0,1|0,0|0,0|0,0|0,1|1,1|1,0|0,0|1,0|0,0|1,0|0,0|0,0|0,1|0,0|1,0|0,0|0
15,78601093,.,G,A,.,PASS,AC=5;AN=5096;DP=58137;AF=0;EAS_AF=0;EUR_AF=0;AFR_AF=0;AMR_AF=0;SAS_AF=0;VT=SNP;NS=2548,GT,0|0,0|0,0|0,0|0,0|0,0|0,0|0,0|1,0|0,0|0,0|0,0|0,0|0,0|0,0|0,0|0,0|0,0|0,0|0,0|0,0|0,0|0,0|0,0|0,0|0,0|0,0|0,0|0,0|0,0|0,0|0,0|0,0|0,0|0,0|0,0|0,0|0,0|0,0|0,0|0,0|0,0|0,0|0,0|0,0|0,0|0,0|0,0|0,0|0,0|0,0|0,0|0,0|0,0|0,0|0,0|0,0|0,0|0,0|0,0|0,0|0,0|0,0|0,0|0,0|0,0|0,0|0,0|0,0|0,0|0,0|0,0|0,0|0,0|0,0|0,0|0,0|0,0|0,0|0,0|0,0|0,0|0,0|0,0|0,0|0,0|0,0|0,0|0,0|0,0|0,0|0,0|0,0|0,0|0,0|0,0|0,0|0,0|0,0|0
15,78601259,.,G,A,.,PASS,AC=6;AN=5096;DP=394577;AF=0;EAS_AF=0.01;EUR_AF=0;AFR_AF=0;AMR_AF=0;SAS_AF=0;EX_TARGET;VT=SNP;NS=2548,GT,0|0,0|0,0|0,0|0,0|0,0|0,0|0,0|0,0|0,0|0,0|0,0|0,0|0,0|0,0|0,0|0,0|0,0|1,0|0,0|0,0|0,0|0,0|0,0|0,0|0,0|0,0|0,0|0,0|0,0|0,0|0,0|0,0|0,0|0,0|0,0|0,0|0,0|0,0|0,0|0,0|0,0|0,0|0,0|0,0|0,0|0,0|0,0|0,0|0,0|0,0|0,0|0,0|0,0|0,0|0,0|0,0|0,0|0,0|0,0|0,0|0,0|0,0|0,0|0,0|0,0|0,0|0,0|0,0|0,0|0,0|0,0|0,0|0,0|0,0|0,0|0,0|0,0|0,0|0,0|0,0|0,0|0,0|0,0|0,0|0,0|0,0|0,0|1,0|0,0|0,0|0,0|0,0|0,0|0,0|0,0|0,0|0,0|0,0|0
15,78601522,.,C,T,.,PASS,AC=4;AN=5096;DP=301179;AF=0;EAS_AF=0;EUR_AF=0;AFR_AF=0;AMR_AF=0;SAS_AF=0;EX_TARGET;VT=SNP;NS=2548,GT,0|0,0|0,0|0,0|0,0|0,0|0,0|0,0|0,0|0,0|0,0|0,0|0,0|0,0|0,0|0,0|0,0|0,0|0,0|0,0|0,0|0,0|0,0|0,0|0,0|0,0|0,0|0,0|0,0|0,0|0,0|0,0|0,0|0,0|0,0|0,0|0,0|0,0|0,0|0,0|0,0|0,0|0,0|0,0|0,0|0,0|0,0|0,0|0,0|0,0|0,0|0,0|0,0|0,0|0,0|0,0|0,0|0,0|0,1|0,0|0,0|0,0|0,0|0,0|0,0|0,0|0,0|0,0|1,0|0,0|0,0|0,0|0,0|0,0|0,0|0,0|0,1|0,0|0,0|0,0|0,0|0,0|0,0|0,0|0,0|0,0|0,0|0,0|0,0|0,0|0,0|0,0|0,0|0,0|0,0|0,0|0,0|0,0|0,1|0
15,78601530,.,G,A,.,PASS,AC=7;AN=5096;DP=301568;AF=0;EAS_AF=0.01;EUR_AF=0;AFR_AF=0;AMR_AF=0;SAS_AF=0;EX_TARGET;VT=SNP;NS=2548,GT,0|0,0|0,0|0,0|0,0|0,0|0,0|0,0|0,0|0,0|0,0|0,0|0,0|0,0|0,0|0,0|0,0|0,0|0,0|0,0|0,0|0,0|0,0|0,0|0,0|0,0|0,0|0,0|0,0|0,0|0,0|0,0|0,0|0,0|0,0|0,0|0,0|0,0|0,0|0,0|0,0|0,0|0,0|0,0|0,0|0,0|0,0|0,0|0,0|0,0|0,0|0,0|1,0|0,0|0,0|0,0|0,0|0,0|0,0|0,0|0,0|0,0|0,0|0,0|0,0|0,0|0,0|0,0|0,0|0,0|0,0|0,0|0,0|0,0|0,0|0,0|0,0|0,0|0,0|0,0|0,0|0,0|0,0|0,0|0,0|0,0|0,0|0,0|0,0|0,0|0,0|0,0|0,1|0,0|0,0|0,0|0,0|0,0|0,0|0
15,78601997,.,G,A,.,PASS,AC=856;AN=5096;DP=396550;AF=0.17;EAS_AF=0.03;EUR_AF=0.37;AFR_AF=0.09;AMR_AF=0.22;SAS_AF=0.18;EX_TARGET;VT=SNP;NS=2548,GT,0|0,0|0,0|0,0|0,0|0,0|0,0|0,0|0,0|0,0|0,0|0,0|0,0|0,0|0,0|0,0|0,0|0,0|0,0|0,0|0,0|0,0|0,0|0,0|0,0|0,0|0,0|0,0|0,0|0,0|0,0|0,0|1,0|0,0|0,0|0,0|1,0|0,0|0,0|0,0|0,0|0,0|0,0|0,0|0,0|0,0|0,0|0,0|0,1|0,0|0,0|0,0|0,0|0,0|0,0|0,0|0,0|0,0|0,0|0,0|0,0|0,0|0,0|0,0|0,0|0,0|0,0|0,1|0,0|0,0|0,0|0,0|0,0|0,0|0,0|0,0|0,0|0,0|0,0|0,0|0,0|0,0|0,0|0,0|0,0|0,0|0,0|0,0|0,0|0,0|0,0|0,0|0,0|0,0|0,0|0,0|0,0|0,0|0,0|0
15,78602186,.,C,T,.,PASS,AC=2;AN=5096;DP=269238;AF=0;EAS_AF=0;EUR_AF=0;AFR_AF=0;AMR_AF=0;SAS_AF=0;EX_TARGET;VT=SNP;NS=2548,GT,0|0,0|0,0|0,0|0,0|0,0|0,0|0,0|0,0|0,0|0,0|0,0|0,0|0,0|0,0|0,0|0,0|0,0|0,0|0,0|0,0|0,0|1,0|0,0|0,0|0,0|0,0|0,0|0,0|0,0|0,0|0,0|0,0|0,0|0,0|0,0|0,0|0,0|0,0|0,0|0,0|0,0|0,0|0,0|0,0|0,0|0,0|0,0|0,0|0,0|0,0|0,0|0,0|0,0|0,0|0,0|0,0|0,0|0,0|0,0|0,0|0,0|0,0|0,0|0,0|0,0|0,0|0,0|0,0|0,0|0,0|0,0|0,0|0,0|0,0|0,0|0,0|0,0|0,0|0,0|0,0|0,0|0,0|0,0|0,0|0,0|0,0|0,0|0,0|0,0|0,0|0,0|0,0|0,0|0,0|0,0|0,0|0,0|0,0|0
15,78602417,.,C,G,.,PASS,AC=2272;AN=5096;DP=38463;AF=0.45;EAS_AF=0.21;EUR_AF=0.76;AFR_AF=0.34;AMR_AF=0.42;SAS_AF=0.52;VT=SNP;NS=2548,GT,0|0,1|0,1|1,0|0,1|0,0|0,0|0,0|0,1|0,1|0,0|0,0|0,1|0,0|0,0|1,1|1,0|1,1|0,0|0,0|1,1|0,0|0,0|0,0|1,0|0,1|0,0|0,0|1,0|0,0|0,0|0,0|1,1|0,0|1,0|0,0|1,1|0,1|1,1|1,1|0,1|1,0|1,1|1,0|1,0|1,0|0,1|1,0|1,1|0,0|0,1|0,1|0,0|0,0|0,0|0,0|1,0|0,0|0,1|0,1|0,0|0,0|0,1|0,0|1,0|0,0|0,0|0,1|1,0|0,1|0,1|0,0|1,0|0,0|0,0|0,0|0,1|0,0|0,0|0,1|0,0|0,0|0,0|0,0|0,1|0,0|1,0|0,0|0,0|0,0|0,0|0,1|0,0|0,1|1,0|1,0|0,0|0,1|0,1|0
15,78602554,.,C,T,.,PASS,AC=1193;AN=5096;DP=25470;AF=0.23;EAS_AF=0.18;EUR_AF=0.39;AFR_AF=0.09;AMR_AF=0.2;SAS_AF=0.34;VT=SNP;NS=2548,GT,0|0,1|0,1|1,0|0,1|0,0|0,0|0,0|0,1|0,1|0,0|0,0|0,1|0,0|0,0|1,1|1,0|1,1|0,0|0,0|1,1|0,0|0,0|0,0|1,0|0,1|0,0|0,0|1,0|0,0|0,0|0,0|0,1|0,0|1,0|0,0|0,1|0,1|1,1|1,1|0,1|1,0|1,1|1,0|1,0|1,0|0,1|1,0|1,0|0,0|0,1|0,1|0,0|0,0|0,0|0,0|1,0|0,0|0,1|0,1|0,0|0,0|0,1|0,0|1,0|0,0|0,0|0,0|1,0|0,1|0,1|0,0|1,0|0,0|0,0|0,0|0,1|0,0|0,0|0,1|0,0|0,0|0,0|0,0|0,1|0,0|1,0|0,0|0,0|0,0|0,0|0,1|0,0|0,1|1,0|1,0|0,0|0,1|0,1|0
15,78602608,.,G,A,.,PASS,AC=70;AN=5096;DP=23593;AF=0.01;EAS_AF=0.06;EUR_AF=0;AFR_AF=0;AMR_AF=0;SAS_AF=0;VT=SNP;NS=2548,GT,1|0,0|0,0|0,0|0,0|0,0|0,0|0,0|0,0|0,0|0,1|1,0|0,0|0,0|0,0|0,0|0,0|0,0|1,0|0,0|0,0|0,0|1,0|0,0|0,0|0,0|0,0|0,0|0,0|0,0|0,0|0,1|0,0|0,0|0,0|0,0|0,0|0,0|0,0|0,0|0,0|0,0|0,0|0,0|0,0|0,1|0,0|0,0|0,0|0,0|0,0|0,0|0,0|0,0|0,0|0,0|0,1|0,0|0,0|0,0|0,0|0,0|0,0|0,0|0,1|1,0|0,0|0,0|0,0|0,0|0,0|0,0|0,0|0,0|0,0|1,0|1,0|0,1|0,0|0,0|0,0|0,0|0,0|0,0|0,0|0,0|0,0|1,0|1,0|0,0|0,0|0,0|0,0|0,0|0,0|0,0|0,0|0,0|0,0|0
15,78602629,.,C,T,.,PASS,AC=988;AN=5096;DP=23414;AF=0.19;EAS_AF=0.14;EUR_AF=0.34;AFR_AF=0.06;AMR_AF=0.18;SAS_AF=0.29;VT=SNP;NS=2548,GT,0|0,1|0,1|1,0|0,0|0,0|0,0|0,0|0,0|0,1|0,0|0,0|0,1|0,0|0,0|1,1|1,0|1,0|0,0|0,0|1,1|0,0|0,0|0,0|1,0|0,1|0,0|0,0|1,0|0,0|0,0|0,0|0,1|0,0|1,0|0,0|0,0|0,1|1,0|1,1|0,0|1,0|1,1|1,0|1,0|1,0|0,0|1,0|0,0|0,0|0,1|0,0|0,0|0,0|0,0|0,0|1,0|0,0|0,1|0,1|0,0|0,0|0,0|0,0|1,0|0,0|0,0|0,0|1,0|0,0|0,1|0,0|1,0|0,0|0,0|0,0|0,1|0,0|0,0|0,0|0,0|0,0|0,0|0,0|0,0|0,0|1,0|0,0|0,0|0,0|0,0|0,1|0,0|0,1|1,0|1,0|0,0|0,0|0,1|0
15,78603420,.,G,A,.,PASS,AC=79;AN=5096;DP=26450;AF=0.02;EAS_AF=0.07;EUR_AF=0;AFR_AF=0;AMR_AF=0;SAS_AF=0;VT=SNP;NS=2548,GT,0|0,0|0,0|0,0|0,0|0,0|0,0|0,0|1,0|1,0|0,0|0,0|0,0|0,0|0,0|0,0|0,0|0,0|0,0|0,0|0,0|1,0|0,1|0,0|0,1|0,0|0,0|1,0|0,1|0,0|1,0|0,0|0,0|0,0|0,0|0,0|0,0|0,0|0,0|0,0|1,0|0,0|0,0|0,0|0,1|0,0|0,0|0,1|0,0|0,1|0,0|0,0|0,0|0,0|0,0|0,0|0,0|0,1|0,0|0,0|0,0|0,1|0,0|0,0|0,0|0,0|0,0|0,0|0,0|0,0|0,0|0,0|0,0|1,0|0,0|0,0|0,0|0,0|0,0|0,0|0,0|0,0|0,1|0,0|0,0|0,0|0,1|0,1|0,0|0,0|0,0|0,0|0,0|0,0|0,0|0,0|0,0|1,0|0,0|0
15,78603787,.,A,G,.,PASS,AC=1129;AN=5096;DP=25752;AF=0.22;EAS_AF=0.09;EUR_AF=0.37;AFR_AF=0.23;AMR_AF=0.24;SAS_AF=0.18;VT=SNP;NS=2548,GT,1|0,0|0,0|0,0|0,0|0,0|0,0|0,0|0,0|0,0|0,1|1,0|0,0|0,0|0,0|0,0|0,0|0,0|1,0|0,0|0,0|0,0|1,0|0,0|0,0|0,0|0,0|0,0|0,0|0,0|0,0|0,1|1,0|0,0|0,0|0,0|1,0|0,0|0,0|0,0|0,0|0,0|0,0|0,0|0,0|0,1|0,0|0,0|0,1|0,0|0,0|0,0|0,0|0,0|0,0|0,0|0,1|0,0|0,0|0,0|0,0|0,0|0,0|0,0|0,1|1,0|0,0|0,1|0,0|0,0|0,0|0,0|0,0|0,0|0,0|1,0|1,0|0,1|0,0|0,0|0,0|0,0|0,0|0,0|0,0|0,0|0,0|1,0|1,0|0,0|0,0|0,0|0,0|0,0|0,0|0,0|0,0|0,0|0,0|0
15,78603866,.,C,T,.,PASS,AC=651;AN=5096;DP=23609;AF=0.13;EAS_AF=0.32;EUR_AF=0;AFR_AF=0.22;AMR_AF=0.02;SAS_AF=0.01;VT=SNP;NS=2548,GT,1|0,0|1,0|0,0|1,0|0,1|1,0|0,1|1,0|1,0|0,1|1,0|0,0|0,0|0,0|0,0|0,0|0,0|1,0|0,0|0,0|1,1|1,1|0,0|0,1|0,0|1,0|1,0|0,1|0,0|1,0|0,1|0,0|0,1|0,0|0,0|0,0|1,0|0,0|0,0|1,0|0,0|0,0|0,0|0,1|0,1|0,0|0,1|0,0|1,1|0,0|1,0|0,0|0,0|0,0|0,0|0,1|0,1|0,0|0,0|1,0|0,1|0,0|1,0|0,1|1,0|0,0|1,0|0,0|0,0|0,0|0,0|0,0|1,0|1,0|1,0|1,0|0,1|1,1|0,0|0,0|1,1|0,1|0,0|0,0|0,0|0,1|1,1|1,0|0,0|1,0|0,0|1,0|0,0|0,0|0,1|0,0|1,0|0,0|0
15,78604205,.,G,A,.,PASS,AC=3087;AN=5096;DP=22624;AF=0.61;EAS_AF=0.53;EUR_AF=0.76;AFR_AF=0.68;AMR_AF=0.45;SAS_AF=0.53;VT=SNP;NS=2548,GT,1|0,1|1,1|1,0|1,1|0,1|1,0|0,1|1,1|1,1|0,1|1,0|0,1|0,0|0,0|1,1|1,0|1,1|1,0|0,0|1,1|1,1|1,1|0,0|1,1|0,1|1,0|1,0|1,1|0,0|1,0|0,1|1,1|0,1|1,0|0,0|1,1|1,1|1,1|1,1|1,1|1,0|1,1|1,0|1,1|1,1|0,1|1,1|1,1|1,1|0,1|1,1|0,0|0,0|0,0|0,0|1,1|0,1|0,1|0,1|1,0|0,1|0,1|1,0|1,1|1,0|0,0|1,1|1,0|0,1|0,1|0,0|1,0|1,0|1,0|1,0|1,1|0,1|1,1|0,1|0,0|1,1|0,1|0,0|0,1|0,0|1,1|1,1|1,0|0,0|1,0|0,1|1,0|0,1|1,0|1,1|0,0|1,1|0,1|0
15,78604343,.,G,A,.,PASS,AC=1;AN=5096;DP=23674;AF=0;EAS_AF=0;EUR_AF=0;AFR_AF=0;AMR_AF=0;SAS_AF=0;VT=SNP;NS=2548,GT,0|0,0|0,0|0,0|0,0|0,0|0,0|0,0|0,0|0,0|0,0|0,0|0,0|0,0|0,0|0,0|0,0|0,0|0,0|0,0|0,0|0,0|0,0|0,0|0,0|0,0|0,0|0,0|0,0|0,0|0,0|0,0|0,0|0,0|0,0|0,0|0,0|0,0|0,0|0,0|0,0|0,0|0,0|0,0|0,0|0,0|0,0|0,0|0,0|0,0|0,0|0,0|0,0|0,0|0,0|0,0|0,0|0,0|0,0|0,0|0,1|0,0|0,0|0,0|0,0|0,0|0,0|0,0|0,0|0,0|0,0|0,0|0,0|0,0|0,0|0,0|0,0|0,0|0,0|0,0|0,0|0,0|0,0|0,0|0,0|0,0|0,0|0,0|0,0|0,0|0,0|0,0|0,0|0,0|0,0|0,0|0,0|0,0|0,0|0
15,78604498,.,C,G,.,PASS,AC=3;AN=5096;DP=21792;AF=0;EAS_AF=0;EUR_AF=0;AFR_AF=0;AMR_AF=0;SAS_AF=0;VT=SNP;NS=2548,GT,0|0,0|0,0|0,0|0,0|0,0|0,0|0,0|0,0|0,0|0,0|0,0|0,0|0,0|0,0|0,0|0,0|0,0|0,0|0,0|0,0|0,0|0,0|0,0|0,0|0,0|0,0|0,0|0,0|0,0|0,0|0,0|0,0|0,0|0,0|0,0|0,0|0,0|0,0|0,0|1,0|0,0|0,0|0,0|0,0|0,0|0,0|0,0|0,0|0,0|0,0|0,0|0,0|0,0|0,0|0,0|0,0|0,0|0,0|0,0|0,0|0,0|0,0|0,0|0,0|0,0|0,0|0,0|0,0|0,0|0,0|0,0|0,0|0,0|0,0|0,0|0,0|0,0|0,0|0,0|0,0|0,0|0,0|0,0|0,0|0,0|0,0|0,0|0,0|0,0|0,0|0,0|0,0|0,0|0,0|0,0|0,0|1,0|0,0|0
15,78604709,.,G,A,.,PASS,AC=1;AN=5096;DP=24041;AF=0;EAS_AF=0;EUR_AF=0;AFR_AF=0;AMR_AF=0;SAS_AF=0;VT=SNP;NS=2548,GT,0|0,0|0,0|0,0|0,0|0,0|0,0|0,0|0,0|0,0|0,0|0,0|0,0|0,0|0,0|0,0|0,0|0,0|0,0|0,0|0,0|0,0|0,0|0,0|0,0|0,0|0,0|0,0|0,0|0,0|0,0|0,0|0,0|0,0|0,0|0,0|0,0|0,0|0,0|0,0|0,0|0,0|0,0|0,0|0,0|0,0|0,0|0,0|0,0|0,0|0,0|1,0|0,0|0,0|0,0|0,0|0,0|0,0|0,0|0,0|0,0|0,0|0,0|0,0|0,0|0,0|0,0|0,0|0,0|0,0|0,0|0,0|0,0|0,0|0,0|0,0|0,0|0,0|0,0|0,0|0,0|0,0|0,0|0,0|0,0|0,0|0,0|0,0|0,0|0,0|0,0|0,0|0,0|0,0|0,0|0,0|0,0|0,0|0,0|0
15,78605010,.,C,CTCAG,.,PASS,AC=5022;AN=5096;DP=20297;AF=0.99;EAS_AF=1;EUR_AF=1;AFR_AF=0.95;AMR_AF=0.99;SAS_AF=1;VT=INDEL;NS=2548,GT,1|1,1|1,1|1,1|1,1|1,1|1,1|1,1|1,1|1,1|1,1|1,1|1,1|1,1|1,1|1,1|1,1|1,1|1,1|1,1|1,1|1,1|1,1|1,1|1,1|1,1|1,1|1,1|1,1|1,1|1,1|1,1|1,1|1,1|1,1|1,1|1,1|1,1|1,1|1,1|1,1|1,1|1,1|1,1|1,1|1,1|1,1|1,1|1,1|1,1|1,1|1,1|1,1|1,1|1,1|1,1|1,1|1,1|1,1|1,1|1,1|1,1|1,1|1,1|1,1|1,1|1,1|1,1|1,1|1,1|1,1|1,1|1,1|1,1|1,1|1,1|1,1|1,1|1,1|1,1|1,1|1,1|1,1|1,1|1,1|1,1|1,1|1,1|1,1|1,1|1,1|1,1|1,1|1,1|1,1|1,1|1,1|1,1|1,1|1
15,78605523,.,C,CT,.,PASS,AC=1373;AN=5096;DP=20961;AF=0.27;EAS_AF=0.45;EUR_AF=0.35;AFR_AF=0.07;AMR_AF=0.19;SAS_AF=0.33;VT=INDEL;NS=2548,GT,0|0,1|1,1|1,0|1,1|0,1|1,0|0,1|1,1|1,1|0,0|0,0|0,1|0,0|0,0|1,1|1,0|1,1|0,0|0,0|1,1|1,1|0,1|0,0|1,1|0,1|1,0|1,0|1,1|0,0|1,0|0,0|0,1|0,1|1,0|0,0|0,1|1,1|1,1|1,1|1,1|1,0|1,1|1,0|1,1|1,0|0,1|1,1|1,0|1,1|0,1|1,1|0,0|0,0|0,0|0,0|1,0|0,1|0,1|0,1|1,0|0,1|0,1|1,0|1,0|0,0|0,0|1,0|1,0|0,1|0,1|0,0|1,0|1,0|1,0|0,0|0,1|0,0|1,1|0,1|0,0|1,1|0,1|0,0|0,1|0,0|1,1|0,1|0,0|0,0|1,0|0,1|1,0|0,1|1,0|1,1|0,0|1,1|0,1|0
15,78605703,.,G,A,.,PASS,AC=1;AN=5096;DP=23425;AF=0;EAS_AF=0;EUR_AF=0;AFR_AF=0;AMR_AF=0;SAS_AF=0;VT=SNP;NS=2548,GT,0|0,0|0,0|0,0|0,0|0,0|0,0|0,0|0,0|0,0|0,0|0,0|0,0|0,0|0,0|0,0|0,0|1,0|0,0|0,0|0,0|0,0|0,0|0,0|0,0|0,0|0,0|0,0|0,0|0,0|0,0|0,0|0,0|0,0|0,0|0,0|0,0|0,0|0,0|0,0|0,0|0,0|0,0|0,0|0,0|0,0|0,0|0,0|0,0|0,0|0,0|0,0|0,0|0,0|0,0|0,0|0,0|0,0|0,0|0,0|0,0|0,0|0,0|0,0|0,0|0,0|0,0|0,0|0,0|0,0|0,0|0,0|0,0|0,0|0,0|0,0|0,0|0,0|0,0|0,0|0,0|0,0|0,0|0,0|0,0|0,0|0,0|0,0|0,0|0,0|0,0|0,0|0,0|0,0|0,0|0,0|0,0|0,0|0,0|0
15,78606166,.,C,CA,.,PASS,AC=5;AN=5096;DP=19377;AF=0;EAS_AF=0;EUR_AF=0;AFR_AF=0;AMR_AF=0;SAS_AF=0;VT=INDEL;NS=2548,GT,0|0,0|0,0|0,0|0,0|0,0|0,0|0,0|0,0|0,0|0,0|0,0|0,0|0,0|0,0|0,0|0,0|0,0|0,0|0,0|0,0|0,0|0,0|0,0|0,0|0,0|0,0|0,0|0,0|0,0|0,0|0,0|0,0|0,0|0,0|0,0|0,0|0,0|0,0|0,0|0,0|0,0|0,0|0,0|0,0|0,0|0,0|0,0|0,0|0,0|0,0|0,0|0,0|0,0|0,0|0,0|0,0|0,0|0,0|0,0|0,0|0,0|0,0|0,0|0,0|0,0|0,0|0,0|0,0|0,0|0,0|0,0|0,0|0,0|0,0|0,0|0,0|0,0|0,0|0,0|0,0|0,0|0,0|0,0|0,0|0,0|0,0|0,0|0,0|0,0|0,0|0,0|0,0|0,0|0,0|0,0|0,1|0,0|0,0|0
15,78606333,.,CA,C,.,PASS,AC=3216;AN=5096;DP=15017;AF=0.63;EAS_AF=0.86;EUR_AF=0.52;AFR_AF=0.47;AMR_AF=0.66;SAS_AF=0.7;VT=INDEL;NS=2548,GT,1|0,1|1,1|1,1|1,0|1,1|1,1|0,1|1,0|1,1|1,1|0,1|1,0|1,1|0,1|1,1|0,1|1,0|1,1|1,1|1,1|1,1|1,1|1,1|1,1|1,0|1,0|1,1|1,1|1,1|1,1|1,1|0,1|1,1|1,1|1,1|0,1|1,1|0,0|1,0|1,0|1,1|1,0|1,1|1,1|0,0|1,0|1,1|1,0|1,1|1,0|1,0|1,1|1,1|0,1|1,1|1,0|1,1|0,1|1,1|1,1|1,1|1,0|1,1|1,1|0,1|1,0|1,0|1,1|1,0|1,1|0,1|0,1|1,1|1,1|1,1|1,1|1,1|1,1|1,1|1,1|1,1|1,1|1,1|1,0|1,1|1,1|1,1|1,1|1,1|1,1|1,0|1,1|1,0|1,1|1,1|1,1|1,1|1,1|0
15,78606381,.,C,T,.,PASS,AC=1298;AN=5096;DP=19895;AF=0.25;EAS_AF=0.29;EUR_AF=0.4;AFR_AF=0.16;AMR_AF=0.23;SAS_AF=0.2;VT=SNP;NS=2548,GT,0|0,0|1,0|0,0|1,0|0,1|1,0|0,1|1,0|1,0|0,0|0,0|0,0|0,0|0,0|0,0|0,0|0,0|0,0|0,0|0,0|1,1|0,1|0,0|0,1|0,0|1,0|1,0|0,1|0,0|1,0|0,0|1,0|0,1|0,0|0,0|1,0|1,0|0,0|0,0|1,0|0,0|0,0|0,0|0,1|0,0|0,0|0,1|0,1|1,1|0,0|1,0|0,0|0,0|0,0|0,0|0,0|0,1|0,0|0,0|1,0|0,1|0,0|1,0|0,0|0,0|0,0|1,1|0,0|0,0|0,0|0,0|0,0|1,0|1,0|0,0|0,0|0,0|1,1|0,0|0,0|1,1|0,1|0,0|0,0|0,0|0,1|0,1|0,0|0,0|1,0|0,0|1,0|0,0|0,0|0,1|0,0|1,0|0,0|0
15,78606472,.,A,C,.,PASS,AC=18;AN=5096;DP=18911;AF=0;EAS_AF=0.01;EUR_AF=0;AFR_AF=0;AMR_AF=0;SAS_AF=0;VT=SNP;NS=2548,GT,0|0,0|0,0|0,0|0,0|0,0|0,0|0,0|0,0|0,0|0,0|0,0|0,0|0,0|0,0|0,0|0,0|0,0|0,0|0,0|0,0|0,0|0,0|0,0|0,0|0,0|0,0|0,0|0,0|0,0|0,0|0,0|0,0|0,0|0,0|0,0|0,1|0,0|0,0|0,0|0,0|0,0|0,0|0,0|0,0|0,0|0,1|0,0|0,0|0,0|0,0|0,0|0,0|0,0|0,0|0,0|0,0|0,0|0,0|0,0|0,0|0,0|0,0|0,0|0,0|0,0|0,0|0,0|0,0|0,0|0,0|0,0|0,0|0,0|0,0|0,0|0,0|0,0|0,0|0,1|0,0|0,0|0,0|0,0|0,0|0,0|0,0|0,0|0,0|0,0|0,0|0,0|0,0|0,0|0,0|0,0|0,0|0,0|0,0|0
15,78606590,.,C,G,.,PASS,AC=926;AN=5096;DP=17488;AF=0.18;EAS_AF=0.03;EUR_AF=0.37;AFR_AF=0.14;AMR_AF=0.22;SAS_AF=0.18;VT=SNP;NS=2548,GT,0|0,0|0,0|0,0|0,0|0,0|0,0|0,0|0,0|0,0|0,0|0,0|0,0|0,0|0,0|0,0|0,0|0,0|0,0|0,0|0,0|0,0|0,0|0,0|0,0|0,0|0,0|0,0|0,0|0,0|0,0|0,0|1,0|0,0|0,0|0,0|1,0|0,0|0,0|0,0|0,0|0,0|0,0|0,0|0,0|0,0|0,0|0,0|0,1|0,0|0,0|0,0|0,0|0,0|0,0|0,0|0,0|0,0|0,0|0,0|0,0|0,0|0,0|0,0|0,0|0,0|0,0|0,1|0,0|0,0|0,0|0,0|0,0|0,0|0,0|0,0|0,0|0,0|0,0|0,0|0,0|0,0|0,0|0,0|0,0|0,0|0,0|0,0|0,0|0,0|0,0|0,0|0,0|0,0|0,0|0,0|0,0|0,0|0,0|0
15,78606692,.,G,A,.,PASS,AC=3;AN=5096;DP=17405;AF=0;EAS_AF=0;EUR_AF=0;AFR_AF=0;AMR_AF=0;SAS_AF=0;VT=SNP;NS=2548,GT,0|0,0|0,0|0,0|0,0|0,0|0,0|0,0|0,0|0,0|0,0|0,0|0,0|0,0|0,0|0,0|0,0|0,0|0,0|0,0|0,0|0,0|0,0|0,0|0,0|0,0|0,0|0,0|0,0|0,0|0,0|0,0|0,0|0,0|0,0|0,0|0,0|0,0|0,0|0,0|0,0|0,0|0,0|0,0|0,0|0,0|0,0|0,0|0,0|0,0|0,0|0,0|0,0|0,0|0,0|0,0|0,0|0,0|0,0|0,0|0,0|0,0|0,0|0,1|0,0|0,0|0,0|0,0|0,0|0,0|0,0|0,0|0,0|0,0|0,0|0,0|0,0|0,0|0,0|0,0|0,0|0,0|0,0|0,0|0,0|0,0|0,0|0,0|0,0|0,0|0,0|0,0|0,0|0,0|0,0|0,0|0,0|0,0|0,0|0
15,78606731,.,T,TA,.,PASS,AC=43;AN=5096;DP=15840;AF=0.01;EAS_AF=0.03;EUR_AF=0;AFR_AF=0.01;AMR_AF=0;SAS_AF=0;VT=INDEL;NS=2548,GT,0|0,0|0,0|0,0|0,0|0,0|0,0|0,0|0,0|0,0|1,0|0,0|0,0|0,0|0,0|0,0|0,0|0,0|0,0|0,0|0,0|0,0|0,0|1,0|0,0|0,0|0,0|0,0|0,0|0,0|0,0|0,0|0,0|0,0|0,0|0,0|0,0|0,0|0,0|0,0|0,0|0,0|0,0|0,0|0,0|0,0|0,0|0,0|0,0|0,0|0,0|0,0|0,0|0,0|0,0|0,0|0,0|0,0|0,0|0,0|0,0|0,0|0,0|0,0|0,0|0,0|0,0|0,0|0,0|0,0|0,0|0,0|0,0|0,0|0,0|0,0|0,0|0,0|0,0|0,0|0,0|0,0|0,0|0,0|0,0|0,0|0,0|0,0|0,0|0,0|0,0|0,0|0,0|0,0|0,0|0,0|0,0|0,0|0,0|0
15,78606756,.,G,A,.,PASS,AC=16;AN=5096;DP=16982;AF=0;EAS_AF=0;EUR_AF=0;AFR_AF=0.01;AMR_AF=0;SAS_AF=0;VT=SNP;NS=2548,GT,0|0,0|0,0|0,0|0,0|0,0|0,0|0,0|0,0|0,0|0,0|0,0|0,0|0,0|0,0|0,0|0,0|0,0|0,1|0,0|0,0|0,0|0,0|0,0|0,0|0,0|0,0|0,0|0,0|0,0|0,0|0,0|0,0|0,0|0,0|0,0|0,0|0,0|0,0|0,0|0,0|0,0|0,0|0,0|0,0|0,0|0,0|0,0|0,0|0,0|0,0|0,0|0,0|0,0|0,0|0,0|0,0|0,0|0,0|0,0|0,0|0,0|0,0|0,0|0,0|0,0|0,0|0,0|0,0|0,0|0,0|0,0|0,0|0,0|0,0|0,0|0,0|0,0|0,0|0,0|0,0|0,0|0,0|0,0|0,0|0,0|0,0|0,0|0,0|0,0|0,0|0,0|0,0|0,0|0,0|0,0|0,0|0,0|0,0|0
15,78606868,.,G,C,.,PASS,AC=1388;AN=5096;DP=19483;AF=0.27;EAS_AF=0.18;EUR_AF=0.35;AFR_AF=0.29;AMR_AF=0.19;SAS_AF=0.32;VT=SNP;NS=2548,GT,0|0,1|0,1|1,0|0,1|0,0|0,0|0,0|0,1|0,1|0,0|0,0|0,1|0,0|0,0|1,1|1,0|1,1|0,0|0,0|1,1|0,0|0,0|0,0|1,0|0,1|0,0|0,0|1,0|0,0|0,0|0,0|0,1|0,0|1,0|0,0|0,1|0,1|1,1|1,1|0,1|1,0|1,1|1,0|1,0|1,0|0,1|1,0|1,0|0,0|0,1|0,1|0,0|0,0|0,0|0,0|1,0|0,0|0,1|0,1|0,0|0,0|0,1|0,0|1,0|0,0|0,0|0,0|1,0|0,1|0,1|0,0|1,0|0,0|0,0|0,0|0,1|0,0|0,0|0,1|0,0|0,0|0,0|0,0|0,1|0,0|1,0|0,0|0,0|0,0|0,0|0,1|0,0|0,1|1,0|1,0|0,0|0,1|0,1|0
15,78606871,.,T,C,.,PASS,AC=3089;AN=5096;DP=19592;AF=0.61;EAS_AF=0.53;EUR_AF=0.76;AFR_AF=0.68;AMR_AF=0.45;SAS_AF=0.53;VT=SNP;NS=2548,GT,1|0,1|1,1|1,0|1,1|0,1|1,0|0,1|1,1|1,1|0,1|1,0|0,1|0,0|0,0|1,1|1,0|1,1|1,0|0,0|1,1|1,1|1,1|0,0|1,1|0,1|1,0|1,0|1,1|0,0|1,0|0,1|1,1|0,1|1,0|0,0|1,1|1,1|1,1|1,1|1,1|1,0|1,1|1,0|1,1|1,1|0,1|1,1|1,1|1,1|0,1|1,1|0,0|0,0|0,0|0,0|1,1|0,1|0,1|0,1|1,0|0,1|0,1|1,0|1,1|1,0|0,0|1,1|1,0|0,1|0,1|0,0|1,0|1,0|1,0|1,0|1,1|0,1|1,1|0,1|0,0|1,1|0,1|0,0|0,1|0,0|1,1|1,1|1,0|0,0|1,0|0,1|1,0|0,1|1,0|1,1|0,0|1,1|0,1|0
15,78606999,.,G,A,.,PASS,AC=289;AN=5096;DP=20517;AF=0.06;EAS_AF=0.26;EUR_AF=0;AFR_AF=0;AMR_AF=0;SAS_AF=0.01;VT=SNP;NS=2548,GT,0|0,0|1,0|0,0|1,0|0,1|1,0|0,1|1,0|1,0|0,0|0,0|0,0|0,0|0,0|0,0|0,0|0,0|0,0|0,0|0,0|1,1|0,1|0,0|0,1|0,0|1,0|1,0|0,1|0,0|1,0|0,0|0,0|0,1|0,0|0,0|0,0|1,0|0,0|0,0|1,0|0,0|0,0|0,0|0,1|0,0|0,0|0,1|0,0|1,1|0,0|1,0|0,0|0,0|0,0|0,0|0,0|0,1|0,0|0,0|1,0|0,1|0,0|1,0|0,0|0,0|0,0|1,0|0,0|0,0|0,0|0,0|0,0|1,0|1,0|0,0|0,0|0,0|1,1|0,0|0,0|1,1|0,1|0,0|0,0|0,0|0,1|0,1|0,0|0,0|1,0|0,0|1,0|0,0|0,0|0,1|0,0|1,0|0,0|0
15,78607004,.,G,A,.,PASS,AC=1072;AN=5096;DP=19858;AF=0.21;EAS_AF=0.18;EUR_AF=0.35;AFR_AF=0.06;AMR_AF=0.18;SAS_AF=0.31;VT=SNP;NS=2548,GT,0|0,1|0,1|1,0|0,1|0,0|0,0|0,0|0,1|0,1|0,0|0,0|0,1|0,0|0,0|1,1|1,0|1,1|0,0|0,0|1,1|0,0|0,0|0,0|1,0|0,1|0,0|0,0|1,0|0,0|0,0|0,0|0,1|0,0|1,0|0,0|0,1|0,1|1,1|1,1|0,1|1,0|1,1|1,0|1,0|1,0|0,1|1,0|1,0|0,0|0,1|0,1|0,0|0,0|0,0|0,0|1,0|0,0|0,1|0,1|0,0|0,0|0,1|0,0|1,0|0,0|0,0|0,0|1,0|0,1|0,1|0,0|1,0|0,0|0,0|0,0|0,1|0,0|0,0|0,1|0,0|0,0|0,0|0,0|0,1|0,0|1,0|0,0|0,0|0,0|0,0|0,1|0,0|0,1|1,0|1,0|0,0|0,1|0,1|0
15,78607377,.,G,A,.,PASS,AC=3060;AN=5096;DP=21252;AF=0.6;EAS_AF=0.53;EUR_AF=0.76;AFR_AF=0.66;AMR_AF=0.44;SAS_AF=0.53;VT=SNP;NS=2548,GT,1|0,1|1,1|1,0|1,1|0,1|1,0|0,1|1,1|1,1|0,1|1,0|0,1|0,0|0,0|1,1|1,0|1,1|1,0|0,0|1,1|1,1|1,1|0,0|1,1|0,1|1,0|1,0|1,1|0,0|1,0|0,1|1,1|0,1|1,0|0,0|1,1|1,1|1,1|1,1|1,1|1,0|1,1|1,0|1,1|1,1|0,1|1,1|1,1|1,1|0,1|1,1|0,0|0,0|0,0|0,0|1,1|0,1|0,1|0,1|1,0|0,1|0,1|1,0|1,1|1,0|0,0|1,1|1,0|0,1|0,1|0,0|1,0|1,0|1,0|1,0|1,1|0,1|1,1|0,1|0,0|1,1|0,1|0,0|0,1|0,0|1,1|1,1|1,0|0,0|1,0|0,1|1,0|0,1|1,0|1,1|0,0|1,1|0,1|0
15,78607484,.,A,G,.,PASS,AC=282;AN=5096;DP=21597;AF=0.06;EAS_AF=0.26;EUR_AF=0;AFR_AF=0;AMR_AF=0;SAS_AF=0.01;VT=SNP;NS=2548,GT,0|0,0|1,0|0,0|1,0|0,1|1,0|0,1|1,0|1,0|0,0|0,0|0,0|0,0|0,0|0,0|0,0|0,0|0,0|0,0|0,0|1,1|0,1|0,0|0,1|0,0|1,0|1,0|0,1|0,0|1,0|0,0|0,0|0,1|0,0|0,0|0,0|1,0|0,0|0,0|1,0|0,0|0,0|0,0|0,1|0,0|0,0|0,1|0,0|1,1|0,0|1,0|0,0|0,0|0,0|0,0|0,0|0,1|0,0|0,0|1,0|0,1|0,0|1,0|0,0|0,0|0,0|1,0|0,0|0,0|0,0|0,0|0,0|1,0|1,0|0,0|0,0|0,0|1,1|0,0|0,0|1,1|0,1|0,0|0,0|0,0|0,1|0,1|0,0|0,0|1,0|0,0|1,0|0,0|0,0|0,1|0,0|1,0|0,0|0
15,78607712,.,A,C,.,PASS,AC=282;AN=5096;DP=23288;AF=0.06;EAS_AF=0.26;EUR_AF=0;AFR_AF=0;AMR_AF=0;SAS_AF=0.01;VT=SNP;NS=2548,GT,0|0,0|1,0|0,0|1,0|0,1|1,0|0,1|1,0|1,0|0,0|0,0|0,0|0,0|0,0|0,0|0,0|0,0|0,0|0,0|0,0|1,1|0,1|0,0|0,1|0,0|1,0|1,0|0,1|0,0|1,0|0,0|0,0|0,1|0,0|0,0|0,0|1,0|0,0|0,0|1,0|0,0|0,0|0,0|0,1|0,0|0,0|0,1|0,0|1,1|0,0|1,0|0,0|0,0|0,0|0,0|0,0|0,1|0,0|0,0|1,0|0,1|0,0|1,0|0,0|0,0|0,0|1,0|0,0|0,0|0,0|0,0|0,0|1,0|1,0|0,0|0,0|0,0|1,1|0,0|0,0|1,1|0,1|0,0|0,0|0,0|0,1|0,1|0,0|0,0|1,0|0,0|1,0|0,0|0,0|0,1|0,0|1,0|0,0|0
15,78607739,.,C,T,.,PASS,AC=11;AN=5096;DP=23030;AF=0;EAS_AF=0.01;EUR_AF=0;AFR_AF=0;AMR_AF=0;SAS_AF=0;VT=SNP;NS=2548,GT,0|0,0|0,0|0,0|0,0|0,0|0,0|0,0|0,0|0,0|0,0|1,0|0,0|0,0|0,0|0,0|0,0|0,0|0,0|0,0|0,0|0,0|1,0|0,0|0,0|0,0|0,0|0,0|0,0|0,0|0,0|0,0|0,0|0,0|0,0|0,0|0,0|0,0|0,0|0,0|0,0|0,0|0,0|0,0|0,0|0,0|0,0|0,0|0,0|0,0|0,0|0,0|0,0|0,0|0,0|0,0|0,0|0,0|0,0|0,0|0,0|0,0|0,0|0,0|0,0|0,0|0,0|0,0|0,0|0,0|0,0|0,0|0,0|0,0|0,0|0,0|0,0|0,0|0,0|0,0|0,0|0,0|0,0|0,0|0,0|0,0|0,0|0,0|0,0|0,0|0,0|0,0|0,0|0,0|0,0|0,0|0,0|0,0|0,0|0
15,78608232,.,C,T,.,PASS,AC=987;AN=5096;DP=22574;AF=0.19;EAS_AF=0.14;EUR_AF=0.34;AFR_AF=0.06;AMR_AF=0.18;SAS_AF=0.29;VT=SNP;NS=2548,GT,0|0,1|0,1|1,0|0,0|0,0|0,0|0,0|0,0|0,1|0,0|0,0|0,1|0,0|0,0|1,1|1,0|1,0|0,0|0,0|1,1|0,0|0,0|0,0|1,0|0,1|0,0|0,0|1,0|0,0|0,0|0,0|0,1|0,0|1,0|0,0|0,0|0,1|1,0|1,1|0,0|1,0|1,1|1,0|1,0|1,0|0,0|1,0|0,0|0,0|0,1|0,0|0,0|0,0|0,0|0,0|1,0|0,0|0,1|0,1|0,0|0,0|0,0|0,0|1,0|0,0|0,0|0,0|1,0|0,0|0,1|0,0|1,0|0,0|0,0|0,0|0,1|0,0|0,0|0,0|0,0|0,0|0,0|0,0|0,0|0,0|1,0|0,0|0,0|0,0|0,0|0,1|0,0|0,1|1,0|1,0|0,0|0,0|0,1|0
15,78608266,.,T,A,.,PASS,AC=16;AN=5096;DP=22219;AF=0;EAS_AF=0.01;EUR_AF=0;AFR_AF=0;AMR_AF=0;SAS_AF=0;VT=SNP;NS=2548,GT,0|0,0|0,0|0,0|0,0|0,0|0,0|0,0|0,0|0,0|0,0|0,0|0,0|0,0|0,0|0,0|0,0|0,0|0,0|0,0|0,0|0,0|0,0|0,0|0,0|0,0|0,0|0,0|0,0|0,0|0,0|0,0|0,0|0,0|0,0|0,0|0,0|0,0|0,0|0,0|0,0|0,0|0,0|0,0|0,1|0,0|0,0|0,1|0,0|0,0|0,0|0,0|0,0|0,0|0,0|0,0|0,0|0,0|0,0|0,0|0,0|0,0|0,0|0,0|0,0|0,0|0,0|0,0|0,0|0,0|0,0|0,0|0,0|0,0|0,0|0,0|0,0|0,0|0,0|0,0|0,0|0,0|0,1|0,0|0,0|0,0|0,0|0,0|0,0|0,0|0,0|0,0|0,0|0,0|0,0|0,0|0,0|0,0|0,0|0
15,78608359,.,T,G,.,PASS,AC=1236;AN=5096;DP=20989;AF=0.24;EAS_AF=0.29;EUR_AF=0.37;AFR_AF=0.16;AMR_AF=0.22;SAS_AF=0.19;VT=SNP;NS=2548,GT,0|0,0|1,0|0,0|1,0|0,1|1,0|0,1|1,0|1,0|0,0|0,0|0,0|0,0|0,0|0,0|0,0|0,0|0,0|0,0|0,0|1,1|0,1|0,0|0,1|0,0|1,0|1,0|0,1|0,0|1,0|0,0|1,0|0,1|0,0|0,0|1,0|1,0|0,0|0,0|1,0|0,0|0,0|0,0|0,1|0,0|0,0|0,1|0,1|1,1|0,0|1,0|0,0|0,0|0,0|0,0|0,0|0,1|0,0|0,0|1,0|0,1|0,0|1,0|0,0|0,0|0,0|1,1|0,0|0,0|0,0|0,0|0,0|1,0|1,0|0,0|0,0|0,0|1,1|0,0|0,0|1,1|0,1|0,0|0,0|0,0|0,1|0,1|0,0|0,0|1,0|0,0|1,0|0,0|0,0|0,1|0,0|1,0|0,0|0
15,78608566,.,C,T,.,PASS,AC=943;AN=5096;DP=24215;AF=0.19;EAS_AF=0.03;EUR_AF=0.37;AFR_AF=0.15;AMR_AF=0.22;SAS_AF=0.18;VT=SNP;NS=2548,GT,0|0,0|0,0|0,0|0,0|0,0|0,0|0,0|0,0|0,0|0,0|0,0|0,0|0,0|0,0|0,0|0,0|0,0|0,0|0,0|0,0|0,0|0,0|0,0|0,0|0,0|0,0|0,0|0,0|0,0|0,0|0,0|1,0|0,0|0,0|0,0|1,0|0,0|0,0|0,0|0,0|0,0|0,0|0,0|0,0|0,0|0,0|0,0|0,1|0,0|0,0|0,0|0,0|0,0|0,0|0,0|0,0|0,0|0,0|0,0|0,0|0,0|0,0|0,0|0,0|0,0|0,0|0,1|0,0|0,0|0,0|0,0|0,0|0,0|0,0|0,0|0,0|0,0|0,0|0,0|0,0|0,0|0,0|0,0|0,0|0,0|0,0|0,0|0,0|0,0|0,0|0,0|0,0|0,0|0,0|0,0|0,0|0,0|0,0|0
15,78608567,.,A,G,.,PASS,AC=2982;AN=5096;DP=24311;AF=0.59;EAS_AF=0.53;EUR_AF=0.76;AFR_AF=0.6;AMR_AF=0.44;SAS_AF=0.53;VT=SNP;NS=2548,GT,1|0,1|1,1|1,0|1,1|0,1|1,0|0,1|1,1|1,1|0,1|1,0|0,1|0,0|0,0|1,1|1,0|1,1|1,0|0,0|1,1|1,1|1,1|0,0|1,1|0,1|1,0|1,0|1,1|0,0|1,0|0,1|1,1|0,1|1,0|0,0|1,1|1,1|1,1|1,1|1,1|1,0|1,1|1,0|1,1|1,1|0,1|1,1|1,1|1,1|0,1|1,1|0,0|0,0|0,0|0,0|1,1|0,1|0,1|0,1|1,0|0,1|0,1|1,0|1,1|1,0|0,0|1,1|1,0|0,1|0,1|0,0|1,0|1,0|1,0|1,0|1,1|0,1|1,1|0,1|0,0|1,1|0,1|0,0|0,1|0,0|1,1|1,1|1,0|0,0|1,0|0,1|1,0|0,1|1,0|1,1|0,0|1,1|0,1|0
15,78608771,.,C,T,.,PASS,AC=1235;AN=5096;DP=23056;AF=0.24;EAS_AF=0.29;EUR_AF=0.37;AFR_AF=0.16;AMR_AF=0.22;SAS_AF=0.19;VT=SNP;NS=2548,GT,0|0,0|1,0|0,0|1,0|0,1|1,0|0,1|1,0|1,0|0,0|0,0|0,0|0,0|0,0|0,0|0,0|0,0|0,0|0,0|0,0|1,1|0,1|0,0|0,1|0,0|1,0|1,0|0,1|0,0|1,0|0,0|1,0|0,1|0,0|0,0|1,0|1,0|0,0|0,0|1,0|0,0|0,0|0,0|0,1|0,0|0,0|0,1|0,1|1,1|0,0|1,0|0,0|0,0|0,0|0,0|0,0|0,1|0,0|0,0|1,0|0,1|0,0|1,0|0,0|0,0|0,0|1,1|0,0|0,0|0,0|0,0|0,0|1,0|1,0|0,0|0,0|0,0|1,1|0,0|0,0|1,1|0,1|0,0|0,0|0,0|0,1|0,1|0,0|0,0|1,0|0,0|1,0|0,0|0,0|0,1|0,0|1,0|0,0|0
15,78608811,.,G,C,.,PASS,AC=103;AN=5096;DP=22556;AF=0.02;EAS_AF=0.01;EUR_AF=0;AFR_AF=0.04;AMR_AF=0;SAS_AF=0.04;VT=SNP;NS=2548,GT,0|0,0|0,0|0,0|0,0|0,0|0,0|0,0|0,0|0,0|0,0|0,0|0,0|0,0|0,0|0,0|0,0|0,0|0,0|0,0|0,0|0,0|0,0|0,0|0,0|0,0|0,0|0,0|0,0|0,0|0,0|0,0|0,0|0,0|0,0|0,0|0,0|0,0|0,0|0,0|0,0|0,0|0,0|0,0|0,0|0,0|0,0|0,0|0,0|0,0|0,0|0,0|0,0|0,0|0,0|0,0|0,0|0,0|0,0|0,0|0,0|0,0|0,0|0,0|0,0|0,0|0,0|0,0|0,0|0,0|0,0|0,0|0,0|0,0|0,0|0,0|0,0|0,0|0,0|0,0|0,0|0,0|0,0|0,0|0,0|0,0|0,0|0,0|0,1|0,0|0,1|0,0|0,0|0,0|0,0|0,0|0,0|0,0|0,0|0
15,78608831,.,GA,G,.,PASS,AC=1237;AN=5096;DP=22183;AF=0.24;EAS_AF=0.29;EUR_AF=0.37;AFR_AF=0.16;AMR_AF=0.22;SAS_AF=0.19;VT=INDEL;NS=2548,GT,0|0,0|1,0|0,0|1,0|0,1|1,0|0,1|1,0|1,0|0,0|0,0|0,0|0,0|0,0|0,0|0,0|0,0|0,0|0,0|0,0|1,1|0,1|0,0|0,1|0,0|1,0|1,0|0,1|0,0|1,0|0,0|1,0|0,1|0,0|0,0|1,0|1,0|0,0|0,0|1,0|0,0|0,0|0,0|0,1|0,0|0,0|0,1|0,1|1,1|0,0|1,0|0,0|0,0|0,0|0,0|0,0|0,1|0,0|0,0|1,0|0,1|0,0|1,0|0,0|0,0|0,0|1,1|0,0|0,0|0,0|0,0|0,0|1,0|1,0|0,0|0,0|0,0|1,1|0,0|0,0|1,1|0,1|0,0|0,0|0,0|0,1|0,1|0,0|0,0|1,0|0,0|1,0|0,0|0,0|0,1|0,0|1,0|0,0|0
15,78609579,.,C,T,.,PASS,AC=70;AN=5096;DP=22233;AF=0.01;EAS_AF=0.06;EUR_AF=0;AFR_AF=0;AMR_AF=0;SAS_AF=0;VT=SNP;NS=2548,GT,1|0,0|0,0|0,0|0,0|0,0|0,0|0,0|0,0|0,0|0,1|1,0|0,0|0,0|0,0|0,0|0,0|0,0|1,0|0,0|0,0|0,0|1,0|0,0|0,0|0,0|0,0|0,0|0,0|0,0|0,0|0,1|0,0|0,0|0,0|0,0|0,0|0,0|0,0|0,0|0,0|0,0|0,0|0,0|0,0|0,1|0,0|0,0|0,0|0,0|0,0|0,0|0,0|0,0|0,0|0,0|0,1|0,0|0,0|0,0|0,0|0,0|0,0|0,0|0,1|1,0|0,0|0,0|0,0|0,0|0,0|0,0|0,0|0,0|0,0|1,0|1,0|0,1|0,0|0,0|0,0|0,0|0,0|0,0|0,0|0,0|0,0|1,0|1,0|0,0|0,0|0,0|0,0|0,0|0,0|0,0|0,0|0,0|0,0|0
15,78609684,.,C,A,.,PASS,AC=1867;AN=5096;DP=22656;AF=0.37;EAS_AF=0.24;EUR_AF=0.39;AFR_AF=0.53;AMR_AF=0.23;SAS_AF=0.34;VT=SNP;NS=2548,GT,1|0,1|0,1|1,0|0,1|0,0|0,0|0,0|0,1|0,1|0,1|1,0|0,1|0,0|0,0|1,1|1,0|1,1|1,0|0,0|1,1|0,0|1,0|0,0|1,0|0,1|0,0|0,0|1,0|0,0|0,0|0,1|0,1|0,0|1,0|0,0|0,1|0,1|1,1|1,1|0,1|1,0|1,1|1,0|1,0|1,1|0,1|1,0|1,0|0,0|0,1|0,1|0,0|0,0|0,0|0,0|1,1|0,0|0,1|0,1|0,0|0,0|0,1|0,0|1,1|1,0|0,0|0,0|1,0|0,1|0,1|0,0|1,0|0,0|0,0|1,0|1,1|0,1|0,0|0,1|0,0|0,0|0,0|0,0|0,1|0,0|1,0|1,0|1,0|0,0|0,0|0,1|0,0|0,1|1,0|1,0|0,0|0,1|0,1|0
15,78610564,.,G,A,.,PASS,AC=1865;AN=5096;DP=23596;AF=0.37;EAS_AF=0.24;EUR_AF=0.39;AFR_AF=0.53;AMR_AF=0.23;SAS_AF=0.34;VT=SNP;NS=2548,GT,1|0,1|0,1|1,0|0,1|0,0|0,0|0,0|0,1|0,1|0,1|1,0|0,1|0,0|0,0|1,1|1,0|1,1|1,0|0,0|1,1|0,0|1,0|0,0|1,0|0,1|0,0|0,0|1,0|0,0|0,0|0,1|0,1|0,0|1,0|0,0|0,1|0,1|1,1|1,1|0,1|1,0|1,1|1,0|1,0|1,1|0,1|1,0|1,0|0,0|0,1|0,1|0,0|0,0|0,0|0,0|1,1|0,0|0,1|0,1|0,0|0,0|0,1|0,0|1,1|1,0|0,0|0,0|1,0|0,1|0,1|0,0|1,0|0,0|0,0|1,0|1,1|0,1|0,0|0,1|0,0|0,0|0,0|0,0|0,1|0,0|1,0|1,0|1,0|0,0|0,0|0,1|0,0|0,1|1,0|1,0|0,0|0,1|0,1|0
15,78610823,.,T,C,.,PASS,AC=1867;AN=5096;DP=19472;AF=0.37;EAS_AF=0.24;EUR_AF=0.39;AFR_AF=0.53;AMR_AF=0.23;SAS_AF=0.34;VT=SNP;NS=2548,GT,1|0,1|0,1|1,0|0,1|0,0|0,0|0,0|0,1|0,1|0,1|1,0|0,1|0,0|0,0|1,1|1,0|1,1|1,0|0,0|1,1|0,0|1,0|0,0|1,0|0,1|0,0|0,0|1,0|0,0|0,0|0,1|0,1|0,0|1,0|0,0|0,1|0,1|1,1|1,1|0,1|1,0|1,1|1,0|1,0|1,1|0,1|1,0|1,0|0,0|0,1|0,1|0,0|0,0|0,0|0,0|1,1|0,0|0,1|0,1|0,0|0,0|0,1|0,0|1,1|1,0|0,0|0,0|1,0|0,1|0,1|0,0|1,0|0,0|0,0|1,0|1,1|0,1|0,0|0,1|0,0|0,0|0,0|0,0|0,1|0,0|1,0|1,0|1,0|0,0|0,0|0,1|0,0|0,1|1,0|1,0|0,0|0,1|0,1|0
15,78610852,.,G,T,.,PASS,AC=2;AN=5096;DP=20469;AF=0;EAS_AF=0;EUR_AF=0;AFR_AF=0;AMR_AF=0;SAS_AF=0;VT=SNP;NS=2548,GT,0|0,0|0,0|0,0|0,0|0,0|0,0|0,0|0,0|0,0|0,0|0,0|0,0|0,0|0,0|0,0|0,0|0,0|0,0|0,0|0,0|0,0|1,0|0,0|0,0|0,0|0,0|0,0|0,0|0,0|0,0|0,0|0,0|0,0|0,0|0,0|0,0|0,0|0,0|0,0|0,0|0,0|0,0|0,0|0,0|0,0|0,0|0,0|0,0|0,0|0,0|0,0|0,0|0,0|0,0|0,0|0,0|0,0|0,0|0,0|0,0|0,0|0,0|0,0|0,0|0,0|0,0|0,0|0,0|0,0|0,0|0,0|0,0|0,0|0,0|0,0|0,0|0,0|0,0|0,0|0,0|0,0|0,0|0,0|0,0|0,0|0,0|0,0|0,0|0,0|0,0|0,0|0,0|0,0|0,0|0,0|0,0|0,0|0,0|0
15,78611990,.,C,T,.,PASS,AC=7;AN=5096;DP=23390;AF=0;EAS_AF=0.01;EUR_AF=0;AFR_AF=0;AMR_AF=0;SAS_AF=0;VT=SNP;NS=2548,GT,0|0,0|0,0|0,0|0,0|0,0|0,0|0,0|0,0|0,0|0,0|0,0|0,0|0,1|0,0|0,0|0,0|0,0|0,0|0,0|0,0|0,0|0,0|0,0|0,0|0,0|0,0|0,0|0,0|1,0|0,0|0,0|0,0|0,0|0,0|0,0|0,0|0,0|0,0|0,0|0,0|0,0|0,0|0,0|0,0|0,0|0,0|0,0|0,0|0,0|0,0|0,0|0,0|0,0|0,0|0,0|0,0|0,0|0,0|0,0|0,0|0,0|0,0|0,0|0,0|0,0|0,0|0,0|0,0|0,0|0,0|0,0|0,0|0,0|0,0|0,0|0,0|0,0|0,0|0,0|0,0|0,0|0,0|0,0|0,0|0,0|0,0|0,0|0,0|0,0|0,0|0,0|0,0|0,0|0,0|0,0|0,0|0,0|0,0|0
15,78612057,.,A,G,.,PASS,AC=282;AN=5096;DP=22630;AF=0.06;EAS_AF=0.26;EUR_AF=0;AFR_AF=0;AMR_AF=0;SAS_AF=0.01;VT=SNP;NS=2548,GT,0|0,0|1,0|0,0|1,0|0,1|1,0|0,1|1,0|1,0|0,0|0,0|0,0|0,0|0,0|0,0|0,0|0,0|0,0|0,0|0,0|1,1|0,1|0,0|0,1|0,0|1,0|1,0|0,1|0,0|1,0|0,0|0,0|0,1|0,0|0,0|0,0|1,0|0,0|0,0|1,0|0,0|0,0|0,0|0,1|0,0|0,0|0,1|0,0|1,1|0,0|1,0|0,0|0,0|0,0|0,0|0,0|0,1|0,0|0,0|1,0|0,1|0,0|1,0|0,0|0,0|0,0|1,0|0,0|0,0|0,0|0,0|0,0|1,0|1,0|0,0|0,0|0,0|1,1|0,0|0,0|1,1|0,1|0,0|0,0|0,0|0,1|0,1|0,0|0,0|1,0|0,0|1,0|0,0|0,0|0,1|0,0|1,0|0,0|0
15,78612618,.,C,A,.,PASS,AC=50;AN=5096;DP=14736;AF=0.01;EAS_AF=0.01;EUR_AF=0.02;AFR_AF=0.01;AMR_AF=0;SAS_AF=0.01;VT=SNP;NS=2548,GT,0|0,0|0,0|1,0|0,0|0,0|0,0|0,0|0,0|0,0|0,0|0,0|0,0|0,0|0,0|0,0|0,0|0,0|0,0|0,0|0,0|0,0|0,0|0,0|0,0|0,0|0,0|0,0|0,0|0,0|0,0|0,0|0,0|0,0|0,0|0,0|0,0|0,0|0,0|0,0|0,0|0,0|0,0|0,0|0,0|0,0|0,0|0,0|0,0|0,0|0,0|0,0|0,0|0,0|0,0|0,0|0,0|0,0|0,0|0,0|0,0|0,0|0,0|0,0|0,0|0,0|0,0|0,0|0,0|0,0|0,0|0,0|0,0|0,0|0,0|0,0|0,0|0,0|0,0|0,0|0,0|0,0|0,0|0,0|0,0|0,0|0,0|0,0|0,0|0,0|0,0|0,0|0,0|0,0|0,0|0,0|0,0|0,0|0,0|0
15,78612619,.,G,A,.,PASS,AC=289;AN=5096;DP=14985;AF=0.06;EAS_AF=0.27;EUR_AF=0;AFR_AF=0;AMR_AF=0;SAS_AF=0.01;VT=SNP;NS=2548,GT,0|0,0|1,0|0,0|1,0|0,1|1,0|0,1|1,1|1,0|0,0|0,0|0,0|0,0|0,0|0,0|0,0|0,1|0,0|0,0|0,0|1,1|0,1|0,0|0,1|0,0|1,0|1,0|0,1|0,0|1,0|0,0|0,0|0,1|1,0|0,0|0,0|1,0|0,0|0,0|1,0|0,0|0,0|0,0|0,1|0,0|0,0|0,1|0,0|1,1|0,0|1,0|0,0|0,0|0,0|0,0|0,0|0,1|0,0|0,1|1,0|0,1|0,0|1,0|0,0|0,0|0,0|1,0|0,0|0,0|0,0|0,0|0,0|1,0|1,0|0,0|0,0|0,0|1,1|0,0|0,0|1,1|0,1|0,0|0,0|0,0|0,1|0,1|0,0|0,0|1,0|0,0|1,0|0,0|0,0|0,1|0,0|1,0|0,0|0
15,78613512,.,T,C,.,PASS,AC=708;AN=5096;DP=17575;AF=0.14;EAS_AF=0.07;EUR_AF=0.12;AFR_AF=0.01;AMR_AF=0.18;SAS_AF=0.37;VT=SNP;NS=2548,GT,0|0,0|0,0|0,0|0,0|0,0|0,1|0,0|0,0|0,0|0,0|0,0|0,0|1,0|0,1|0,0|0,0|0,0|0,1|1,1|0,0|0,0|0,0|0,0|0,0|0,0|0,0|0,0|0,0|0,0|0,1|0,0|0,0|0,0|0,0|1,0|0,0|0,0|0,0|0,0|0,0|0,1|0,0|0,1|0,0|0,0|0,0|0,0|0,0|0,0|0,0|0,0|0,0|1,1|0,0|0,0|0,0|0,0|0,0|0,0|0,0|0,0|0,0|0,1|0,0|0,0|1,0|0,0|0,0|0,0|0,0|0,0|0,0|0,0|0,0|0,0|0,0|0,0|0,0|0,0|1,0|0,0|0,0|0,0|0,0|0,0|0,0|0,0|0,0|0,0|0,0|1,0|0,0|0,0|0,0|0,0|0,0|0,0|1,0|0
15,78613761,.,C,A,.,PASS,AC=3101;AN=5096;DP=12948;AF=0.61;EAS_AF=0.75;EUR_AF=0.6;AFR_AF=0.4;AMR_AF=0.76;SAS_AF=0.65;VT=SNP;NS=2548,GT,0|1,0|1,0|0,1|1,0|1,1|1,1|1,1|1,0|1,0|1,0|0,1|1,0|1,1|1,1|0,0|0,1|0,0|0,1|1,1|0,0|1,1|0,1|1,1|0,1|1,0|1,1|1,1|0,1|1,1|1,1|1,0|1,0|1,1|0,1|1,1|1,0|1,0|0,0|0,0|1,0|0,1|0,0|0,1|0,1|0,0|1,0|0,1|0,1|1,1|1,0|1,0|1,1|1,1|1,1|1,1|0,0|1,1|1,0|1,0|1,1|1,1|1,0|1,1|0,0|0,1|1,1|1,1|0,1|1,0|1,0|1,1|0,1|1,1|1,1|0,1|0,0|1,0|1,1|1,0|1,1|1,1|1,1|1,1|1,0|1,1|0,1|0,1|0,1|1,1|1,1|1,0|1,1|1,0|0,1|0,1|1,1|1,0|1,0|1
15,78613765,.,C,A,.,PASS,AC=3096;AN=5096;DP=13070;AF=0.61;EAS_AF=0.75;EUR_AF=0.6;AFR_AF=0.4;AMR_AF=0.76;SAS_AF=0.65;VT=SNP;NS=2548,GT,0|1,0|1,0|0,1|1,0|1,1|1,1|1,1|1,0|1,0|1,0|0,1|1,0|1,1|1,1|0,0|0,1|0,0|0,1|1,1|0,0|1,1|0,1|1,1|0,1|1,0|1,1|1,1|0,1|1,1|1,1|1,0|1,0|1,1|0,1|1,1|1,0|1,0|0,0|0,0|1,0|0,1|0,0|0,1|0,1|0,0|1,0|0,1|0,1|1,1|1,0|1,0|1,1|1,1|1,1|1,1|0,0|1,1|1,0|1,0|1,1|1,1|1,0|1,1|0,0|0,1|1,1|1,1|0,1|1,0|1,0|1,1|0,1|1,1|1,1|0,1|0,0|1,0|1,1|1,0|1,1|1,1|1,1|1,1|1,0|1,1|0,1|0,1|0,1|1,1|1,1|1,0|1,1|1,0|0,1|0,1|1,1|1,0|1,0|1
15,78613777,.,C,A,.,PASS,AC=2840;AN=5096;DP=13250;AF=0.56;EAS_AF=0.69;EUR_AF=0.57;AFR_AF=0.34;AMR_AF=0.71;SAS_AF=0.61;VT=SNP;NS=2548,GT,0|1,0|1,0|0,1|0,0|1,1|1,1|1,1|1,0|1,0|1,0|0,1|1,0|1,1|1,0|0,0|0,1|0,0|0,1|1,1|0,0|1,0|0,0|1,1|0,1|1,0|1,1|1,1|0,1|1,1|1,1|1,0|1,0|1,0|0,1|1,1|1,0|1,0|0,0|0,0|1,0|0,1|0,0|0,1|0,1|0,0|1,0|0,1|0,1|1,1|1,0|1,0|1,1|1,1|1,1|1,1|0,0|1,1|0,0|1,0|1,1|1,1|0,0|1,1|0,0|0,1|1,1|0,1|0,1|1,0|1,0|1,1|0,1|1,1|0,1|0,1|0,0|1,0|1,1|1,0|1,1|1,1|1,1|1,1|1,0|1,1|0,1|0,1|0,1|1,1|1,1|1,0|1,1|1,0|0,1|0,1|1,1|1,0|1,0|1
15,78613778,.,A,AAAC,.,PASS,AC=3093;AN=5096;DP=13291;AF=0.61;EAS_AF=0.74;EUR_AF=0.59;AFR_AF=0.41;AMR_AF=0.75;SAS_AF=0.65;VT=INDEL;NS=2548,GT,0|1,0|1,0|0,1|1,0|1,1|1,1|1,1|1,0|1,0|1,0|0,1|1,0|1,1|1,1|0,0|0,1|0,0|0,1|1,1|0,0|1,1|0,1|1,1|0,1|1,0|1,1|1,1|0,1|1,1|1,1|1,0|1,0|1,1|0,1|1,1|1,0|1,0|0,0|0,0|1,0|0,1|0,0|0,1|0,1|0,0|1,0|0,1|0,1|1,1|1,0|1,0|1,1|1,1|1,1|1,1|0,0|1,1|1,0|1,0|1,1|1,1|1,0|1,1|0,0|0,1|1,1|1,1|0,1|1,0|1,0|1,1|0,1|1,1|1,1|0,1|0,0|1,0|1,1|1,0|1,1|1,1|1,1|1,1|1,0|1,1|0,1|0,1|0,0|1,1|1,1|1,0|1,1|1,0|0,1|0,1|1,1|1,0|1,0|1
15,78613786,.,C,A,.,PASS,AC=1626;AN=5096;DP=15226;AF=0.32;EAS_AF=0.24;EUR_AF=0.39;AFR_AF=0.35;AMR_AF=0.23;SAS_AF=0.34;VT=SNP;NS=2548,GT,0|0,1|0,1|1,0|0,1|0,0|0,0|0,0|0,1|0,1|0,1|1,0|0,1|0,0|0,0|1,1|1,0|1,1|1,0|0,0|1,1|0,0|0,0|0,0|1,0|0,1|0,0|0,0|1,0|0,0|0,0|0,1|0,1|0,0|1,0|0,0|0,1|0,1|1,1|1,1|0,1|1,0|1,1|1,0|1,0|1,1|0,1|1,0|1,0|0,0|0,1|0,1|0,0|0,0|0,0|0,0|1,1|0,0|0,1|0,1|0,0|0,0|0,1|0,0|1,1|1,0|0,0|0,0|1,0|0,1|0,1|0,0|1,0|0,0|0,0|1,0|1,1|0,1|0,0|0,1|0,0|0,0|0,0|0,0|0,1|0,0|1,0|1,0|1,0|0,0|0,0|0,1|0,0|0,1|1,0|1,0|0,0|0,1|0,1|0
15,78613819,.,G,A,.,PASS,AC=45;AN=5096;DP=15437;AF=0.01;EAS_AF=0.04;EUR_AF=0;AFR_AF=0;AMR_AF=0;SAS_AF=0;VT=SNP;NS=2548,GT,0|0,0|0,0|0,0|0,0|0,0|0,0|0,0|0,0|0,0|0,0|0,0|0,0|0,0|0,0|0,0|0,0|0,0|0,0|0,0|0,0|0,0|0,0|0,0|0,0|0,0|0,0|0,0|0,0|0,0|0,0|0,0|0,0|0,0|0,0|0,0|0,0|0,0|0,0|0,0|0,0|0,0|0,0|0,0|0,0|0,0|0,0|0,0|0,0|0,0|0,0|0,0|1,0|0,0|0,0|1,0|0,0|0,0|0,0|0,0|0,0|0,0|0,0|0,0|0,0|0,0|0,0|0,0|0,0|0,0|0,0|0,0|0,0|0,0|0,0|0,0|0,0|1,0|0,0|0,0|0,0|0,0|0,0|0,0|1,0|0,0|0,0|0,0|0,0|1,0|0,0|0,0|0,1|0,0|0,0|0,0|0,0|0,0|0,0|0
15,78613835,.,A,T,.,PASS,AC=767;AN=5096;DP=15711;AF=0.15;EAS_AF=0.03;EUR_AF=0.36;AFR_AF=0.02;AMR_AF=0.21;SAS_AF=0.18;VT=SNP;NS=2548,GT,0|0,0|0,0|0,0|0,0|0,0|0,0|0,0|0,0|0,0|0,0|0,0|0,0|0,0|0,0|0,0|0,0|0,0|0,0|0,0|0,0|0,0|0,0|0,0|0,0|0,0|0,0|0,0|0,0|0,0|0,0|0,0|1,0|0,0|0,0|0,0|1,0|0,0|0,0|0,0|0,0|0,0|0,0|0,0|0,0|0,0|0,0|0,0|0,1|0,0|0,0|0,0|0,0|0,0|0,0|0,0|0,0|0,0|0,0|0,0|0,0|0,0|0,0|0,0|0,0|0,0|0,0|0,1|0,0|0,0|0,0|0,0|0,0|0,0|0,0|0,0|0,0|0,0|0,0|0,0|0,0|0,0|0,0|0,0|0,0|0,0|0,0|0,0|0,0|0,0|0,0|0,0|0,0|0,0|0,0|0,0|0,0|0,0|0,0|0
15,78613878,.,G,A,.,PASS,AC=3;AN=5096;DP=16141;AF=0;EAS_AF=0;EUR_AF=0;AFR_AF=0;AMR_AF=0;SAS_AF=0;VT=SNP;NS=2548,GT,0|0,0|0,0|0,0|0,0|0,0|0,0|0,0|0,0|0,0|0,0|0,0|0,0|0,0|0,0|0,0|0,0|0,0|0,0|0,0|0,0|0,0|0,0|0,0|0,0|0,0|0,0|0,0|0,0|0,0|0,0|0,0|0,0|0,0|0,0|0,0|0,0|0,0|0,0|0,0|0,0|0,0|0,0|0,0|0,0|0,0|0,0|0,0|0,0|0,0|0,0|0,0|0,0|0,0|0,0|0,0|0,0|0,0|0,0|0,0|0,0|0,0|0,0|0,0|0,0|0,0|0,0|0,0|0,0|0,0|0,0|0,0|0,0|0,0|0,0|0,0|0,0|0,0|0,0|0,0|0,0|0,0|0,0|0,0|0,0|0,0|0,0|0,0|0,1|0,0|0,0|0,0|0,0|0,0|0,0|0,0|0,0|0,0|0,0|0
15,78614192,.,A,T,.,PASS,AC=2;AN=5096;DP=22284;AF=0;EAS_AF=0;EUR_AF=0;AFR_AF=0;AMR_AF=0;SAS_AF=0;VT=SNP;NS=2548,GT,0|0,0|0,0|0,0|0,0|0,0|0,0|0,0|0,1|0,0|0,0|0,0|0,0|0,0|0,0|0,0|0,0|0,1|0,0|0,0|0,0|0,0|0,0|0,0|0,0|0,0|0,0|0,0|0,0|0,0|0,0|0,0|0,0|0,0|0,0|0,0|0,0|0,0|0,0|0,0|0,0|0,0|0,0|0,0|0,0|0,0|0,0|0,0|0,0|0,0|0,0|0,0|0,0|0,0|0,0|0,0|0,0|0,0|0,0|0,0|0,0|0,0|0,0|0,0|0,0|0,0|0,0|0,0|0,0|0,0|0,0|0,0|0,0|0,0|0,0|0,0|0,0|0,0|0,0|0,0|0,0|0,0|0,0|0,0|0,0|0,0|0,0|0,0|0,0|0,0|0,0|0,0|0,0|0,0|0,0|0,0|0,0|0,0|0,0|0
15,78614295,.,A,G,.,PASS,AC=156;AN=5096;DP=20825;AF=0.03;EAS_AF=0.05;EUR_AF=0.07;AFR_AF=0;AMR_AF=0.03;SAS_AF=0.01;VT=SNP;NS=2548,GT,0|0,0|0,0|0,0|0,0|0,0|0,0|0,0|0,0|0,0|0,0|0,0|0,0|0,0|0,0|0,0|0,0|0,0|0,0|0,0|0,0|0,0|0,0|0,0|0,0|0,0|0,0|0,0|0,0|0,0|0,0|0,0|0,0|0,0|0,0|0,0|0,0|0,0|0,0|0,0|0,0|0,0|0,0|0,0|0,0|0,0|0,0|0,0|0,0|0,0|0,0|0,0|1,0|0,0|0,0|1,0|0,0|0,0|0,0|0,0|0,0|0,0|0,0|0,0|0,0|0,0|0,0|0,0|0,0|0,0|0,0|0,0|0,0|0,0|0,0|0,0|0,0|1,0|0,0|0,0|0,0|0,0|0,0|0,0|1,0|0,0|0,0|0,0|0,0|1,0|0,0|0,0|0,1|0,0|0,0|0,0|0,1|0,0|0,0|0
15,78614482,.,G,T,.,PASS,AC=10;AN=5096;DP=20118;AF=0;EAS_AF=0.01;EUR_AF=0;AFR_AF=0;AMR_AF=0;SAS_AF=0;VT=SNP;NS=2548,GT,0|0,0|0,0|0,0|0,0|0,0|0,0|0,0|0,1|0,0|0,0|0,0|0,0|0,0|0,0|0,0|0,0|0,1|0,0|0,0|0,0|0,0|0,0|0,0|0,0|0,0|0,0|0,0|0,0|0,0|0,0|0,0|0,0|0,0|0,0|0,0|0,0|0,0|0,1|0,0|0,0|0,0|0,0|0,0|0,0|0,0|0,0|0,0|0,0|0,0|0,0|0,0|0,0|0,0|0,0|0,0|0,0|0,0|0,0|0,0|0,0|0,0|0,1|0,0|0,0|0,0|0,0|0,0|0,0|0,0|0,0|0,0|0,0|0,0|0,0|0,0|0,0|0,0|0,0|0,0|0,0|0,0|0,0|0,0|0,0|0,0|0,0|0,0|0,0|0,0|0,0|0,0|0,0|0,0|0,0|0,0|0,0|0,0|0,0|0
15,78614785,.,C,A,.,PASS,AC=1;AN=5096;DP=22473;AF=0;EAS_AF=0;EUR_AF=0;AFR_AF=0;AMR_AF=0;SAS_AF=0;VT=SNP;NS=2548,GT,0|0,0|0,0|0,0|0,0|0,0|0,0|0,0|0,0|0,0|0,0|0,0|0,0|0,0|0,0|0,0|0,0|0,0|0,0|0,0|0,0|0,0|0,0|0,0|0,0|0,0|0,0|0,0|0,0|0,0|0,0|0,0|0,0|0,0|0,0|0,0|0,0|0,0|0,0|0,0|0,0|0,0|0,0|0,0|0,0|0,0|0,0|0,0|0,0|0,0|0,0|0,0|0,0|0,0|0,0|0,0|0,0|0,0|1,0|0,0|0,0|0,0|0,0|0,0|0,0|0,0|0,0|0,0|0,0|0,0|0,0|0,0|0,0|0,0|0,0|0,0|0,0|0,0|0,0|0,0|0,0|0,0|0,0|0,0|0,0|0,0|0,0|0,0|0,0|0,0|0,0|0,0|0,0|0,0|0,0|0,0|0,0|0,0|0,0|0
15,78615003,.,C,T,.,PASS,AC=3608;AN=5096;DP=20557;AF=0.71;EAS_AF=0.82;EUR_AF=0.65;AFR_AF=0.65;AMR_AF=0.8;SAS_AF=0.66;VT=SNP;NS=2548,GT,1|1,0|1,0|0,1|1,0|1,1|1,1|1,1|1,0|1,0|1,1|1,1|1,0|1,1|1,1|0,0|1,1|0,0|1,1|1,1|0,0|1,1|1,1|1,1|0,1|1,0|1,1|1,1|0,1|1,1|1,1|1,1|1,0|1,1|0,1|1,1|1,0|1,0|0,0|0,0|1,0|0,1|0,1|0,1|0,1|1,1|1,0|0,1|0,1|1,1|1,0|1,0|1,1|1,1|1,1|1,1|1,1|1,1|1,0|1,0|1,1|1,1|0,0|1,1|0,1|1,1|1,1|1,1|0,1|1,0|1,0|1,1|1,1|1,1|1,1|1,1|1,0|1,1|1,1|1,0|1,1|1,1|1,1|1,1|1,0|1,1|0,1|1,1|1,1|1,1|1,1|1,0|1,1|1,0|0,1|0,1|1,1|1,0|1,0|1
15,78615064,.,C,G,.,PASS,AC=2289;AN=5096;DP=19348;AF=0.45;EAS_AF=0.73;EUR_AF=0.24;AFR_AF=0.33;AMR_AF=0.55;SAS_AF=0.47;VT=SNP;NS=2548,GT,0|1,0|1,0|0,1|1,0|1,1|1,1|1,1|1,0|1,0|1,0|0,1|1,0|1,1|1,1|0,0|1,1|0,0|0,1|1,1|0,0|1,1|0,1|1,1|0,1|1,0|1,1|1,1|0,1|1,1|1,1|1,0|0,0|1,1|0,1|1,1|0,0|1,0|0,0|0,0|1,0|0,1|0,1|0,1|0,1|1,0|1,0|0,1|0,0|1,1|1,0|1,0|1,1|1,1|1,1|1,1|1,0|1,1|1,0|1,0|1,1|1,1|0,0|1,1|0,0|0,1|1,1|1,0|0,1|1,0|1,0|1,1|1,1|1,1|1,1|0,1|0,0|1,0|1,1|1,0|1,1|1,1|1,1|1,1|1,0|1,1|0,1|0,1|0,1|1,1|1,1|1,0|1,1|1,0|0,1|0,1|1,1|1,0|1,0|1
15,78615314,.,T,C,.,PASS,AC=2289;AN=5096;DP=23830;AF=0.45;EAS_AF=0.73;EUR_AF=0.24;AFR_AF=0.33;AMR_AF=0.55;SAS_AF=0.47;VT=SNP;NS=2548,GT,0|1,0|1,0|0,1|1,0|1,1|1,1|1,1|1,0|1,0|1,0|0,1|1,0|1,1|1,1|0,0|1,1|0,0|0,1|1,1|0,0|1,1|0,1|1,1|0,1|1,0|1,1|1,1|0,1|1,1|1,1|1,0|0,0|1,1|0,1|1,1|0,0|1,0|0,0|0,0|1,0|0,1|0,1|0,1|0,1|1,0|1,0|0,1|0,0|1,1|1,0|1,0|1,1|1,1|1,1|1,1|1,0|1,1|1,0|1,0|1,1|1,1|0,0|1,1|0,0|0,1|1,1|1,0|0,1|1,0|1,0|1,1|1,1|1,1|1,1|0,1|0,0|1,0|1,1|1,0|1,1|1,1|1,1|1,1|1,0|1,1|0,1|0,1|0,1|1,1|1,1|1,0|1,1|1,0|0,1|0,1|1,1|1,0|1,0|1
15,78615365,.,G,C,.,PASS,AC=2;AN=5096;DP=20742;AF=0;EAS_AF=0;EUR_AF=0;AFR_AF=0;AMR_AF=0;SAS_AF=0;VT=SNP;NS=2548,GT,0|0,0|0,0|0,0|0,0|0,0|0,0|0,0|0,0|0,0|0,0|0,0|0,0|0,0|0,0|0,0|0,0|0,0|0,0|0,0|0,0|0,0|0,0|0,0|0,0|0,0|0,0|0,0|0,0|0,0|0,0|0,0|0,0|0,0|0,0|0,0|0,0|0,0|0,0|0,0|0,0|0,0|0,0|0,0|0,0|0,0|0,0|0,0|0,0|0,0|0,0|0,0|0,0|0,0|0,0|0,0|0,0|0,0|0,0|0,0|0,0|0,0|0,0|0,0|0,0|0,0|0,0|0,0|0,0|0,0|0,0|0,0|0,0|0,0|0,0|0,0|0,0|0,1|0,0|0,0|0,0|0,0|0,0|0,0|0,0|0,0|0,0|0,0|0,0|0,0|0,0|0,0|0,0|0,0|0,0|0,0|0,0|0,0|0,0|0
15,78615394,.,G,A,.,PASS,AC=725;AN=5096;DP=20297;AF=0.14;EAS_AF=0.07;EUR_AF=0.12;AFR_AF=0.02;AMR_AF=0.18;SAS_AF=0.37;VT=SNP;NS=2548,GT,0|0,0|0,0|0,0|0,0|0,0|0,1|0,0|0,0|0,0|0,0|0,0|0,0|1,0|0,1|0,0|0,0|0,0|0,1|1,1|0,0|0,0|0,0|0,0|0,0|0,0|0,0|0,0|0,0|0,0|0,1|0,0|0,0|0,0|0,0|1,0|0,0|0,0|0,0|0,0|0,0|0,1|0,0|0,1|0,0|0,0|0,0|0,0|0,0|0,0|0,0|0,0|0,0|1,1|0,0|0,0|0,0|0,0|0,0|0,0|0,0|0,0|0,0|0,1|0,0|0,0|1,0|0,0|0,0|0,0|0,0|0,0|0,0|0,0|0,0|0,0|0,0|0,0|0,0|0,0|1,0|0,0|0,0|0,0|0,0|0,0|0,0|0,0|0,0|0,0|0,0|1,0|0,0|0,0|0,0|0,0|0,0|0,0|1,0|0
15,78615517,.,A,C,.,PASS,AC=2288;AN=5096;DP=19118;AF=0.45;EAS_AF=0.73;EUR_AF=0.24;AFR_AF=0.33;AMR_AF=0.55;SAS_AF=0.47;VT=SNP;NS=2548,GT,0|1,0|1,0|0,1|1,0|1,1|1,1|1,1|1,0|1,0|1,0|0,1|1,0|1,1|1,1|0,0|1,1|0,0|0,1|1,1|0,0|1,1|0,1|1,1|0,1|1,0|1,1|1,1|0,1|1,1|1,1|1,0|0,0|1,1|0,1|1,1|0,0|1,0|0,0|0,0|1,0|0,1|0,1|0,1|0,1|1,0|1,0|0,1|0,0|1,1|1,0|1,0|1,1|1,1|1,1|1,1|1,0|1,1|1,0|1,0|1,1|1,1|0,0|1,1|0,0|0,1|1,1|1,0|0,1|1,0|1,0|1,1|1,1|1,1|1,1|0,1|0,0|1,0|1,1|1,0|1,1|1,1|1,1|1,1|1,0|1,1|0,1|0,1|0,1|1,1|1,1|1,0|1,1|1,0|0,1|0,1|1,1|1,0|1,0|1
15,78615533,.,T,TC,.,PASS,AC=2285;AN=5096;DP=18528;AF=0.45;EAS_AF=0.73;EUR_AF=0.24;AFR_AF=0.32;AMR_AF=0.55;SAS_AF=0.47;VT=INDEL;NS=2548,GT,0|1,0|1,0|0,1|1,0|1,1|1,1|1,1|1,0|1,0|1,0|0,1|1,0|1,1|1,1|0,0|1,1|0,0|0,1|1,1|0,0|1,1|0,1|1,1|0,1|1,0|1,1|1,1|0,1|1,1|1,1|1,0|0,0|1,1|0,1|1,1|0,0|1,0|0,0|0,0|1,0|0,1|0,1|0,1|0,1|1,0|1,0|0,1|0,0|1,1|1,0|1,0|1,1|1,1|1,1|1,1|1,0|1,1|1,0|1,0|1,1|1,1|0,0|1,1|0,0|0,1|1,1|1,0|0,1|1,0|1,0|1,1|1,1|1,1|1,1|0,1|0,0|1,0|1,1|1,0|1,1|1,1|1,1|1,1|1,0|1,1|0,1|0,1|0,1|1,1|1,1|1,0|1,1|1,0|0,1|0,1|1,1|1,0|1,0|1
15,78615655,.,A,AT,.,PASS,AC=2286;AN=5096;DP=21486;AF=0.45;EAS_AF=0.73;EUR_AF=0.24;AFR_AF=0.32;AMR_AF=0.55;SAS_AF=0.47;VT=INDEL;NS=2548,GT,0|1,0|1,0|0,1|1,0|1,1|1,1|1,1|1,0|1,0|1,0|0,1|1,0|1,1|1,1|0,0|1,1|0,0|0,1|1,1|0,0|1,1|0,1|1,1|0,1|1,0|1,1|1,1|0,1|1,1|1,1|1,0|0,0|1,1|0,1|1,1|0,0|1,0|0,0|0,0|1,0|0,1|0,1|0,1|0,1|1,0|1,0|0,1|0,0|1,1|1,0|1,0|1,1|1,1|1,1|1,1|1,0|1,1|1,0|1,0|1,1|1,1|0,0|1,1|0,0|0,1|1,1|1,0|0,1|1,0|1,0|1,1|1,1|1,1|1,1|0,1|0,0|1,0|1,1|1,0|1,1|1,1|1,1|1,1|1,0|1,1|0,1|0,1|0,1|1,1|1,1|1,0|1,1|1,0|0,1|0,1|1,1|1,0|1,0|1
15,78615668,.,C,T,.,PASS,AC=1980;AN=5096;DP=20791;AF=0.39;EAS_AF=0.47;EUR_AF=0.24;AFR_AF=0.31;AMR_AF=0.55;SAS_AF=0.46;VT=SNP;NS=2548,GT,0|1,0|0,0|0,1|0,0|1,0|0,1|1,0|0,0|0,0|1,0|0,1|1,0|1,1|1,1|0,0|0,1|0,0|0,1|1,1|0,0|0,0|0,0|1,1|0,0|1,0|0,1|0,1|0,0|1,1|0,1|1,0|0,0|1,0|0,1|1,1|0,0|0,0|0,0|0,0|0,0|0,1|0,0|0,1|0,0|0,0|1,0|0,0|0,0|0,0|1,0|0,0|1,1|1,1|1,1|1,1|1,0|1,0|1,0|1,0|0,1|1,0|0,0|0,1|0,0|0,1|1,1|0,0|0,1|1,0|1,0|1,1|0,1|0,1|0,1|0,1|0,0|1,0|0,0|1,0|1,1|0,0|1,0|1,1|1,0|1,1|0,0|0,0|0,1|1,1|0,1|1,0|0,1|1,0|0,1|0,0|1,1|0,0|1,0|1
15,78615690,.,A,G,.,PASS,AC=2282;AN=5096;DP=19140;AF=0.45;EAS_AF=0.73;EUR_AF=0.24;AFR_AF=0.32;AMR_AF=0.55;SAS_AF=0.47;VT=SNP;NS=2548,GT,0|1,0|1,0|0,1|1,0|1,1|1,1|1,1|1,0|1,0|1,0|0,1|1,0|1,1|1,1|0,0|1,1|0,0|0,1|1,1|0,0|1,1|0,1|1,1|0,1|1,0|1,1|1,1|0,1|1,1|1,1|1,0|0,0|1,1|0,1|1,1|0,0|1,0|0,0|0,0|1,0|0,1|0,1|0,1|0,1|1,0|1,0|0,1|0,0|1,1|1,0|1,0|1,1|1,1|1,1|1,1|1,0|1,1|1,0|1,0|1,1|1,1|0,0|1,1|0,0|0,1|1,1|1,0|0,1|1,0|1,0|1,1|1,1|1,1|1,1|0,1|0,0|1,0|1,1|1,0|1,1|1,1|1,1|1,1|1,0|1,1|0,1|0,1|0,1|1,1|1,1|1,0|1,1|1,0|0,1|0,1|1,1|1,0|1,0|1
15,78615735,.,C,T,.,PASS,AC=755;AN=5096;DP=15099;AF=0.15;EAS_AF=0.33;EUR_AF=0.02;AFR_AF=0.11;AMR_AF=0.3;SAS_AF=0.03;VT=SNP;NS=2548,GT,0|1,0|0,0|0,1|0,0|1,0|0,0|1,0|0,0|0,0|1,0|0,1|1,0|0,1|1,0|0,0|0,1|0,0|0,0|0,0|0,0|0,0|0,0|1,1|0,0|1,0|0,1|0,1|0,0|1,1|0,0|1,0|0,0|1,0|0,1|0,1|0,0|0,0|0,0|0,0|0,0|0,0|0,0|0,0|0,0|0,0|1,0|0,0|0,0|0,0|1,0|0,0|0,1|0,0|1,1|0,1|1,0|1,0|1,0|1,0|0,1|1,0|0,0|0,0|0,0|0,1|0,1|0,0|0,1|1,0|1,0|1,1|0,1|0,1|0,1|0,1|0,0|0,0|0,1|1,0|0,1|0,0|1,0|1,1|0,0|1,1|0,0|0,0|0,0|0,1|0,0|0,0|0,0|1,0|0,1|0,0|1,0|0,0|0,0|1
15,78615738,.,TA,T,.,PASS,AC=128;AN=5096;DP=14726;AF=0.03;EAS_AF=0.02;EUR_AF=0.02;AFR_AF=0.02;AMR_AF=0.03;SAS_AF=0.03;VT=INDEL;NS=2548,GT,0|0,0|0,0|0,0|0,0|0,0|0,0|0,0|0,0|0,0|0,0|0,0|0,0|0,0|0,0|0,0|0,0|0,0|0,0|0,0|0,0|0,0|0,0|0,0|0,0|0,0|0,0|0,0|0,0|0,1|0,0|0,0|0,0|0,0|0,0|0,0|0,0|0,0|0,0|0,0|0,0|0,0|0,0|0,0|0,0|0,0|0,0|0,0|0,0|0,0|0,0|0,0|0,1|0,0|0,0|0,0|0,0|1,0|0,0|1,0|0,0|0,0|0,0|0,0|0,0|0,0|0,1|0,0|0,0|0,0|0,0|0,0|0,0|0,0|0,0|0,0|0,0|0,0|0,0|0,0|0,0|0,0|0,0|0,0|0,0|0,0|0,0|0,0|0,0|0,0|0,0|0,0|0,0|0,0|0,0|0,0|0,0|0,0|0,0|0
15,78615767,.,G,A,.,PASS,AC=1;AN=5096;DP=9896;AF=0;EAS_AF=0;EUR_AF=0;AFR_AF=0;AMR_AF=0;SAS_AF=0;VT=SNP;NS=2548,GT,0|0,0|0,0|0,0|0,0|0,0|0,0|0,0|0,0|0,0|0,0|0,0|0,0|1,0|0,0|0,0|0,0|0,0|0,0|0,0|0,0|0,0|0,0|0,0|0,0|0,0|0,0|0,0|0,0|0,0|0,0|0,0|0,0|0,0|0,0|0,0|0,0|0,0|0,0|0,0|0,0|0,0|0,0|0,0|0,0|0,0|0,0|0,0|0,0|0,0|0,0|0,0|0,0|0,0|0,0|0,0|0,0|0,0|0,0|0,0|0,0|0,0|0,0|0,0|0,0|0,0|0,0|0,0|0,0|0,0|0,0|0,0|0,0|0,0|0,0|0,0|0,0|0,0|0,0|0,0|0,0|0,0|0,0|0,0|0,0|0,0|0,0|0,0|0,0|0,0|0,0|0,0|0,0|0,0|0,0|0,0|0,0|0,0|0,0|0
15,78615812,.,G,C,.,PASS,AC=2289;AN=5096;DP=11918;AF=0.45;EAS_AF=0.73;EUR_AF=0.24;AFR_AF=0.33;AMR_AF=0.55;SAS_AF=0.47;VT=SNP;NS=2548,GT,0|1,0|1,0|0,1|1,0|1,1|1,1|1,1|1,0|1,0|1,0|0,1|1,0|1,1|1,1|0,0|1,1|0,0|0,1|1,1|0,0|1,1|0,1|1,1|0,1|1,0|1,1|1,1|0,1|1,1|1,1|1,0|0,0|1,1|0,1|1,1|0,0|1,0|0,0|0,0|1,0|0,1|0,1|0,1|0,1|1,0|1,0|0,1|0,0|1,1|1,0|1,0|1,1|1,1|1,1|1,1|1,0|1,1|1,0|1,0|1,1|1,1|0,0|1,1|0,0|0,1|1,1|1,0|0,1|1,0|1,0|1,1|1,1|1,1|1,1|0,1|0,0|1,0|1,1|1,0|1,1|1,1|1,1|1,1|1,0|1,1|0,1|0,1|0,1|1,1|1,1|1,0|1,1|1,0|0,1|0,1|1,1|1,0|1,0|1
15,78615930,.,TG,T,.,PASS,AC=760;AN=5096;DP=12136;AF=0.15;EAS_AF=0.33;EUR_AF=0.02;AFR_AF=0.11;AMR_AF=0.31;SAS_AF=0.03;VT=INDEL;NS=2548,GT,0|1,0|0,0|0,1|0,0|1,0|0,0|1,0|0,0|0,0|1,0|0,1|1,0|0,1|1,0|0,0|0,1|0,0|0,0|0,0|0,0|0,0|0,0|1,1|0,0|1,0|0,1|0,1|0,0|1,1|0,0|1,0|0,0|1,0|0,1|0,1|0,0|0,0|0,0|0,0|0,0|0,0|0,0|0,0|0,0|0,0|1,0|0,0|0,0|0,0|1,0|0,0|0,1|0,0|1,1|0,1|1,0|1,0|1,0|1,0|0,1|1,0|0,0|0,0|0,0|0,1|0,1|0,0|0,1|1,0|1,0|1,1|0,1|0,1|0,1|0,1|0,0|0,0|0,0|1,0|0,1|0,0|1,0|1,1|0,0|1,1|0,0|0,0|0,0|0,1|0,0|0,0|0,0|1,0|0,1|0,0|1,0|0,0|0,0|1
15,78616025,.,A,G,.,PASS,AC=271;AN=5096;DP=12063;AF=0.05;EAS_AF=0.06;EUR_AF=0;AFR_AF=0.14;AMR_AF=0.02;SAS_AF=0;VT=SNP;NS=2548,GT,1|0,0|0,0|0,0|0,0|0,0|0,0|0,0|0,0|0,0|0,1|1,0|0,0|0,0|0,0|0,0|0,0|0,0|1,0|0,0|0,0|0,0|1,0|0,0|0,0|0,0|0,0|0,0|0,0|0,0|0,0|0,1|0,0|0,0|0,0|0,0|0,0|0,0|0,0|0,0|0,0|0,0|0,0|0,0|0,0|0,1|0,0|0,0|0,0|0,0|0,0|0,0|0,0|0,0|0,0|0,0|0,1|0,0|0,0|0,0|0,0|0,0|0,0|0,0|0,1|1,0|0,0|0,0|0,0|0,0|0,0|0,0|0,0|0,0|0,0|1,0|1,0|0,1|0,0|0,0|0,0|0,0|0,0|0,0|0,0|0,0|0,0|1,0|1,0|0,0|0,0|0,0|0,0|0,0|0,0|0,0|0,0|0,0|0,0|0
15,78616092,.,G,GC,.,PASS,AC=5096;AN=5096;DP=11176;AF=1;EAS_AF=1;EUR_AF=1;AFR_AF=1;AMR_AF=1;SAS_AF=1;VT=INDEL;NS=2548,GT,1|1,1|1,1|1,1|1,1|1,1|1,1|1,1|1,1|1,1|1,1|1,1|1,1|1,1|1,1|1,1|1,1|1,1|1,1|1,1|1,1|1,1|1,1|1,1|1,1|1,1|1,1|1,1|1,1|1,1|1,1|1,1|1,1|1,1|1,1|1,1|1,1|1,1|1,1|1,1|1,1|1,1|1,1|1,1|1,1|1,1|1,1|1,1|1,1|1,1|1,1|1,1|1,1|1,1|1,1|1,1|1,1|1,1|1,1|1,1|1,1|1,1|1,1|1,1|1,1|1,1|1,1|1,1|1,1|1,1|1,1|1,1|1,1|1,1|1,1|1,1|1,1|1,1|1,1|1,1|1,1|1,1|1,1|1,1|1,1|1,1|1,1|1,1|1,1|1,1|1,1|1,1|1,1|1,1|1,1|1,1|1,1|1,1|1,1|1
15,78616183,.,T,C,.,PASS,AC=8;AN=5096;DP=11588;AF=0;EAS_AF=0.01;EUR_AF=0;AFR_AF=0;AMR_AF=0;SAS_AF=0;VT=SNP;NS=2548,GT,0|0,0|0,0|0,0|0,0|0,0|0,0|0,0|0,0|0,0|0,0|0,0|0,0|0,0|0,0|0,0|0,0|0,0|0,0|0,0|0,0|0,0|0,0|0,0|0,0|0,0|0,0|0,0|0,0|0,0|0,0|0,0|0,0|0,0|0,0|0,0|0,0|0,0|0,0|0,0|0,0|0,0|0,0|0,0|0,1|0,0|0,0|0,0|0,0|0,0|0,0|0,0|0,0|0,0|0,0|0,0|0,0|0,0|0,0|0,0|0,0|0,0|0,0|0,0|0,0|0,0|0,0|0,0|0,0|0,0|0,0|0,0|0,0|0,0|0,0|0,0|0,0|0,0|0,0|0,0|0,0|0,0|0,1|0,0|0,0|0,0|0,0|0,0|0,0|0,0|0,0|0,0|0,0|0,0|0,0|0,0|0,0|0,0|0,0|0
15,78616209,.,C,T,.,PASS,AC=284;AN=5096;DP=11870;AF=0.06;EAS_AF=0.26;EUR_AF=0;AFR_AF=0;AMR_AF=0;SAS_AF=0.01;VT=SNP;NS=2548,GT,0|0,0|1,0|0,0|1,0|0,1|1,0|0,1|1,0|1,0|0,0|0,0|0,0|0,0|0,0|0,0|1,0|0,0|0,0|0,0|0,0|1,1|0,1|0,0|0,1|0,0|1,0|1,0|0,1|0,0|1,0|0,0|0,0|0,1|0,0|0,0|0,0|1,0|0,0|0,0|1,0|0,0|0,1|0,0|0,1|1,0|0,0|0,1|0,0|1,1|0,0|1,0|0,0|0,0|0,0|0,0|0,0|0,1|0,0|0,0|1,0|0,1|0,0|1,0|0,0|0,0|0,0|1,0|0,0|0,0|0,0|0,0|1,0|1,0|1,0|0,0|0,0|0,0|1,0|0,0|0,0|1,1|0,1|0,0|0,0|0,0|0,1|0,1|0,0|0,0|1,0|0,0|1,0|0,0|0,0|0,1|0,0|1,0|0,0|0
15,78616223,.,C,T,.,PASS,AC=1083;AN=5096;DP=11881;AF=0.21;EAS_AF=0.13;EUR_AF=0.22;AFR_AF=0.13;AMR_AF=0.24;SAS_AF=0.39;VT=SNP;NS=2548,GT,0|0,0|0,0|0,0|0,0|0,0|0,1|0,0|0,0|0,0|0,0|0,0|0,0|1,0|0,1|0,0|0,0|0,0|0,1|1,1|0,0|0,0|0,0|0,0|0,0|0,0|0,0|0,0|0,0|0,0|0,1|0,0|0,0|0,0|0,0|1,0|0,0|0,0|0,0|0,0|0,0|0,1|0,0|0,1|0,0|0,0|0,0|0,0|0,0|0,0|0,0|0,0|1,0|1,1|0,0|1,0|0,0|0,0|0,0|0,0|0,0|0,0|0,0|0,1|0,0|0,0|1,0|0,0|0,0|0,0|0,0|0,0|0,0|0,0|0,0|0,0|0,0|1,0|0,1|0,0|1,0|0,0|0,0|0,0|1,0|0,0|0,0|0,0|0,0|1,0|0,0|1,0|0,1|0,0|0,0|0,0|0,1|0,0|1,0|0
15,78616364,.,C,G,.,PASS,AC=71;AN=5096;DP=9435;AF=0.01;EAS_AF=0.02;EUR_AF=0;AFR_AF=0.03;AMR_AF=0;SAS_AF=0;VT=SNP;NS=2548,GT,0|0,0|0,0|0,0|0,0|0,1|0,0|0,0|0,0|0,0|0,0|0,0|0,0|0,0|0,0|0,0|1,0|0,0|0,0|0,0|0,0|0,0|0,0|0,0|0,0|0,0|0,0|0,0|0,0|0,0|0,0|0,0|0,0|0,0|0,0|0,0|0,0|0,0|0,0|0,0|0,0|0,0|0,1|0,0|0,0|1,0|0,0|0,0|0,0|0,0|0,0|0,0|0,0|0,0|0,0|0,0|0,0|0,0|0,0|0,0|0,0|0,0|0,0|0,0|0,0|0,0|0,0|0,0|0,0|0,0|0,0|0,0|1,0|0,0|0,0|0,0|0,0|0,0|0,0|0,0|0,0|1,0|0,0|0,0|0,0|0,0|0,0|0,0|0,0|0,0|0,0|0,0|0,0|0,0|0,0|0,0|0,0|0,0|0,0|0
15,78616365,.,C,G,.,PASS,AC=17;AN=5096;DP=9507;AF=0;EAS_AF=0;EUR_AF=0;AFR_AF=0.01;AMR_AF=0;SAS_AF=0;VT=SNP;NS=2548,GT,0|0,0|0,0|0,0|0,0|0,0|0,0|0,0|0,0|0,0|0,0|0,0|0,0|0,0|0,0|0,0|0,0|0,0|0,0|0,0|0,0|0,0|0,0|0,0|0,0|0,0|0,0|0,0|0,0|0,0|1,0|0,0|0,0|0,0|0,0|0,0|0,0|0,0|0,0|0,0|0,0|0,0|0,0|0,0|0,0|0,0|0,0|0,0|0,0|0,0|0,0|0,0|0,0|0,0|0,0|0,0|0,0|0,0|0,0|0,0|0,0|0,0|0,0|0,0|0,0|0,0|0,0|0,0|0,0|0,0|0,0|0,0|0,0|0,0|0,0|0,0|0,0|0,0|0,0|0,0|0,0|0,0|0,0|0,0|0,0|0,0|0,0|0,0|0,0|0,0|0,0|0,0|0,0|0,0|0,0|0,0|0,0|0,0|0,0|0
15,78616367,.,C,A,.,PASS,AC=210;AN=5096;DP=9637;AF=0.04;EAS_AF=0.09;EUR_AF=0;AFR_AF=0.08;AMR_AF=0;SAS_AF=0.01;VT=SNP;NS=2548,GT,0|0,0|0,0|0,0|1,0|0,1|0,0|0,0|1,0|0,0|0,0|0,0|0,0|0,0|0,0|0,0|1,0|0,0|0,0|0,0|0,0|0,1|0,0|0,0|0,1|0,0|0,0|1,0|0,0|0,0|0,0|0,0|0,0|0,1|0,0|0,0|0,0|0,0|0,0|0,0|1,0|0,0|0,1|0,0|0,0|1,0|0,0|0,0|0,0|0,0|0,0|0,0|0,0|0,0|0,0|0,0|0,0|0,1|0,0|0,0|0,0|0,1|0,0|1,0|0,0|0,0|0,0|1,0|0,0|0,0|0,0|0,0|1,0|1,0|1,0|0,0|0,0|0,0|0,0|0,0|0,0|1,0|0,0|0,0|0,0|0,0|0,1|0,0|0,0|0,0|0,0|0,0|0,0|0,0|0,0|0,0|0,0|0,0|0,0|0
15,78616464,.,C,A,.,PASS,AC=400;AN=5096;DP=19476;AF=0.08;EAS_AF=0.26;EUR_AF=0;AFR_AF=0.09;AMR_AF=0;SAS_AF=0.01;VT=SNP;NS=2548,GT,0|0,0|1,0|0,0|1,0|0,1|1,0|0,1|1,0|1,0|0,0|0,0|0,0|0,0|0,0|0,0|1,0|0,0|0,0|0,0|0,0|1,1|0,1|0,0|0,1|0,0|1,0|1,0|0,1|0,0|1,0|0,0|0,0|0,1|0,0|0,0|0,0|1,0|0,0|0,0|1,0|0,0|0,1|0,0|0,1|1,0|0,0|0,1|0,0|1,1|0,0|1,0|0,0|0,0|0,0|0,0|0,0|0,1|0,0|0,0|1,0|0,1|0,0|1,0|0,0|0,0|0,0|1,0|0,0|0,0|0,0|0,0|1,0|1,0|1,0|0,0|0,0|0,0|1,0|0,0|0,0|1,1|0,1|0,0|0,0|0,0|0,1|0,1|0,0|0,0|1,0|0,0|1,0|0,0|0,0|0,1|0,0|1,0|0,0|0
15,78616556,.,G,A,.,PASS,AC=252;AN=5096;DP=20850;AF=0.05;EAS_AF=0.23;EUR_AF=0;AFR_AF=0;AMR_AF=0;SAS_AF=0.01;VT=SNP;NS=2548,GT,0|0,0|1,0|0,0|0,0|0,1|1,0|0,1|1,0|1,0|0,0|0,0|0,0|0,0|0,0|0,0|1,0|0,0|0,0|0,0|0,0|1,1|0,1|0,0|0,1|0,0|0,0|1,0|0,1|0,0|1,0|0,0|0,0|0,0|0,0|0,0|0,0|1,0|0,0|0,0|1,0|0,0|0,1|0,0|0,1|1,0|0,0|0,1|0,0|0,1|0,0|0,0|0,0|0,0|0,0|0,0|0,0|0,1|0,0|0,0|1,0|0,1|0,0|1,0|0,0|0,0|0,0|1,0|0,0|0,0|0,0|0,0|1,0|1,0|0,0|0,0|0,0|0,0|1,0|0,0|0,0|1,0|0,1|0,0|0,0|0,0|0,1|0,1|0,0|0,0|1,0|0,0|1,0|0,0|0,0|0,0|0,0|1,0|0,0|0
15,78616728,.,A,G,.,PASS,AC=2307;AN=5096;DP=28253;AF=0.45;EAS_AF=0.73;EUR_AF=0.24;AFR_AF=0.33;AMR_AF=0.56;SAS_AF=0.48;VT=SNP;NS=2548,GT,0|1,0|1,0|0,1|1,0|1,1|1,1|1,1|1,0|1,0|1,0|0,1|1,0|1,1|1,1|0,0|1,1|0,0|0,1|1,1|0,0|1,1|0,1|1,1|0,1|1,0|1,1|1,1|0,1|1,1|1,1|1,0|0,0|1,1|0,1|1,1|0,0|1,0|0,0|0,0|1,0|0,1|0,1|0,1|0,1|1,0|1,0|0,1|0,0|1,1|1,0|1,0|1,1|1,1|1,1|1,1|1,0|1,1|1,0|1,0|1,1|1,1|0,0|1,1|0,0|0,1|1,1|1,0|0,1|1,0|1,0|1,1|1,1|1,1|1,1|0,1|0,0|1,0|1,1|1,0|1,1|1,1|1,1|1,1|1,0|1,1|0,1|0,1|0,1|1,1|1,1|1,0|1,1|1,0|0,1|0,1|1,1|1,0|1,0|1
15,78617016,.,C,G,.,PASS,AC=269;AN=5096;DP=175001;AF=0.05;EAS_AF=0.06;EUR_AF=0;AFR_AF=0.14;AMR_AF=0.02;SAS_AF=0;EX_TARGET;VT=SNP;NS=2548,GT,1|0,0|0,0|0,0|0,0|0,0|0,0|0,0|0,0|0,0|0,1|1,0|0,0|0,0|0,0|0,0|0,0|0,0|1,0|0,0|0,0|0,0|1,0|0,0|0,0|0,0|0,0|0,0|0,0|0,0|0,0|0,1|0,0|0,0|0,0|0,0|0,0|0,0|0,0|0,0|0,0|0,0|0,0|0,0|0,0|0,1|0,0|0,0|0,0|0,0|0,0|0,0|0,0|0,0|0,0|0,0|0,1|0,0|0,0|0,0|0,0|0,0|0,0|0,0|0,1|1,0|0,0|0,0|0,0|0,0|0,0|0,0|0,0|0,0|0,0|1,0|1,0|0,1|0,0|0,0|0,0|0,0|0,0|0,0|0,0|0,0|0,0|1,0|1,0|0,0|0,0|0,0|0,0|0,0|0,0|0,0|0,0|0,0|0,0|0
15,78617110,.,T,C,.,PASS,AC=3229;AN=5096;DP=229103;AF=0.63;EAS_AF=0.55;EUR_AF=0.66;AFR_AF=0.57;AMR_AF=0.8;SAS_AF=0.66;EX_TARGET;VT=SNP;NS=2548,GT,1|1,0|0,0|0,1|0,0|1,0|0,1|1,0|0,0|0,0|1,1|1,1|1,0|1,1|1,1|0,0|0,1|0,0|1,1|1,1|0,0|0,0|1,0|1,1|0,0|1,0|0,1|0,1|0,0|1,1|0,1|1,1|1,0|1,0|0,1|1,1|1,0|0,0|0,0|0,0|0,0|0,1|0,0|0,1|0,0|0,1|1,0|0,0|0,1|0,0|1,0|0,0|1,1|1,1|1,1|1,1|1,1|1,0|1,0|1,0|0,1|1,0|0,0|0,1|0,1|1,1|1,1|0,1|0,1|1,0|1,0|1,1|0,1|0,1|0,1|1,1|1,0|1,1|0,1|1,0|1,1|0,0|1,0|1,1|1,0|1,1|0,0|1,0|1,1|1,1|0,1|1,0|0,1|1,0|0,1|0,0|1,1|0,0|1,0|1
15,78617138,.,G,A,.,PASS,AC=3220;AN=5096;DP=188107;AF=0.63;EAS_AF=0.55;EUR_AF=0.65;AFR_AF=0.57;AMR_AF=0.8;SAS_AF=0.66;EX_TARGET;VT=SNP;NS=2548,GT,1|1,0|0,0|0,1|0,0|1,0|0,1|1,0|0,0|0,0|1,1|1,1|1,0|1,1|1,1|0,0|0,1|0,0|1,1|1,1|0,0|0,0|1,0|1,1|0,0|1,0|0,1|0,1|0,0|1,1|0,1|1,1|1,0|1,0|0,1|1,1|1,0|0,0|0,0|0,0|0,0|0,1|0,0|0,1|0,0|0,1|1,0|0,0|0,1|0,0|1,0|0,0|1,1|1,1|1,1|1,1|1,1|1,0|1,0|1,0|0,1|1,0|0,0|0,1|0,1|1,1|1,1|0,1|0,1|1,0|1,0|1,1|0,1|0,1|0,1|1,1|1,0|1,1|0,1|1,0|1,1|0,0|1,0|1,1|1,0|1,1|0,0|1,0|1,1|1,1|0,1|1,0|0,1|1,0|0,1|0,0|1,1|0,0|1,0|1
15,78617184,.,G,A,.,PASS,AC=2;AN=5096;DP=118176;AF=0;EAS_AF=0;EUR_AF=0;AFR_AF=0;AMR_AF=0;SAS_AF=0;VT=SNP;NS=2548,GT,0|0,0|0,0|0,0|0,0|0,0|0,0|0,0|0,0|0,0|0,0|0,0|0,0|0,0|0,0|0,0|0,0|0,0|0,0|0,0|0,0|0,0|0,0|0,0|0,0|0,0|0,0|0,0|0,0|0,0|0,0|0,0|0,0|0,0|0,0|0,0|0,0|0,0|0,0|0,0|0,0|0,0|0,0|0,0|0,0|0,0|0,0|0,0|0,0|0,0|0,0|0,0|0,0|0,0|0,0|0,0|0,0|0,0|0,0|0,0|0,0|1,0|0,0|0,0|0,0|0,0|0,0|0,0|0,0|0,0|0,0|0,0|0,0|0,0|0,0|0,0|0,0|0,0|0,0|0,0|0,0|0,0|0,0|0,0|0,0|0,0|0,0|0,0|0,0|0,0|0,0|0,0|0,0|0,0|0,0|0,0|0,0|0,0|0,0|0
15,78617197,.,G,T,.,PASS,AC=3148;AN=5096;DP=102768;AF=0.62;EAS_AF=0.55;EUR_AF=0.65;AFR_AF=0.52;AMR_AF=0.8;SAS_AF=0.66;VT=SNP;NS=2548,GT,1|1,0|0,0|0,1|0,0|1,0|0,1|1,0|0,0|0,0|1,1|1,1|1,0|1,1|1,1|0,0|0,1|0,0|1,1|1,1|0,0|0,0|1,0|1,1|0,0|1,0|0,0|0,1|0,0|1,1|0,1|1,1|1,0|1,0|0,1|1,1|1,0|0,0|0,0|0,0|0,0|0,1|0,0|0,1|0,0|0,1|1,0|0,0|0,1|0,0|1,0|0,0|1,1|1,1|1,1|1,1|1,1|1,0|1,0|1,0|0,1|1,0|0,0|0,1|0,1|1,1|1,1|0,1|0,1|1,0|1,0|1,1|0,1|0,1|0,1|1,1|1,0|1,1|0,1|1,0|1,1|0,0|1,0|1,1|1,0|1,1|0,0|1,0|1,1|1,1|0,1|1,0|0,1|1,0|0,1|0,0|1,1|0,0|1,0|1
15,78617916,.,C,T,.,PASS,AC=1870;AN=5096;DP=25590;AF=0.37;EAS_AF=0.47;EUR_AF=0.23;AFR_AF=0.24;AMR_AF=0.52;SAS_AF=0.46;VT=SNP;NS=2548,GT,0|1,0|0,0|0,1|0,0|1,0|0,1|1,0|0,0|0,0|1,0|0,1|1,0|1,1|1,1|0,0|0,1|0,0|0,1|1,1|0,1|0,0|0,0|1,1|0,0|1,0|0,1|0,1|0,0|1,1|0,1|1,0|0,0|1,0|0,1|1,1|0,0|0,0|0,0|0,0|0,0|0,1|0,0|0,1|0,0|0,0|1,0|0,0|0,0|0,0|1,0|0,0|1,1|1,1|1,1|1,1|1,0|1,0|1,0|1,0|0,1|1,0|0,0|0,1|0,0|0,1|1,1|0,0|0,1|1,0|1,0|1,1|0,1|0,1|0,1|0,1|0,0|1,0|0,1|1,0|1,1|0,0|1,0|1,1|1,0|1,1|0,0|0,0|0,1|1,1|0,1|1,0|0,1|1,0|0,1|0,0|1,1|0,0|1,0|1
15,78617925,.,C,A,.,PASS,AC=986;AN=5096;DP=25480;AF=0.19;EAS_AF=0.12;EUR_AF=0.21;AFR_AF=0.08;AMR_AF=0.21;SAS_AF=0.39;VT=SNP;NS=2548,GT,0|0,0|0,0|0,0|0,0|0,0|0,1|0,0|0,0|0,0|0,0|0,0|0,0|1,0|0,1|0,0|0,0|0,0|0,1|1,1|0,0|0,0|0,0|0,0|0,0|0,0|0,0|0,0|0,0|0,0|0,1|0,0|0,0|0,0|0,0|1,0|0,0|0,0|0,0|0,0|0,0|0,1|0,0|0,1|0,0|0,0|0,0|0,0|0,0|0,0|0,0|0,0|1,0|1,1|0,0|1,0|0,0|0,0|0,0|0,0|0,0|0,0|0,0|0,1|0,0|0,0|1,0|0,0|0,0|0,0|0,0|0,0|0,0|0,0|0,0|0,0|0,0|1,0|0,1|0,0|1,0|0,0|0,0|0,0|1,0|0,0|0,0|0,0|0,0|1,0|0,0|1,0|0,1|0,0|0,0|0,0|0,1|0,0|1,0|0
15,78617983,.,C,A,.,PASS,AC=564;AN=5096;DP=24153;AF=0.11;EAS_AF=0.27;EUR_AF=0;AFR_AF=0.2;AMR_AF=0.01;SAS_AF=0.01;VT=SNP;NS=2548,GT,0|0,0|1,0|0,0|1,0|0,1|1,0|0,1|1,0|1,0|0,0|0,0|0,0|0,0|0,0|0,0|1,0|0,0|0,0|0,0|0,0|1,1|0,1|0,0|0,1|0,0|1,0|1,0|0,1|0,0|1,0|0,0|0,0|0,1|0,0|0,0|0,0|1,0|0,0|0,0|1,0|0,0|0,1|0,0|0,1|1,0|0,0|0,1|0,0|1,1|0,0|1,0|0,0|0,0|0,0|0,0|0,0|0,1|0,0|0,0|1,0|0,1|0,0|1,0|0,0|0,0|0,0|1,0|0,0|0,0|0,0|0,0|1,0|1,0|1,0|0,0|0,0|0,0|1,0|0,0|0,0|1,1|0,1|0,0|0,0|0,0|0,1|0,1|0,0|0,0|1,0|0,0|1,0|0,0|0,0|0,1|0,0|1,0|0,0|0
15,78618120,.,A,G,.,PASS,AC=2427;AN=5096;DP=22456;AF=0.48;EAS_AF=0.53;EUR_AF=0.28;AFR_AF=0.54;AMR_AF=0.56;SAS_AF=0.48;VT=SNP;NS=2548,GT,1|1,0|0,0|0,1|0,0|1,0|0,1|1,0|0,0|0,0|1,1|1,1|1,0|1,1|1,1|0,0|0,1|0,0|1,1|1,1|0,0|0,0|1,0|1,1|0,0|1,0|0,1|0,1|0,0|1,1|0,1|1,1|0,0|1,0|0,1|1,1|0,0|0,0|0,0|0,0|0,0|0,1|0,0|0,1|0,0|0,1|1,0|0,0|0,0|0,0|1,0|0,0|1,1|1,1|1,1|1,1|1,1|1,0|1,0|1,0|0,1|1,0|0,0|0,1|0,1|1,1|1,1|0,0|0,1|1,0|1,0|1,1|0,1|0,1|0,1|1,1|1,0|1,1|0,1|1,0|1,1|0,0|1,0|1,1|1,0|1,1|0,0|1,0|1,1|1,1|0,1|1,0|0,1|1,0|0,1|0,0|1,1|0,0|1,0|1
15,78618121,.,G,C,.,PASS,AC=2427;AN=5096;DP=22452;AF=0.48;EAS_AF=0.53;EUR_AF=0.28;AFR_AF=0.54;AMR_AF=0.56;SAS_AF=0.48;VT=SNP;NS=2548,GT,1|1,0|0,0|0,1|0,0|1,0|0,1|1,0|0,0|0,0|1,1|1,1|1,0|1,1|1,1|0,0|0,1|0,0|1,1|1,1|0,0|0,0|1,0|1,1|0,0|1,0|0,1|0,1|0,0|1,1|0,1|1,1|0,0|1,0|0,1|1,1|0,0|0,0|0,0|0,0|0,0|0,1|0,0|0,1|0,0|0,1|1,0|0,0|0,0|0,0|1,0|0,0|1,1|1,1|1,1|1,1|1,1|1,0|1,0|1,0|0,1|1,0|0,0|0,1|0,1|1,1|1,1|0,0|0,1|1,0|1,0|1,1|0,1|0,1|0,1|1,1|1,0|1,1|0,1|1,0|1,1|0,0|1,0|1,1|1,0|1,1|0,0|1,0|1,1|1,1|0,1|1,0|0,1|1,0|0,1|0,0|1,1|0,0|1,0|1
15,78618242,.,G,A,.,PASS,AC=66;AN=5096;DP=26860;AF=0.01;EAS_AF=0.03;EUR_AF=0;AFR_AF=0;AMR_AF=0.04;SAS_AF=0;VT=SNP;NS=2548,GT,0|0,0|0,0|0,0|0,0|1,0|0,0|0,0|0,0|0,0|0,0|0,0|0,0|0,0|0,0|0,0|0,0|0,0|0,0|0,0|0,0|0,0|0,0|0,1|0,0|0,0|0,0|0,0|0,0|0,0|0,0|0,0|0,0|0,0|0,0|0,0|0,0|0,0|0,0|0,0|0,0|0,0|0,0|0,0|0,0|0,0|0,0|0,0|0,0|0,0|0,0|0,0|0,0|0,0|0,0|0,0|0,0|0,0|0,0|0,0|0,0|0,0|0,0|0,0|0,0|0,0|0,0|0,0|0,0|0,0|0,0|0,0|0,0|0,0|0,0|0,0|0,0|0,0|0,0|0,0|0,0|0,0|0,0|0,1|0,0|0,0|0,0|0,0|0,0|0,0|0,0|0,0|0,0|0,0|0,0|0,0|0,0|0,0|0,0|0
15,78618247,.,G,GA,.,PASS,AC=352;AN=5096;DP=27335;AF=0.07;EAS_AF=0.06;EUR_AF=0.04;AFR_AF=0.15;AMR_AF=0.03;SAS_AF=0.02;VT=INDEL;NS=2548,GT,1|0,0|0,0|0,0|0,0|0,0|0,0|0,0|0,0|0,0|0,1|1,0|0,0|0,0|0,0|0,0|0,0|0,0|1,0|0,0|0,0|0,0|1,0|0,0|0,0|0,0|0,0|0,0|0,0|0,0|0,0|0,1|0,0|0,0|0,0|0,0|0,0|0,0|0,0|0,0|1,0|0,0|0,0|0,0|0,0|0,1|0,0|0,0|0,0|0,0|0,0|0,0|0,0|0,0|0,0|0,0|0,1|0,0|0,0|0,0|0,0|0,0|0,0|0,0|0,1|1,0|0,0|0,0|0,0|0,0|0,0|0,0|0,0|0,0|0,0|1,0|1,0|0,1|0,0|0,0|0,0|0,0|0,0|0,0|0,0|0,0|0,0|1,0|1,0|0,0|0,0|0,0|0,0|0,0|0,0|0,0|0,0|0,0|0,0|0
15,78618256,.,C,CT,.,PASS,AC=1896;AN=5096;DP=28491;AF=0.37;EAS_AF=0.47;EUR_AF=0.23;AFR_AF=0.26;AMR_AF=0.52;SAS_AF=0.46;VT=INDEL;NS=2548,GT,0|1,0|0,0|0,1|0,0|1,0|0,1|1,0|0,0|0,0|1,0|0,1|1,0|1,1|1,1|0,0|0,1|0,0|0,1|1,1|0,0|0,0|0,0|1,1|0,0|1,0|0,1|0,1|0,0|1,1|0,1|1,0|0,0|1,0|0,1|1,1|0,0|0,0|0,0|0,0|0,0|0,1|0,0|0,1|0,0|0,0|1,0|0,0|0,0|0,0|1,0|0,0|1,1|1,1|1,1|1,1|1,0|1,0|1,0|1,0|0,1|1,0|0,0|0,1|0,0|0,1|1,1|0,0|0,1|1,0|1,0|1,1|0,1|0,1|0,1|0,1|0,0|1,0|0,1|1,0|1,1|0,0|1,0|1,1|1,0|1,1|0,0|0,0|0,1|1,1|0,1|1,0|0,1|1,0|0,1|0,0|1,1|0,0|1,0|1
15,78618485,.,C,T,.,PASS,AC=9;AN=5096;DP=107573;AF=0;EAS_AF=0;EUR_AF=0;AFR_AF=0;AMR_AF=0;SAS_AF=0.01;VT=SNP;NS=2548,GT,0|0,0|0,0|0,0|0,0|0,0|0,0|0,0|0,0|0,0|0,0|0,0|0,0|0,0|0,0|0,0|0,0|0,0|0,0|0,0|0,0|0,0|0,0|0,0|0,0|0,0|0,0|0,0|0,0|0,0|0,0|0,0|0,0|0,0|0,0|1,0|0,0|0,0|0,0|0,0|0,0|0,0|0,0|0,0|0,0|0,0|0,0|0,0|0,0|0,0|0,0|0,0|0,0|0,0|0,0|0,0|0,0|0,0|0,0|0,0|0,0|0,0|0,0|0,0|0,0|0,0|0,0|0,0|0,0|0,0|0,0|0,0|0,0|0,0|0,0|0,0|0,0|0,0|0,0|0,0|0,0|0,0|0,0|0,0|0,0|0,0|0,0|0,0|0,0|0,0|0,0|0,0|0,0|0,0|0,0|0,0|0,0|0,0|0,0|0
15,78618690,.,G,A,.,PASS,AC=2;AN=5096;DP=272924;AF=0;EAS_AF=0;EUR_AF=0;AFR_AF=0;AMR_AF=0;SAS_AF=0;EX_TARGET;VT=SNP;NS=2548,GT,0|0,0|0,0|0,0|0,0|0,0|0,0|0,0|0,0|0,0|0,0|0,0|0,0|1,0|0,0|0,0|0,0|0,0|0,0|0,0|0,0|0,0|0,0|0,0|0,0|0,0|0,0|0,0|0,0|0,0|0,0|0,0|0,0|0,0|0,0|0,0|0,0|0,0|0,0|0,0|0,0|0,0|0,0|0,0|0,0|0,0|0,0|0,0|0,0|0,0|0,0|0,0|0,0|0,0|0,0|0,0|0,0|0,0|0,0|0,0|0,0|0,0|0,0|0,0|0,0|0,0|0,0|0,0|0,0|0,0|0,0|0,0|0,0|0,0|0,0|0,0|0,0|0,0|0,0|0,0|0,0|0,0|0,0|0,0|0,0|0,0|0,0|0,0|0,0|0,0|0,0|0,0|0,0|0,0|0,0|0,0|0,0|0,0|0,0|0
15,78618696,.,C,CA,.,PASS,AC=359;AN=5096;DP=266443;AF=0.07;EAS_AF=0.06;EUR_AF=0.04;AFR_AF=0.16;AMR_AF=0.03;SAS_AF=0.02;EX_TARGET;VT=INDEL;NS=2548,GT,1|0,0|0,0|0,0|0,0|0,0|0,0|0,0|0,0|0,0|0,1|1,0|0,0|0,0|0,0|0,0|0,0|0,0|1,0|0,0|0,0|0,0|1,0|0,0|0,0|0,0|0,0|0,0|0,0|0,0|0,0|0,1|0,0|0,0|0,0|0,0|0,0|0,0|0,0|0,0|0,0|0,0|0,0|0,0|0,0|0,1|0,0|0,0|0,0|0,0|0,0|0,0|0,0|0,0|0,0|0,0|0,1|0,0|0,0|0,0|0,0|0,0|0,0|0,0|0,1|1,0|0,0|0,0|0,0|0,0|0,0|0,0|0,0|0,0|0,0|1,0|1,0|0,1|0,0|0,0|0,0|0,0|0,0|0,0|0,0|0,0|0,0|1,0|1,0|0,0|0,0|0,0|0,0|0,0|0,0|0,0|0,0|0,0|0,0|0
15,78618737,.,C,T,.,PASS,AC=5;AN=5096;DP=265332;AF=0;EAS_AF=0;EUR_AF=0;AFR_AF=0;AMR_AF=0;SAS_AF=0;EX_TARGET;VT=SNP;NS=2548,GT,0|0,0|0,0|0,0|0,0|0,0|0,0|0,0|0,0|0,0|1,0|0,0|0,0|0,0|0,0|0,0|0,0|0,0|0,0|0,0|0,0|0,0|0,0|0,0|0,0|0,0|0,0|0,0|0,0|0,0|0,0|0,0|0,0|0,0|0,0|0,0|0,0|0,0|0,0|0,0|0,0|0,0|0,0|0,0|0,0|0,0|0,0|0,0|0,0|0,0|0,0|0,0|0,0|0,0|0,0|0,0|0,0|0,0|0,0|0,0|0,0|0,0|0,0|0,0|0,0|0,0|0,0|0,0|0,0|0,0|0,0|0,0|0,0|0,0|0,0|0,0|0,0|0,0|0,0|0,0|0,0|0,0|0,0|0,0|0,0|0,0|0,0|0,0|0,0|0,0|0,0|0,0|0,0|0,0|0,0|0,0|0,0|0,0|0,0|0
15,78618839,.,T,C,.,PASS,AC=1674;AN=5096;DP=263844;AF=0.33;EAS_AF=0.36;EUR_AF=0.42;AFR_AF=0.35;AMR_AF=0.28;SAS_AF=0.21;EX_TARGET;VT=SNP;NS=2548,GT,1|0,0|1,0|0,0|1,0|0,1|1,0|0,1|1,0|1,0|0,1|1,0|0,0|0,0|0,0|0,0|1,0|0,0|1,0|0,0|0,0|1,1|1,1|0,0|0,1|0,0|1,0|1,0|0,1|0,0|1,0|0,1|1,0|0,1|0,0|0,0|1,0|1,0|0,0|0,0|1,0|0,0|0,1|0,0|0,1|1,1|0,0|0,1|0,1|1,1|0,0|1,0|0,0|0,0|0,0|0,0|0,1|0,1|0,0|0,0|1,0|0,1|0,0|1,0|0,1|1,0|0,0|1,1|0,0|0,0|0,0|0,0|1,0|1,0|1,0|1,0|1,0|0,1|1,0|0,0|0,0|1,1|0,1|0,0|0,0|0,0|0,1|1,1|1,0|0,0|1,0|0,0|1,0|0,0|0,0|0,1|0,0|1,0|0,0|0
15,78618874,.,G,A,.,PASS,AC=2;AN=5096;DP=248779;AF=0;EAS_AF=0;EUR_AF=0;AFR_AF=0;AMR_AF=0;SAS_AF=0;EX_TARGET;VT=SNP;NS=2548,GT,0|0,0|0,0|0,0|0,0|0,0|0,0|0,0|0,0|0,0|0,0|0,0|0,0|0,0|0,0|0,1|0,0|0,0|0,0|0,0|0,0|0,0|0,0|0,0|0,0|0,0|0,0|0,0|0,0|0,0|0,0|0,0|0,0|0,0|0,0|0,0|0,0|0,0|0,0|0,0|0,0|0,0|0,0|0,0|0,0|0,0|0,0|0,0|0,0|0,0|0,0|0,0|0,0|0,0|0,0|0,0|0,0|0,0|0,0|0,0|0,0|0,0|0,0|0,0|0,0|0,0|0,0|0,0|0,0|0,0|0,0|0,0|0,0|0,0|0,0|0,0|0,0|0,0|0,0|0,0|0,0|0,0|0,0|0,0|0,0|0,0|0,0|0,0|0,0|0,0|0,0|0,0|0,0|0,0|0,0|0,0|0,0|0,0|0,0|0
15,78618919,.,T,C,.,PASS,AC=5029;AN=5096;DP=201013;AF=0.99;EAS_AF=1;EUR_AF=1;AFR_AF=0.95;AMR_AF=0.99;SAS_AF=1;EX_TARGET;VT=SNP;NS=2548,GT,1|1,1|1,1|1,1|1,1|1,1|1,1|1,1|1,1|1,1|1,1|1,1|1,1|1,1|1,1|1,1|1,1|1,1|1,1|1,1|1,1|1,1|1,1|1,1|1,1|1,1|1,1|1,1|1,1|1,1|1,1|1,1|1,1|1,1|1,1|1,1|1,1|1,1|1,1|1,1|1,1|1,1|1,1|1,1|1,1|1,1|1,1|1,1|1,1|1,1|1,1|1,1|1,1|1,1|1,1|1,1|1,1|1,1|1,1|1,1|1,1|1,1|1,1|1,1|1,1|1,1|1,1|1,1|1,1|1,1|1,1|1,1|1,1|1,1|1,1|1,1|1,1|1,1|1,1|1,1|1,1|1,1|1,1|1,1|1,1|1,1|1,1|1,1|1,1|1,1|1,1|1,1|1,1|1,1|1,1|1,1|1,1|1,1|1,1|1
15,78619328,.,C,A,.,PASS,AC=4;AN=5096;DP=27086;AF=0;EAS_AF=0;EUR_AF=0;AFR_AF=0;AMR_AF=0;SAS_AF=0;VT=SNP;NS=2548,GT,0|0,0|0,0|0,0|0,0|0,1|0,0|0,0|0,0|0,0|0,0|0,0|0,0|0,0|0,0|0,0|0,0|0,0|0,0|0,0|0,0|0,0|0,0|0,0|0,0|0,0|0,0|0,0|0,0|0,0|0,0|0,0|0,0|0,0|0,0|0,0|0,0|0,0|0,0|0,0|0,0|0,0|0,0|0,0|0,0|0,0|0,0|0,0|0,0|0,0|0,0|0,0|0,0|0,0|0,0|0,0|0,0|0,0|0,0|0,0|0,0|0,0|0,0|0,0|0,0|0,0|0,0|0,0|0,0|0,0|0,0|0,0|0,0|0,0|0,0|0,0|0,0|0,0|0,0|0,0|0,0|0,0|0,0|0,0|0,0|0,0|0,0|0,0|0,0|0,0|0,0|0,0|0,0|0,0|0,0|0,0|0,0|0,0|0,0|0
15,78619330,.,G,C,.,PASS,AC=1305;AN=5096;DP=26909;AF=0.26;EAS_AF=0.3;EUR_AF=0.37;AFR_AF=0.18;AMR_AF=0.25;SAS_AF=0.19;VT=SNP;NS=2548,GT,0|0,0|1,0|0,0|1,0|0,1|1,0|0,1|1,0|1,0|0,0|0,0|0,0|0,0|0,0|0,0|1,0|0,0|0,0|0,0|0,0|1,1|0,1|0,0|0,1|0,0|1,0|1,0|0,1|0,0|1,0|0,0|1,0|0,1|0,0|0,0|1,0|1,0|0,0|0,0|1,0|0,0|0,1|0,0|0,1|1,0|0,0|0,1|0,1|1,1|0,0|1,0|0,0|0,0|0,0|0,0|0,0|0,1|0,0|0,0|1,0|0,1|0,0|1,0|0,0|0,0|0,0|1,1|0,0|0,0|0,0|0,0|1,0|1,0|1,0|0,0|0,0|0,0|1,0|0,0|0,0|1,1|0,1|0,0|0,0|0,0|0,1|0,1|0,0|0,0|1,0|0,0|1,0|0,0|0,0|0,1|0,0|1,0|0,0|0
15,78619438,.,G,A,.,PASS,AC=1075;AN=5096;DP=22849;AF=0.21;EAS_AF=0.17;EUR_AF=0.35;AFR_AF=0.06;AMR_AF=0.18;SAS_AF=0.32;VT=SNP;NS=2548,GT,0|0,1|0,1|1,0|0,1|0,0|0,0|0,0|0,1|0,1|0,0|0,0|0,1|0,0|0,0|1,1|0,0|1,1|0,0|0,0|1,1|0,0|0,0|0,0|1,0|0,1|0,0|0,0|1,0|0,0|0,0|0,0|0,1|0,0|1,0|0,0|0,1|0,1|1,1|1,1|0,1|1,0|1,0|1,0|1,0|0,0|0,1|1,0|1,0|0,0|0,1|0,1|0,0|0,0|0,0|0,0|0,0|0,0|0,1|0,1|0,0|0,0|1,1|0,0|1,0|0,0|0,0|0,0|1,0|0,1|0,1|0,0|0,0|0,0|0,0|0,0|0,1|0,0|0,0|0,1|0,0|0,0|0,0|0,0|0,1|0,0|1,0|0,0|0,0|0,0|0,0|0,1|0,0|0,1|1,0|1,0|0,0|0,1|0,1|0
15,78619540,.,C,T,.,PASS,AC=3;AN=5096;DP=20600;AF=0;EAS_AF=0;EUR_AF=0;AFR_AF=0;AMR_AF=0;SAS_AF=0;VT=SNP;NS=2548,GT,0|0,0|0,0|0,0|0,0|0,0|0,0|0,0|0,0|0,0|0,0|0,0|0,0|0,0|0,0|0,0|0,0|0,0|0,0|0,0|0,0|0,0|0,0|0,0|0,0|0,0|0,0|0,0|0,0|0,0|0,0|0,0|0,0|0,0|0,0|0,0|0,1|0,0|0,0|0,0|0,0|0,0|0,0|0,0|0,0|0,0|0,0|0,0|0,0|0,0|0,0|0,0|0,0|0,0|0,0|0,0|0,0|0,0|0,0|0,0|0,0|0,0|0,0|0,0|0,0|0,0|0,0|0,0|0,0|0,0|0,0|0,0|0,0|0,0|0,0|0,0|0,0|0,0|0,0|0,1|0,0|0,0|0,0|0,0|0,0|0,0|0,0|0,0|0,0|0,0|0,0|0,0|0,0|0,0|0,0|0,0|0,0|0,0|0,0|0
15,78619661,.,G,C,.,PASS,AC=3724;AN=5096;DP=22614;AF=0.73;EAS_AF=0.83;EUR_AF=0.61;AFR_AF=0.77;AMR_AF=0.79;SAS_AF=0.66;VT=SNP;NS=2548,GT,1|1,0|1,0|0,1|1,0|1,1|1,1|1,1|1,0|1,0|1,1|1,1|1,0|1,1|1,1|0,0|1,1|0,0|1,1|1,1|0,0|1,1|1,1|1,1|0,1|1,0|1,1|1,1|0,1|1,1|1,1|1,1|1,0|1,1|0,1|1,1|1,0|1,0|0,0|0,0|1,0|0,1|0,1|0,1|0,1|1,1|1,0|0,1|0,1|1,1|1,0|1,0|1,1|1,1|1,1|1,1|1,1|1,1|1,0|1,0|1,1|1,1|0,0|1,1|0,1|1,1|1,1|1,1|0,1|1,0|1,0|1,1|1,1|1,1|1,1|1,1|1,0|1,1|1,1|1,0|1,1|1,1|1,1|1,1|1,0|1,1|0,1|1,1|1,1|1,1|1,1|1,0|1,1|1,0|0,1|0,1|1,1|1,0|1,0|1
15,78619861,.,C,T,.,PASS,AC=2980;AN=5096;DP=20013;AF=0.58;EAS_AF=0.5;EUR_AF=0.6;AFR_AF=0.5;AMR_AF=0.77;SAS_AF=0.64;VT=SNP;NS=2548,GT,0|1,0|0,0|0,1|0,0|1,0|0,1|1,0|0,0|0,0|1,0|0,1|1,0|1,1|1,1|0,0|0,1|0,0|0,1|1,1|0,0|0,0|0,0|1,1|0,0|1,0|0,1|0,1|0,0|1,1|0,1|1,0|1,0|1,0|0,1|1,1|1,0|0,0|0,0|0,0|0,0|0,1|0,0|0,1|0,0|0,0|1,0|0,0|0,1|0,0|1,0|0,0|1,1|1,1|1,1|1,1|1,0|1,0|1,0|1,0|0,1|1,0|0,0|0,1|0,0|0,1|1,1|0,1|0,1|1,0|1,0|1,1|0,1|0,1|0,1|0,1|0,0|1,0|0,1|1,0|1,1|0,0|1,0|1,1|1,0|1,1|0,0|0,0|0,0|1,1|0,1|1,0|0,1|1,0|0,1|0,0|1,1|0,0|1,0|1
15,78619862,.,A,C,.,PASS,AC=3424;AN=5096;DP=20080;AF=0.67;EAS_AF=0.77;EUR_AF=0.6;AFR_AF=0.61;AMR_AF=0.77;SAS_AF=0.65;VT=SNP;NS=2548,GT,0|1,0|1,0|0,1|1,0|1,1|1,1|1,1|1,0|1,0|1,0|0,1|1,0|1,1|1,1|0,0|1,1|0,0|0,1|1,1|0,0|1,1|0,1|1,1|0,1|1,0|1,1|1,1|0,1|1,1|1,1|1,0|1,0|1,1|0,1|1,1|1,0|1,0|0,0|0,0|1,0|0,1|0,1|0,1|0,1|1,0|1,0|0,1|0,1|1,1|1,0|1,0|1,1|1,1|1,1|1,1|1,0|1,1|1,0|1,0|1,1|1,1|0,0|1,1|0,0|0,1|1,1|1,1|0,1|1,0|1,0|1,1|1,1|1,1|1,1|0,1|0,0|1,0|1,1|1,0|1,1|1,1|1,1|1,1|1,0|1,1|0,1|0,1|0,0|1,1|1,1|1,0|1,1|1,0|0,1|0,1|1,1|1,0|1,0|1
15,78619936,.,C,G,.,PASS,AC=3279;AN=5096;DP=19309;AF=0.64;EAS_AF=0.77;EUR_AF=0.6;AFR_AF=0.51;AMR_AF=0.77;SAS_AF=0.65;VT=SNP;NS=2548,GT,0|1,0|1,0|0,1|1,0|1,1|1,1|1,1|1,0|1,0|1,0|0,1|1,0|1,1|1,1|0,0|1,1|0,0|0,1|1,1|0,0|1,1|0,1|1,1|0,1|1,0|1,1|1,1|0,1|1,1|1,1|1,0|1,0|1,1|0,1|1,1|1,0|1,0|0,0|0,0|1,0|0,1|0,1|0,1|0,1|1,0|1,0|0,1|0,1|1,1|1,0|1,0|1,1|1,1|1,1|1,1|1,0|1,1|1,0|1,0|1,1|1,1|0,0|1,1|0,0|0,1|1,1|1,1|0,1|1,0|1,0|1,1|1,1|1,1|1,1|0,1|0,0|1,0|1,1|1,0|1,1|1,1|1,1|1,1|1,0|1,1|0,1|0,1|0,0|1,1|1,1|1,0|1,1|1,0|0,1|0,1|1,1|1,0|1,0|1
15,78620079,.,C,T,.,PASS,AC=35;AN=5096;DP=17327;AF=0.01;EAS_AF=0.03;EUR_AF=0;AFR_AF=0;AMR_AF=0;SAS_AF=0;VT=SNP;NS=2548,GT,0|0,0|0,0|0,0|1,0|0,0|0,0|0,0|0,0|0,0|0,0|0,0|0,0|0,0|0,0|0,0|0,0|0,0|0,0|0,0|0,0|0,0|0,0|0,0|0,0|0,0|0,0|0,0|0,0|0,0|0,0|0,0|0,0|0,0|0,0|0,0|0,0|1,0|0,0|0,0|0,0|0,0|0,0|0,0|0,0|0,0|0,0|0,0|0,0|0,0|0,0|0,0|0,0|0,0|0,0|0,0|0,0|0,0|0,0|0,0|0,0|0,0|0,0|0,0|0,0|0,0|0,0|0,0|0,0|0,0|0,0|0,0|0,0|0,0|1,0|0,0|0,0|0,0|0,0|0,0|0,0|0,0|0,0|0,0|0,0|0,0|0,0|0,0|0,0|0,0|0,0|0,0|0,0|0,0|0,0|0,0|0,0|1,0|0,0|0
15,78620130,.,C,A,.,PASS,AC=208;AN=5096;DP=16442;AF=0.04;EAS_AF=0.05;EUR_AF=0.09;AFR_AF=0;AMR_AF=0.05;SAS_AF=0.02;VT=SNP;NS=2548,GT,0|0,0|0,0|0,0|0,0|0,0|0,0|0,0|0,0|0,0|0,0|0,0|0,0|0,0|0,0|0,0|0,0|0,0|0,0|0,0|0,0|0,0|0,0|0,0|0,0|0,0|0,0|0,0|0,0|0,0|0,0|0,0|0,0|0,0|0,0|0,0|0,0|0,0|0,0|0,0|0,0|0,0|0,0|0,0|0,0|0,0|0,0|0,0|0,0|0,0|0,0|0,0|1,0|0,0|0,0|1,0|0,0|0,0|0,0|0,0|0,0|0,0|0,0|0,0|0,0|0,0|0,0|0,0|0,0|0,0|0,0|0,0|0,0|0,0|0,0|0,0|0,0|1,0|0,1|0,0|0,0|0,0|0,0|0,0|1,0|0,0|0,0|0,0|0,0|1,0|0,0|0,0|0,1|0,0|0,0|0,0|0,1|0,0|0,0|0
15,78620272,.,C,T,.,PASS,AC=6;AN=5096;DP=18443;AF=0;EAS_AF=0.01;EUR_AF=0;AFR_AF=0;AMR_AF=0;SAS_AF=0;VT=SNP;NS=2548,GT,0|0,0|0,0|0,0|0,0|0,0|0,0|0,0|0,0|0,0|0,0|0,0|0,0|0,0|0,0|0,0|0,0|0,0|0,0|0,0|0,0|0,0|0,0|0,0|0,0|0,0|0,0|0,0|1,0|0,0|0,0|0,0|0,0|0,0|0,0|0,0|0,0|0,0|0,0|0,0|0,0|0,0|0,0|0,0|0,0|0,0|0,0|0,0|0,0|0,0|0,0|0,0|0,0|0,0|0,0|0,0|0,0|0,0|0,0|0,0|0,0|0,0|0,0|0,0|0,0|0,0|0,0|0,0|0,0|0,0|0,0|0,0|0,0|0,0|0,0|0,0|0,0|0,0|0,0|0,0|0,0|0,0|0,0|0,0|0,0|0,0|0,0|0,0|0,0|0,0|0,0|0,0|0,0|0,0|0,0|1,0|0,0|0,0|0,0|0
15,78620364,.,C,A,.,PASS,AC=272;AN=5096;DP=16749;AF=0.05;EAS_AF=0.06;EUR_AF=0;AFR_AF=0.14;AMR_AF=0.02;SAS_AF=0;VT=SNP;NS=2548,GT,1|0,0|0,0|0,0|0,0|0,0|0,0|0,0|0,0|0,0|0,1|1,0|0,0|0,0|0,0|0,0|0,0|0,0|1,0|0,0|0,0|0,0|1,0|0,0|0,0|0,0|0,0|0,0|0,0|0,0|0,0|0,1|0,0|0,0|0,0|0,0|0,0|0,0|0,0|0,0|0,0|0,0|0,0|0,0|0,0|0,1|0,0|0,0|0,0|0,0|0,0|0,0|0,0|0,0|0,0|0,0|0,1|0,0|0,0|0,0|0,0|0,0|0,0|0,0|0,1|1,0|0,0|0,0|0,0|0,0|0,0|0,0|0,0|0,0|0,0|1,0|1,0|0,1|0,0|0,0|0,0|0,0|0,0|0,0|0,0|0,0|0,0|1,0|1,1|0,0|0,0|0,0|0,0|0,0|0,0|0,0|0,0|0,0|0,0|0
15,78620601,.,G,A,.,PASS,AC=1855;AN=5096;DP=14390;AF=0.36;EAS_AF=0.47;EUR_AF=0.23;AFR_AF=0.24;AMR_AF=0.52;SAS_AF=0.46;EX_TARGET;VT=SNP;NS=2548,GT,0|1,0|0,0|0,1|0,0|1,0|0,1|1,0|0,0|0,0|1,0|0,1|1,0|1,1|1,1|0,0|0,1|0,0|0,1|1,1|0,0|0,0|0,0|1,1|0,0|1,0|0,1|0,1|0,0|1,1|0,1|1,0|0,0|1,0|0,1|1,1|0,0|0,0|0,0|0,0|0,0|0,1|0,0|0,1|0,0|0,0|1,0|0,0|0,0|0,0|1,0|0,0|1,1|1,1|1,1|1,1|1,0|1,0|1,0|1,0|0,1|1,0|0,0|0,1|0,0|0,1|1,1|0,0|0,1|1,0|1,0|1,1|0,1|0,1|0,1|0,1|0,0|1,0|0,1|1,0|1,1|0,0|1,0|1,1|1,0|1,1|0,0|0,0|0,0|1,1|0,1|1,0|0,1|1,0|0,1|0,0|1,1|0,0|1,0|1
15,78620702,.,T,C,.,PASS,AC=805;AN=5096;DP=15224;AF=0.16;EAS_AF=0.33;EUR_AF=0.04;AFR_AF=0.27;AMR_AF=0.04;SAS_AF=0.03;EX_TARGET;VT=SNP;NS=2548,GT,1|0,0|1,0|0,0|1,0|0,1|1,0|0,1|1,0|1,0|0,1|1,0|0,0|0,0|0,0|0,0|1,0|0,0|1,0|0,0|0,0|1,1|1,1|0,0|0,1|0,0|1,0|1,0|0,1|0,0|1,0|0,1|0,0|0,1|0,0|0,0|0,0|1,0|0,0|0,0|1,0|0,0|0,1|0,0|0,1|1,1|0,0|0,1|0,0|1,1|0,0|1,0|0,0|0,0|0,0|0,0|0,1|0,1|0,0|0,0|1,0|0,1|1,0|1,0|0,1|1,0|0,0|1,0|0,0|0,0|0,0|0,0|1,0|1,0|1,0|1,0|1,0|0,1|1,0|0,0|0,0|1,1|0,1|0,0|0,0|0,0|0,1|1,1|1,1|0,0|1,0|0,0|1,0|0,0|0,0|0,1|0,0|1,0|0,0|0
15,78620789,.,G,A,.,PASS,AC=288;AN=5096;DP=11361;AF=0.06;EAS_AF=0.27;EUR_AF=0;AFR_AF=0;AMR_AF=0;SAS_AF=0.01;EX_TARGET;VT=SNP;NS=2548,GT,0|0,0|1,0|0,0|1,0|0,1|1,0|0,1|1,0|1,0|0,0|0,0|0,0|0,0|0,0|0,0|1,0|0,0|0,0|0,0|0,0|1,1|0,1|0,0|0,1|0,0|1,0|1,0|0,1|0,0|1,0|0,0|0,0|0,1|0,0|0,0|0,0|1,0|0,0|0,0|1,0|0,0|0,1|0,0|0,1|1,0|0,0|0,1|0,0|1,1|0,0|1,0|0,0|0,0|0,0|0,0|0,0|0,1|0,0|0,0|1,0|0,0|1,0|1,0|0,0|0,0|0,0|1,0|0,0|0,0|0,0|0,0|1,0|1,0|1,0|0,0|0,0|0,0|1,0|0,0|0,0|1,1|0,1|0,0|0,0|0,0|0,1|0,1|0,0|0,0|1,0|0,0|1,0|0,0|0,0|0,1|0,0|1,0|0,0|0
15,78620965,.,G,C,.,PASS,AC=5;AN=5096;DP=9383;AF=0;EAS_AF=0;EUR_AF=0;AFR_AF=0;AMR_AF=0;SAS_AF=0;VT=SNP;NS=2548,GT,0|0,0|0,0|0,0|0,0|0,0|0,0|0,0|0,0|0,0|0,0|0,0|0,0|0,0|0,0|0,0|0,0|0,0|0,0|0,1|0,0|0,0|0,0|0,0|0,0|0,0|0,0|0,0|0,0|0,0|0,0|0,0|0,0|0,0|0,0|0,0|0,0|0,0|0,0|0,0|0,0|0,0|0,0|0,0|0,0|0,0|0,0|0,0|0,0|0,0|0,0|0,0|0,0|0,0|0,0|0,0|0,0|0,0|0,0|0,0|0,0|0,0|0,0|0,0|0,0|0,0|0,0|0,0|0,0|0,0|0,0|0,0|0,0|0,0|0,0|0,0|0,0|0,0|0,0|0,0|0,0|0,0|0,0|0,0|0,0|0,0|0,0|0,0|0,0|0,0|0,0|0,0|0,0|0,0|0,0|0,0|0,0|0,0|0,0|0
15,78620974,.,G,A,.,PASS,AC=2;AN=5096;DP=9230;AF=0;EAS_AF=0;EUR_AF=0;AFR_AF=0;AMR_AF=0;SAS_AF=0;VT=SNP;NS=2548,GT,0|0,0|0,0|0,0|0,0|0,0|0,0|0,0|0,0|0,0|0,0|0,0|0,0|0,0|0,0|0,1|0,0|0,0|0,0|0,0|0,0|0,0|0,0|0,0|0,0|0,0|0,0|0,0|0,0|0,0|0,0|0,0|0,0|0,0|0,0|0,0|0,0|0,0|0,0|0,0|0,0|0,0|0,0|0,0|0,0|0,0|0,0|0,0|0,0|0,0|0,0|0,0|0,0|0,0|0,0|0,0|0,0|0,0|0,0|0,0|0,0|0,0|0,0|0,0|0,0|0,0|0,0|0,0|0,0|0,0|0,0|0,0|0,0|0,0|0,0|0,0|0,0|0,0|0,0|0,0|0,0|0,0|0,0|0,0|0,0|0,0|0,0|0,0|0,0|0,0|0,0|0,0|0,0|0,0|0,0|0,0|0,0|0,0|0,0|0
