#CHROM,POS,ID,REF,ALT,QUAL,FILTER,INFO,FORMAT,HG01595,HG01596,HG01597,HG01598,HG01599,HG01600,HG01840,HG01841,HG01842,HG01843,HG01844,HG01845,HG01846,HG01847,HG01848,HG01849,HG01850,HG01851,HG01852,HG01853,HG01855,HG01857,HG01858,HG01859,HG01860,HG01861,HG01862,HG01863,HG01864,HG01865,HG01866,HG01867,HG01868,HG01869,HG01870,HG01871,HG01872,HG01873,HG01874,HG01878,HG02016,HG02017,HG02019,HG02020,HG02023,HG02025,HG02026,HG02028,HG02029,HG02031,HG02032,HG02035,HG02040,HG02047,HG02048,HG02049,HG02050,HG02057,HG02058,HG02060,HG02061,HG02064,HG02067,HG02069,HG02070,HG02072,HG02073,HG02075,HG02076,HG02078,HG02079,HG02081,HG02082,HG02084,HG02085,HG02086,HG02087,HG02088,HG02113,HG02116,HG02121,HG02122,HG02127,HG02128,HG02130,HG02131,HG02133,HG02134,HG02136,HG02137,HG02138,HG02139,HG02140,HG02141,HG02142,HG02512,HG02513,HG02521,HG02522
2,74361892,.,A,G,.,PASS,AC=1028;AN=5096;DP=95945;AF=0.2;EAS_AF=0.43;EUR_AF=0.12;AFR_AF=0.12;AMR_AF=0.13;SAS_AF=0.22;VT=SNP;NS=2548,GT,1|1,0|0,0|0,1|0,1|0,0|0,0|0,0|1,0|0,0|0,0|1,1|1,0|0,1|1,0|1,0|1,0|1,0|0,0|1,1|0,0|0,1|0,0|0,0|1,0|1,0|1,0|0,0|0,0|0,0|0,0|0,0|0,0|1,0|0,0|1,0|0,1|0,0|0,1|0,0|1,0|0,0|0,0|0,1|1,0|1,1|1,1|0,0|0,0|0,0|0,1|0,0|0,1|0,0|0,1|0,0|0,1|0,0|1,0|0,0|0,0|0,0|0,1|1,0|0,0|0,1|0,0|0,0|0,0|0,0|1,1|0,1|0,1|0,0|0,1|0,0|0,0|1,0|1,1|0,1|0,0|0,0|1,1|0,1|0,1|0,1|1,1|0,1|1,1|0,1|0,1|0,1|0,1|1,0|0,0|1,0|1,0|1,0|0,1|0
2,74361928,.,A,G,.,PASS,AC=3;AN=5096;DP=121803;AF=0;EAS_AF=0;EUR_AF=0;AFR_AF=0;AMR_AF=0;SAS_AF=0;VT=SNP;NS=2548,GT,0|0,0|0,0|0,0|0,0|0,0|0,0|0,0|0,0|0,0|0,0|0,0|0,0|0,0|0,0|0,0|0,0|0,0|0,0|0,0|0,0|0,0|0,1|0,0|0,0|0,0|0,0|0,0|0,0|0,0|0,0|0,0|0,0|0,0|0,0|0,0|0,0|0,0|0,0|0,0|0,0|0,0|0,0|0,0|0,0|0,0|0,0|0,0|0,0|0,0|0,0|0,0|0,0|0,0|0,0|0,0|0,0|0,0|0,0|0,0|0,0|0,0|0,0|0,0|0,0|0,0|0,0|0,0|0,0|0,0|0,0|0,0|0,0|0,0|0,0|0,0|0,0|0,0|0,0|0,0|0,0|0,0|0,0|0,0|0,0|0,0|0,0|0,0|0,0|0,0|0,0|0,0|0,0|0,0|0,0|0,0|0,0|0,0|0,0|0
2,74362122,.,G,A,.,PASS,AC=1;AN=5096;DP=324181;AF=0;EAS_AF=0;EUR_AF=0;AFR_AF=0;AMR_AF=0;SAS_AF=0;EX_TARGET;VT=SNP;NS=2548,GT,0|0,0|0,0|0,0|0,0|0,0|0,0|0,0|0,0|0,0|0,0|0,0|0,0|0,0|0,0|0,0|0,0|0,0|0,0|0,0|0,0|0,0|0,0|0,0|0,0|0,0|0,0|0,0|0,0|0,0|0,0|0,0|0,0|0,0|0,0|0,0|0,0|0,0|0,0|0,0|0,0|0,0|0,0|0,0|0,0|0,0|0,0|0,0|0,0|0,0|0,0|0,0|0,0|0,0|0,0|0,0|0,0|0,0|0,0|0,0|0,0|0,0|0,0|0,0|0,0|0,0|0,0|0,0|0,0|0,0|0,0|0,0|0,0|0,0|0,0|0,0|0,0|0,0|0,0|0,0|0,0|0,0|0,0|0,0|0,0|0,0|0,1|0,0|0,0|0,0|0,0|0,0|0,0|0,0|0,0|0,0|0,0|0,0|0,0|0
2,74362161,.,G,C,.,PASS,AC=891;AN=5096;DP=240765;AF=0.17;EAS_AF=0.39;EUR_AF=0.02;AFR_AF=0.23;AMR_AF=0.16;SAS_AF=0.05;VT=SNP;NS=2548,GT,0|0,1|1,0|0,0|1,0|0,1|1,1|1,1|0,0|1,1|1,0|0,0|0,1|1,0|0,1|0,1|0,1|0,0|1,1|0,0|1,1|1,0|1,1|1,1|0,0|0,1|0,1|1,1|1,1|1,1|1,1|1,1|1,0|0,1|1,1|0,0|0,0|1,1|0,0|0,0|0,0|1,1|0,1|1,0|0,1|0,0|0,0|1,0|1,1|1,1|1,0|1,1|1,0|0,1|1,0|1,1|0,0|0,1|0,1|0,1|1,1|1,1|1,0|0,1|0,1|1,0|0,0|1,1|0,0|1,0|0,0|0,0|1,0|1,1|0,0|0,1|1,1|0,0|0,0|0,0|1,0|1,1|0,0|1,0|0,0|0,0|0,0|1,0|0,0|0,0|0,0|1,0|1,0|0,0|0,1|0,0|0,1|0,1|1,0|0
2,74362503,.,G,A,.,PASS,AC=1;AN=5096;DP=63794;AF=0;EAS_AF=0;EUR_AF=0;AFR_AF=0;AMR_AF=0;SAS_AF=0;VT=SNP;NS=2548,GT,0|0,0|0,0|0,0|0,0|0,0|0,0|1,0|0,0|0,0|0,0|0,0|0,0|0,0|0,0|0,0|0,0|0,0|0,0|0,0|0,0|0,0|0,0|0,0|0,0|0,0|0,0|0,0|0,0|0,0|0,0|0,0|0,0|0,0|0,0|0,0|0,0|0,0|0,0|0,0|0,0|0,0|0,0|0,0|0,0|0,0|0,0|0,0|0,0|0,0|0,0|0,0|0,0|0,0|0,0|0,0|0,0|0,0|0,0|0,0|0,0|0,0|0,0|0,0|0,0|0,0|0,0|0,0|0,0|0,0|0,0|0,0|0,0|0,0|0,0|0,0|0,0|0,0|0,0|0,0|0,0|0,0|0,0|0,0|0,0|0,0|0,0|0,0|0,0|0,0|0,0|0,0|0,0|0,0|0,0|0,0|0,0|0,0|0,0|0
2,74362535,.,C,T,.,PASS,AC=19;AN=5096;DP=78164;AF=0;EAS_AF=0.02;EUR_AF=0;AFR_AF=0;AMR_AF=0;SAS_AF=0;VT=SNP;NS=2548,GT,0|1,0|0,0|0,0|0,0|0,0|0,0|0,0|0,0|0,0|0,0|0,0|1,0|0,0|0,0|0,0|0,0|0,0|0,0|0,0|0,0|0,0|0,0|0,0|0,0|0,0|0,0|0,0|0,0|0,0|0,0|0,0|0,0|0,0|0,0|0,0|0,0|0,0|0,0|0,0|0,0|0,0|0,0|0,0|0,0|0,0|0,0|0,0|0,0|0,0|0,0|0,0|0,0|0,0|0,1|0,0|0,0|0,0|0,0|0,0|0,0|0,0|0,0|0,0|0,0|0,0|0,0|0,0|0,0|0,0|0,0|0,0|0,0|0,0|0,0|0,0|0,0|0,0|0,0|0,0|0,0|0,0|0,0|0,0|0,0|0,0|0,0|0,0|0,0|0,0|0,0|0,0|0,0|0,0|0,0|0,0|0,0|0,0|0,0|0
2,74362770,.,G,T,.,PASS,AC=886;AN=5096;DP=132843;AF=0.17;EAS_AF=0.39;EUR_AF=0.02;AFR_AF=0.23;AMR_AF=0.16;SAS_AF=0.05;VT=SNP;NS=2548,GT,0|0,1|1,0|0,0|1,0|0,1|1,1|1,1|0,0|1,1|1,0|0,0|0,1|1,0|0,1|0,1|0,1|0,0|1,1|0,0|1,1|1,0|1,1|1,1|0,0|0,1|0,1|1,1|1,1|1,1|1,1|1,1|1,0|0,1|1,1|0,0|0,0|1,1|0,0|0,0|0,0|1,1|0,1|1,0|0,1|0,0|0,0|1,0|1,1|1,1|1,0|1,1|1,0|0,1|1,0|1,1|0,0|0,1|0,1|0,1|1,1|1,1|1,0|0,1|0,1|1,0|0,0|1,1|0,0|1,0|0,0|0,0|1,0|1,1|0,0|0,1|1,1|0,0|0,0|0,0|1,0|1,1|0,0|1,0|0,0|0,0|0,0|1,0|0,0|0,0|0,0|1,0|1,0|0,0|0,1|0,0|0,1|0,1|1,0|0
2,74362910,.,G,C,.,PASS,AC=1;AN=5096;DP=116798;AF=0;EAS_AF=0;EUR_AF=0;AFR_AF=0;AMR_AF=0;SAS_AF=0;VT=SNP;NS=2548,GT,0|0,0|0,0|0,0|0,0|0,0|0,0|0,0|0,0|0,0|0,0|0,0|0,0|0,0|0,0|0,0|0,0|0,0|0,0|0,0|0,0|0,0|0,0|0,0|0,0|0,0|0,0|0,0|0,0|0,0|0,0|0,0|0,0|0,0|0,0|0,0|0,0|0,0|0,0|0,0|0,0|0,0|0,0|0,0|0,0|0,0|0,0|0,0|0,0|0,0|0,0|0,0|0,0|0,0|0,0|0,0|0,0|0,0|0,0|0,0|0,0|0,0|0,0|0,0|0,0|0,0|0,0|0,0|0,0|1,0|0,0|0,0|0,0|0,0|0,0|0,0|0,0|0,0|0,0|0,0|0,0|0,0|0,0|0,0|0,0|0,0|0,0|0,0|0,0|0,0|0,0|0,0|0,0|0,0|0,0|0,0|0,0|0,0|0,0|0
2,74363033,.,T,C,.,PASS,AC=19;AN=5096;DP=292688;AF=0;EAS_AF=0.01;EUR_AF=0;AFR_AF=0;AMR_AF=0;SAS_AF=0;EX_TARGET;VT=SNP;NS=2548,GT,0|0,0|0,0|0,0|0,0|0,0|0,0|0,0|0,0|0,0|0,0|0,0|0,0|0,0|0,0|0,0|0,0|0,0|0,0|0,0|1,0|0,0|0,0|0,0|0,0|0,0|0,0|0,0|1,0|0,0|0,0|0,0|0,0|0,0|0,0|0,0|0,0|0,0|0,0|0,0|0,0|0,0|0,0|0,0|0,0|0,0|0,0|0,0|0,0|0,0|0,0|0,0|0,0|0,0|0,0|0,0|0,0|0,0|0,0|0,0|0,0|0,1|0,0|0,0|0,0|0,0|0,0|0,0|0,0|0,0|0,0|0,0|0,0|0,0|0,0|0,0|0,0|0,0|0,0|0,0|0,0|0,0|0,0|0,0|0,0|0,0|0,0|0,0|0,0|0,0|0,0|0,0|0,0|0,0|0,1|0,0|0,0|0,0|0,0|0
2,74363079,.,C,T,.,PASS,AC=1;AN=5096;DP=250820;AF=0;EAS_AF=0;EUR_AF=0;AFR_AF=0;AMR_AF=0;SAS_AF=0;EX_TARGET;VT=SNP;NS=2548,GT,0|0,0|0,0|0,0|0,0|0,0|0,0|0,0|0,0|0,0|0,0|0,0|0,0|0,0|0,0|0,0|0,0|0,0|0,0|0,0|0,0|0,0|0,0|0,0|0,0|0,0|0,0|0,0|0,0|0,0|0,0|0,0|0,0|0,0|0,0|0,0|0,0|0,0|0,0|0,0|0,0|0,0|0,0|0,0|0,0|0,0|0,0|0,0|0,0|0,0|0,0|0,0|0,0|0,0|0,0|0,0|0,0|0,0|0,0|0,0|0,0|0,0|0,0|0,0|0,0|0,0|0,0|0,0|0,0|0,0|0,0|0,0|0,0|0,0|0,0|0,0|0,0|0,0|0,0|0,0|0,0|0,0|0,0|0,1|0,0|0,0|0,0|0,0|0,0|0,0|0,0|0,0|0,0|0,0|0,0|0,0|0,0|0,0|0,0|0
2,74364633,.,T,C,.,PASS,AC=893;AN=5096;DP=25540;AF=0.18;EAS_AF=0.39;EUR_AF=0.02;AFR_AF=0.23;AMR_AF=0.16;SAS_AF=0.05;VT=SNP;NS=2548,GT,0|0,1|1,0|0,0|1,0|0,1|1,1|1,1|0,0|1,1|1,0|0,0|0,1|1,0|0,1|0,1|0,1|0,0|1,1|0,0|1,1|1,0|1,1|1,1|0,0|0,1|0,1|1,1|1,1|1,1|1,1|1,1|1,0|0,1|1,1|0,0|0,0|1,1|0,0|0,0|0,0|1,1|0,1|1,0|0,1|0,0|0,0|1,0|1,1|1,1|1,0|1,1|1,0|0,1|1,0|1,1|0,0|0,1|0,1|0,1|1,1|1,1|1,0|0,1|0,1|1,0|0,1|1,1|0,0|1,0|0,0|0,0|1,0|1,1|0,0|0,1|1,1|0,0|0,0|0,0|1,0|1,1|0,0|1,0|0,0|0,0|0,0|1,0|0,0|0,0|0,0|1,0|1,0|0,0|0,1|0,0|0,1|0,1|1,0|0
2,74364705,.,T,A,.,PASS,AC=19;AN=5096;DP=26043;AF=0;EAS_AF=0.02;EUR_AF=0;AFR_AF=0;AMR_AF=0;SAS_AF=0;VT=SNP;NS=2548,GT,0|1,0|0,0|0,0|0,0|0,0|0,0|0,0|0,0|0,0|0,0|0,0|1,0|0,0|0,0|0,0|0,0|0,0|0,0|0,0|0,0|0,0|0,0|0,0|0,0|0,0|0,0|0,0|0,0|0,0|0,0|0,0|0,0|0,0|0,0|0,0|0,0|0,0|0,0|0,0|0,0|0,0|0,0|0,0|0,0|0,0|0,0|0,0|0,0|0,0|0,0|0,0|0,0|0,0|0,1|0,0|0,0|0,0|0,0|0,0|0,0|0,0|0,0|0,0|0,0|0,0|0,0|0,0|0,0|0,0|0,0|0,0|0,0|0,0|0,0|0,0|0,0|0,0|0,0|0,0|0,0|0,0|0,0|0,0|0,0|0,0|0,0|0,0|0,0|0,0|0,0|0,0|0,0|0,0|0,0|0,0|0,0|0,0|0,0|0
2,74365174,.,G,A,.,PASS,AC=1;AN=5096;DP=338272;AF=0;EAS_AF=0;EUR_AF=0;AFR_AF=0;AMR_AF=0;SAS_AF=0;EX_TARGET;VT=SNP;NS=2548,GT,0|0,0|0,0|0,0|0,0|0,0|0,0|0,0|0,0|0,0|0,0|0,0|0,0|0,0|0,0|0,0|0,0|0,0|0,0|0,0|0,0|0,0|0,0|0,0|0,0|0,0|0,0|0,0|0,0|0,0|0,0|0,0|0,0|0,0|0,0|0,0|0,0|0,0|0,0|0,0|0,0|0,0|0,0|0,0|0,0|0,0|0,0|0,0|0,0|0,0|0,0|0,0|0,0|0,0|0,0|0,0|0,0|0,0|0,0|0,1|0,0|0,0|0,0|0,0|0,0|0,0|0,0|0,0|0,0|0,0|0,0|0,0|0,0|0,0|0,0|0,0|0,0|0,0|0,0|0,0|0,0|0,0|0,0|0,0|0,0|0,0|0,0|0,0|0,0|0,0|0,0|0,0|0,0|0,0|0,0|0,0|0,0|0,0|0,0|0
2,74366293,.,G,A,.,PASS,AC=1;AN=5096;DP=268353;AF=0;EAS_AF=0;EUR_AF=0;AFR_AF=0;AMR_AF=0;SAS_AF=0;EX_TARGET;VT=SNP;NS=2548,GT,0|0,0|0,0|0,0|0,0|0,0|0,0|0,0|0,0|0,0|0,0|0,0|0,0|0,0|0,0|0,0|0,0|0,0|0,0|0,0|0,0|0,0|0,0|0,0|0,0|0,0|0,0|0,0|0,0|0,0|0,0|0,0|0,0|0,0|0,0|0,0|0,0|0,0|0,0|0,0|0,0|0,0|0,0|0,0|0,0|0,0|0,0|0,0|0,0|0,0|0,0|0,0|0,0|0,0|0,0|0,0|0,0|0,0|0,0|0,0|0,0|0,1|0,0|0,0|0,0|0,0|0,0|0,0|0,0|0,0|0,0|0,0|0,0|0,0|0,0|0,0|0,0|0,0|0,0|0,0|0,0|0,0|0,0|0,0|0,0|0,0|0,0|0,0|0,0|0,0|0,0|0,0|0,0|0,0|0,0|0,0|0,0|0,0|0,0|0
2,74366419,.,T,A,.,PASS,AC=1;AN=5096;DP=233352;AF=0;EAS_AF=0;EUR_AF=0;AFR_AF=0;AMR_AF=0;SAS_AF=0;EX_TARGET;VT=SNP;NS=2548,GT,0|0,0|0,0|0,0|0,0|0,0|0,0|0,0|0,0|0,0|0,0|0,0|0,0|0,0|0,0|0,0|0,0|0,0|0,0|0,0|0,0|0,0|0,0|0,0|0,0|0,0|0,0|0,0|0,0|0,0|0,0|0,0|0,0|0,0|0,0|0,0|0,0|0,0|0,0|0,0|0,0|0,0|0,0|0,0|0,0|0,0|0,0|0,0|0,0|0,0|0,0|0,0|0,0|0,0|0,0|0,0|0,0|0,0|0,0|0,0|0,0|0,0|0,0|0,0|0,0|0,0|0,0|0,0|0,0|0,0|0,0|0,0|0,0|0,0|0,0|0,0|0,0|0,0|0,0|0,0|0,0|0,0|0,0|0,1|0,0|0,0|0,0|0,0|0,0|0,0|0,0|0,0|0,0|0,0|0,0|0,0|0,0|0,0|0,0|0
2,74367594,.,G,C,.,PASS,AC=1;AN=5096;DP=109195;AF=0;EAS_AF=0;EUR_AF=0;AFR_AF=0;AMR_AF=0;SAS_AF=0;VT=SNP;NS=2548,GT,0|0,0|0,0|0,0|0,0|0,0|0,0|0,0|0,0|0,0|0,0|0,0|0,0|1,0|0,0|0,0|0,0|0,0|0,0|0,0|0,0|0,0|0,0|0,0|0,0|0,0|0,0|0,0|0,0|0,0|0,0|0,0|0,0|0,0|0,0|0,0|0,0|0,0|0,0|0,0|0,0|0,0|0,0|0,0|0,0|0,0|0,0|0,0|0,0|0,0|0,0|0,0|0,0|0,0|0,0|0,0|0,0|0,0|0,0|0,0|0,0|0,0|0,0|0,0|0,0|0,0|0,0|0,0|0,0|0,0|0,0|0,0|0,0|0,0|0,0|0,0|0,0|0,0|0,0|0,0|0,0|0,0|0,0|0,0|0,0|0,0|0,0|0,0|0,0|0,0|0,0|0,0|0,0|0,0|0,0|0,0|0,0|0,0|0,0|0
2,74367861,.,G,A,.,PASS,AC=9;AN=5096;DP=280689;AF=0;EAS_AF=0.01;EUR_AF=0;AFR_AF=0;AMR_AF=0;SAS_AF=0;EX_TARGET;VT=SNP;NS=2548,GT,0|0,0|1,0|0,0|0,0|0,0|0,0|0,0|0,0|0,0|0,0|0,0|0,0|0,0|0,0|0,0|0,0|0,0|0,0|0,0|0,0|0,0|0,0|0,1|0,0|0,0|0,0|0,0|0,0|0,0|0,0|0,0|0,0|0,0|0,0|0,0|0,0|0,0|0,0|0,0|0,0|0,0|0,0|0,0|0,0|0,0|0,0|0,0|0,0|0,0|0,0|0,0|0,0|0,0|0,0|0,0|0,0|0,0|0,0|0,0|0,0|0,0|0,0|0,0|0,0|0,0|0,0|0,0|0,0|0,0|0,0|0,0|0,0|0,0|0,0|0,0|0,0|0,0|0,0|0,0|0,0|0,0|0,0|0,0|0,0|0,0|0,0|0,0|0,0|0,0|0,0|0,0|0,0|0,0|0,0|0,0|0,0|0,0|0,0|0
2,74367887,.,G,A,.,PASS,AC=1014;AN=5096;DP=255535;AF=0.2;EAS_AF=0.42;EUR_AF=0.12;AFR_AF=0.11;AMR_AF=0.13;SAS_AF=0.21;EX_TARGET;VT=SNP;NS=2548,GT,1|1,0|0,0|0,1|0,1|0,0|0,0|0,0|1,0|0,0|0,0|1,1|1,0|0,1|1,0|1,0|1,0|1,0|0,0|1,1|0,0|0,1|0,0|0,0|1,0|1,0|1,0|0,0|0,0|0,0|0,0|0,0|0,0|1,0|0,0|1,0|0,1|0,0|0,1|0,0|1,0|0,0|0,0|0,1|1,0|1,1|1,1|0,0|0,0|0,0|0,1|0,0|0,1|0,0|0,1|0,0|0,1|0,0|1,0|0,0|0,0|0,0|0,1|1,0|0,0|0,1|0,0|0,0|0,0|0,0|1,1|0,1|0,1|0,0|0,1|0,0|0,0|1,0|1,1|0,1|0,0|0,0|1,1|0,1|0,1|0,1|1,1|0,1|1,1|0,1|0,1|0,1|0,1|1,0|0,0|1,0|1,0|1,0|0,1|0
2,74368356,.,G,A,.,PASS,AC=262;AN=5096;DP=29680;AF=0.05;EAS_AF=0.14;EUR_AF=0.04;AFR_AF=0;AMR_AF=0.04;SAS_AF=0.05;VT=SNP;NS=2548,GT,0|0,0|0,0|0,0|0,1|0,0|0,0|0,0|1,0|0,0|0,0|1,0|0,0|0,0|1,0|0,0|0,0|1,0|0,0|0,0|0,0|0,0|0,0|0,0|0,0|0,0|1,0|0,0|0,0|0,0|0,0|0,0|0,0|0,0|0,0|0,0|0,0|0,0|0,1|0,0|0,0|0,0|0,0|0,0|0,0|0,1|0,0|0,0|0,0|0,0|0,0|0,0|0,1|0,0|0,0|0,0|0,1|0,0|1,0|0,0|0,0|0,0|0,1|0,0|0,0|0,0|0,0|0,0|0,0|0,0|0,1|0,1|0,0|0,0|0,0|0,0|0,0|1,0|0,1|0,0|0,0|0,0|1,0|0,1|0,0|0,0|0,0|0,0|0,1|0,0|0,0|0,0|0,0|0,0|0,0|1,0|0,0|1,0|0,0|0
2,74368467,.,GCCCTCAGACAATGTTATT,G,.,PASS,AC=4;AN=5096;DP=34483;AF=0;EAS_AF=0;EUR_AF=0;AFR_AF=0;AMR_AF=0;SAS_AF=0;VT=INDEL;NS=2548,GT,0|0,0|0,0|0,0|0,0|0,0|0,0|0,0|0,0|0,0|0,0|0,0|0,0|0,0|0,0|0,0|0,0|0,0|0,0|0,0|0,0|0,0|0,0|0,0|0,0|0,0|0,0|0,0|0,0|0,0|0,0|0,0|0,0|0,0|0,0|0,0|0,0|0,0|0,0|0,0|0,0|0,0|0,0|0,0|0,0|0,0|0,0|0,0|0,0|0,0|0,0|0,0|0,0|0,0|0,0|0,0|0,0|0,0|0,0|0,0|0,0|0,0|0,0|0,0|0,0|0,0|0,0|0,0|0,0|0,0|0,0|1,0|0,0|0,0|0,0|0,0|0,0|0,0|0,0|0,0|0,0|0,0|0,0|0,0|0,0|0,0|0,0|0,0|0,0|0,0|0,0|0,0|0,0|0,0|0,0|0,0|0,0|0,0|0,0|0
2,74368613,.,T,C,.,PASS,AC=36;AN=5096;DP=94670;AF=0.01;EAS_AF=0.03;EUR_AF=0;AFR_AF=0;AMR_AF=0;SAS_AF=0;VT=SNP;NS=2548,GT,0|0,0|0,0|0,0|0,0|0,0|0,0|0,0|0,0|0,0|0,0|1,0|0,0|0,0|0,0|0,0|0,0|0,0|0,0|0,0|0,0|0,0|0,0|0,0|0,0|0,0|1,0|0,0|0,0|0,0|0,0|0,0|0,0|0,0|0,0|0,0|0,0|0,0|0,0|0,0|0,0|0,0|0,0|0,0|0,0|0,0|0,0|0,0|0,0|0,0|0,0|0,0|0,0|0,0|0,0|0,0|0,0|0,0|0,0|0,0|0,0|0,0|0,0|0,0|0,0|0,0|0,0|0,0|0,0|0,0|0,0|0,1|0,0|0,0|0,0|0,0|0,0|0,0|0,0|0,0|0,0|0,0|0,0|0,0|0,0|0,0|0,0|0,0|0,0|0,0|0,0|0,0|0,0|0,0|0,0|1,0|0,0|0,0|0,0|0
2,74369041,.,G,GA,.,PASS,AC=1543;AN=5096;DP=218345;AF=0.3;EAS_AF=0.42;EUR_AF=0.12;AFR_AF=0.47;AMR_AF=0.18;SAS_AF=0.22;EX_TARGET;VT=INDEL;NS=2548,GT,1|1,0|0,0|0,1|0,1|0,0|0,0|0,0|1,0|0,0|0,0|1,1|1,0|0,1|1,0|1,0|1,0|1,0|0,0|1,1|0,0|0,1|0,0|0,0|1,0|1,0|1,0|0,0|0,0|0,0|0,0|0,0|0,0|1,0|0,0|1,0|0,1|0,0|0,1|0,0|1,0|0,0|0,0|0,1|1,0|1,1|1,1|0,0|0,0|0,0|0,1|0,0|0,1|0,0|0,1|0,0|0,1|0,0|1,0|0,0|0,0|0,0|0,1|1,0|0,0|0,1|0,0|0,0|0,0|0,0|1,1|0,1|0,1|0,0|0,1|0,0|0,0|1,0|1,1|0,1|0,0|0,0|1,1|0,1|0,1|0,1|1,1|0,1|1,1|0,1|0,1|0,1|0,1|1,0|0,0|1,0|1,0|1,0|0,1|0
2,74370400,.,G,A,.,PASS,AC=1007;AN=5096;DP=194711;AF=0.2;EAS_AF=0.42;EUR_AF=0.12;AFR_AF=0.11;AMR_AF=0.13;SAS_AF=0.21;VT=SNP;NS=2548,GT,1|1,0|0,0|0,1|0,1|0,0|0,0|0,0|1,0|0,0|0,0|1,1|1,0|0,1|1,0|1,0|1,0|1,0|0,0|1,1|0,0|0,1|0,0|0,0|1,0|1,0|1,0|0,0|0,0|0,0|0,0|0,0|0,0|1,0|0,0|1,0|0,1|0,0|0,1|0,0|1,0|0,0|0,0|0,1|1,0|1,1|1,1|0,0|0,0|0,0|0,1|0,0|0,1|0,0|0,1|0,0|0,1|0,0|1,0|0,0|0,0|0,0|0,1|1,0|0,0|0,1|0,0|0,0|0,0|0,0|1,1|0,1|0,1|0,0|0,1|0,0|0,0|1,0|1,1|0,1|0,0|0,0|1,1|0,1|0,1|0,1|1,1|0,1|1,1|0,1|0,1|0,1|0,1|1,0|0,0|1,0|1,0|1,0|0,1|0
2,74371872,.,AAAG,A,.,PASS,AC=2297;AN=5096;DP=33122;AF=0.45;EAS_AF=0.81;EUR_AF=0.14;AFR_AF=0.62;AMR_AF=0.31;SAS_AF=0.27;VT=INDEL;NS=2548,GT,1|1,1|1,0|0,1|1,1|0,1|1,1|1,1|1,0|1,1|1,0|1,1|1,1|1,1|1,1|1,1|1,1|1,0|1,1|1,1|1,1|1,1|1,1|1,1|1,0|1,1|1,1|1,1|1,1|1,1|1,1|1,1|1,0|1,1|1,1|1,0|0,1|1,1|0,1|0,0|1,0|1,1|0,1|1,1|1,1|1,1|1,1|1,0|1,1|1,1|1,1|1,1|1,1|0,1|1,1|1,1|0,1|0,1|1,1|0,1|1,1|1,1|1,1|1,0|0,1|1,1|0,0|1,1|0,0|1,0|1,1|0,1|1,1|1,1|0,1|0,1|1,1|1,0|1,1|0,1|1,0|1,1|1,1|1,1|0,1|0,1|1,1|1,1|1,1|0,1|0,1|1,1|1,1|1,0|0,1|1,0|1,1|1,1|1,1|0
2,74372372,.,C,T,.,PASS,AC=2;AN=5096;DP=24102;AF=0;EAS_AF=0;EUR_AF=0;AFR_AF=0;AMR_AF=0;SAS_AF=0;VT=SNP;NS=2548,GT,0|0,0|0,0|0,0|0,1|0,0|0,0|0,0|0,0|0,0|0,0|0,0|0,0|0,0|0,0|0,0|0,0|0,0|0,0|0,0|0,0|0,0|0,0|0,0|0,0|0,0|0,0|0,0|0,0|0,0|0,0|0,0|0,0|0,0|0,0|0,0|0,0|0,0|0,0|0,0|0,0|0,0|0,0|0,0|0,0|0,0|0,0|0,0|0,0|0,0|0,0|0,0|0,0|0,0|0,0|0,0|0,0|0,0|0,0|0,0|0,0|0,0|0,0|0,0|0,0|0,0|0,0|0,0|0,0|0,0|0,0|0,0|0,0|0,0|0,0|0,0|0,0|0,0|0,0|0,0|0,0|0,0|0,0|0,0|0,0|0,0|0,0|0,0|0,0|0,0|0,0|0,0|0,0|0,0|0,0|0,0|0,0|0,0|0,0|0
2,74373426,.,A,C,.,PASS,AC=1100;AN=5096;DP=23014;AF=0.22;EAS_AF=0.39;EUR_AF=0.02;AFR_AF=0.38;AMR_AF=0.16;SAS_AF=0.05;VT=SNP;NS=2548,GT,0|0,1|1,0|0,0|1,0|0,1|1,1|1,1|0,0|1,1|1,0|0,0|0,1|1,0|0,1|0,1|0,1|0,0|1,1|0,0|1,1|1,0|1,1|1,1|0,0|0,1|0,1|1,1|1,1|1,1|1,1|1,1|1,0|0,1|1,1|0,0|0,0|1,1|0,0|0,0|0,0|1,1|0,1|1,0|0,1|0,0|0,0|1,0|1,1|1,1|1,0|1,1|1,0|0,1|1,0|1,1|0,0|0,1|0,1|0,1|1,1|1,1|1,0|0,1|0,1|1,0|0,0|1,1|0,0|1,0|0,0|0,0|1,0|1,1|0,0|0,1|1,1|0,0|0,0|0,0|1,0|1,1|0,0|1,0|0,0|0,0|0,0|1,0|0,0|0,0|0,0|1,0|1,0|0,0|0,1|0,0|0,1|0,1|1,0|0
2,74373957,.,G,A,.,PASS,AC=1;AN=5096;DP=25763;AF=0;EAS_AF=0;EUR_AF=0;AFR_AF=0;AMR_AF=0;SAS_AF=0;VT=SNP;NS=2548,GT,0|0,0|0,0|0,0|0,1|0,0|0,0|0,0|0,0|0,0|0,0|0,0|0,0|0,0|0,0|0,0|0,0|0,0|0,0|0,0|0,0|0,0|0,0|0,0|0,0|0,0|0,0|0,0|0,0|0,0|0,0|0,0|0,0|0,0|0,0|0,0|0,0|0,0|0,0|0,0|0,0|0,0|0,0|0,0|0,0|0,0|0,0|0,0|0,0|0,0|0,0|0,0|0,0|0,0|0,0|0,0|0,0|0,0|0,0|0,0|0,0|0,0|0,0|0,0|0,0|0,0|0,0|0,0|0,0|0,0|0,0|0,0|0,0|0,0|0,0|0,0|0,0|0,0|0,0|0,0|0,0|0,0|0,0|0,0|0,0|0,0|0,0|0,0|0,0|0,0|0,0|0,0|0,0|0,0|0,0|0,0|0,0|0,0|0,0|0
2,74373963,.,T,G,.,PASS,AC=612;AN=5096;DP=25913;AF=0.12;EAS_AF=0.33;EUR_AF=0.04;AFR_AF=0.02;AMR_AF=0.06;SAS_AF=0.16;VT=SNP;NS=2548,GT,1|1,0|0,0|0,1|0,0|0,0|0,0|0,0|0,0|0,0|0,0|1,1|1,0|0,1|0,0|1,0|1,0|1,0|0,0|1,1|0,0|0,1|0,0|0,0|1,0|1,0|1,0|0,0|0,0|0,0|0,0|0,0|0,0|1,0|0,0|1,0|0,1|0,0|0,1|0,0|1,0|0,0|0,0|0,1|1,0|1,0|1,1|0,0|0,0|0,0|0,1|0,0|0,0|0,0|0,1|0,0|0,1|0,0|0,0|0,0|0,0|0,0|0,0|1,0|0,0|0,1|0,0|0,0|0,0|0,0|1,0|0,1|0,1|0,0|0,1|0,0|0,0|0,0|1,1|0,0|0,0|0,0|0,1|0,1|0,1|0,1|1,1|0,1|1,0|0,1|0,1|0,1|0,1|1,0|0,0|1,0|1,0|0,0|0,1|0
2,74374113,.,G,A,.,PASS,AC=2;AN=5096;DP=49985;AF=0;EAS_AF=0;EUR_AF=0;AFR_AF=0;AMR_AF=0;SAS_AF=0;VT=SNP;NS=2548,GT,0|0,0|0,0|0,0|0,0|0,0|0,0|0,0|0,0|0,0|0,0|0,0|0,0|0,0|0,0|0,0|0,0|0,0|0,0|0,0|0,0|0,0|0,0|0,0|0,0|0,0|0,0|0,0|0,0|0,0|0,0|0,0|0,0|0,0|0,0|0,0|0,0|0,0|0,0|0,0|0,1|0,0|0,0|0,0|0,0|0,0|0,0|0,0|0,0|0,0|0,0|0,0|0,0|0,0|0,0|0,0|0,0|0,0|0,0|0,0|0,0|0,0|0,0|0,0|0,0|0,0|0,0|0,0|0,0|0,0|0,0|0,0|0,0|0,0|1,0|0,0|0,0|0,0|0,0|0,0|0,0|0,0|0,0|0,0|0,0|0,0|0,0|0,0|0,0|0,0|0,0|0,0|0,0|0,0|0,0|0,0|0,0|0,0|0,0|0
2,74374158,.,G,C,.,PASS,AC=1;AN=5096;DP=71876;AF=0;EAS_AF=0;EUR_AF=0;AFR_AF=0;AMR_AF=0;SAS_AF=0;VT=SNP;NS=2548,GT,0|0,0|0,0|0,0|0,0|0,0|0,0|0,0|0,0|0,0|0,0|0,0|0,0|0,0|0,0|1,0|0,0|0,0|0,0|0,0|0,0|0,0|0,0|0,0|0,0|0,0|0,0|0,0|0,0|0,0|0,0|0,0|0,0|0,0|0,0|0,0|0,0|0,0|0,0|0,0|0,0|0,0|0,0|0,0|0,0|0,0|0,0|0,0|0,0|0,0|0,0|0,0|0,0|0,0|0,0|0,0|0,0|0,0|0,0|0,0|0,0|0,0|0,0|0,0|0,0|0,0|0,0|0,0|0,0|0,0|0,0|0,0|0,0|0,0|0,0|0,0|0,0|0,0|0,0|0,0|0,0|0,0|0,0|0,0|0,0|0,0|0,0|0,0|0,0|0,0|0,0|0,0|0,0|0,0|0,0|0,0|0,0|0,0|0,0|0
2,74374233,.,G,T,.,PASS,AC=1;AN=5096;DP=135512;AF=0;EAS_AF=0;EUR_AF=0;AFR_AF=0;AMR_AF=0;SAS_AF=0;VT=SNP;NS=2548,GT,0|0,0|0,0|0,0|0,1|0,0|0,0|0,0|0,0|0,0|0,0|0,0|0,0|0,0|0,0|0,0|0,0|0,0|0,0|0,0|0,0|0,0|0,0|0,0|0,0|0,0|0,0|0,0|0,0|0,0|0,0|0,0|0,0|0,0|0,0|0,0|0,0|0,0|0,0|0,0|0,0|0,0|0,0|0,0|0,0|0,0|0,0|0,0|0,0|0,0|0,0|0,0|0,0|0,0|0,0|0,0|0,0|0,0|0,0|0,0|0,0|0,0|0,0|0,0|0,0|0,0|0,0|0,0|0,0|0,0|0,0|0,0|0,0|0,0|0,0|0,0|0,0|0,0|0,0|0,0|0,0|0,0|0,0|0,0|0,0|0,0|0,0|0,0|0,0|0,0|0,0|0,0|0,0|0,0|0,0|0,0|0,0|0,0|0,0|0
2,74375015,.,T,C,.,PASS,AC=1494;AN=5096;DP=20478;AF=0.29;EAS_AF=0.43;EUR_AF=0.09;AFR_AF=0.47;AMR_AF=0.15;SAS_AF=0.22;VT=SNP;NS=2548,GT,1|1,0|0,0|0,1|0,1|0,0|0,0|0,0|1,0|0,0|0,0|1,1|1,0|0,1|1,0|1,0|1,0|1,0|0,0|1,1|0,0|0,1|0,0|0,0|1,0|1,0|1,0|0,0|0,0|0,0|0,0|0,0|0,0|1,0|0,0|1,0|0,1|0,0|0,1|0,0|1,0|0,0|0,0|0,1|1,0|1,1|1,1|0,0|0,0|0,0|0,1|0,0|0,1|0,0|0,1|0,0|0,1|0,0|1,0|0,0|0,0|0,0|0,1|1,0|0,0|0,1|0,0|0,0|0,0|0,0|1,1|0,1|0,1|0,0|0,1|0,0|0,0|1,0|1,1|0,1|0,0|0,0|1,1|0,1|0,1|0,1|1,1|0,1|1,1|0,1|0,1|0,1|0,1|1,0|0,0|1,0|1,0|1,0|0,1|0
2,74375092,.,A,T,.,PASS,AC=14;AN=5096;DP=22509;AF=0;EAS_AF=0.01;EUR_AF=0;AFR_AF=0;AMR_AF=0;SAS_AF=0;VT=SNP;NS=2548,GT,0|0,0|0,0|0,0|0,0|0,0|0,0|0,0|0,0|0,0|0,0|0,0|0,0|0,1|0,0|0,0|0,0|0,0|0,0|0,0|0,0|0,0|0,0|0,0|0,0|0,0|0,0|0,0|0,0|0,0|0,0|0,0|0,0|0,0|0,0|0,0|0,0|0,0|0,0|0,0|0,0|0,0|0,0|0,0|1,0|0,0|0,0|0,0|0,0|0,0|0,0|0,0|0,0|0,0|0,0|0,0|0,0|0,0|0,0|0,0|0,0|0,0|0,0|0,0|0,0|0,0|0,0|0,0|0,0|0,0|0,0|0,0|0,0|0,0|0,0|0,0|0,0|0,0|1,0|0,0|0,0|0,0|0,0|0,0|0,0|0,0|0,0|0,0|0,0|0,0|0,0|0,0|0,0|0,0|0,0|0,0|0,0|0,0|0,1|0
2,74375417,.,G,C,.,PASS,AC=120;AN=5096;DP=20379;AF=0.02;EAS_AF=0.11;EUR_AF=0;AFR_AF=0;AMR_AF=0;SAS_AF=0.01;VT=SNP;NS=2548,GT,0|0,1|0,0|0,0|0,0|0,0|0,0|0,0|0,0|1,0|0,0|0,0|0,0|0,0|0,0|0,1|0,0|0,0|0,1|0,0|1,0|1,0|1,0|1,0|0,0|0,1|0,0|0,0|1,0|1,0|0,0|0,0|0,0|0,1|1,0|0,0|0,0|0,0|0,0|0,0|0,0|0,0|0,0|0,0|0,0|0,0|0,0|1,0|1,0|0,0|0,0|0,1|1,0|0,0|1,0|1,0|0,0|0,1|0,0|0,0|0,1|0,1|0,0|0,0|0,0|0,0|0,0|1,1|0,0|1,0|0,0|0,0|0,0|0,1|0,0|0,1|0,0|0,0|0,0|0,0|1,0|0,0|0,0|0,0|0,0|0,0|0,0|0,0|0,0|0,0|0,0|0,0|1,0|0,0|0,1|0,0|0,1|0,0|0,0|0
2,74375747,.,A,G,.,PASS,AC=10;AN=5096;DP=23360;AF=0;EAS_AF=0.01;EUR_AF=0;AFR_AF=0;AMR_AF=0;SAS_AF=0;VT=SNP;NS=2548,GT,0|0,0|1,0|0,0|0,0|0,0|0,0|0,0|0,0|0,0|0,0|0,0|0,0|0,0|0,0|0,0|0,0|0,0|0,0|0,0|0,0|0,0|0,0|0,1|0,0|0,0|0,0|0,0|0,0|0,0|0,0|0,0|0,0|0,0|0,0|0,0|0,0|0,0|0,0|0,0|0,0|0,0|0,0|0,0|0,0|0,0|0,0|0,0|0,0|0,0|0,0|0,0|0,0|0,0|0,0|0,0|0,0|0,0|0,0|0,0|0,0|0,0|0,0|0,0|0,0|0,0|0,0|0,0|0,0|0,0|0,0|0,0|0,0|0,0|0,0|0,0|0,0|0,0|0,0|0,0|0,0|0,0|0,0|0,0|0,0|0,0|0,0|0,0|0,0|0,0|0,0|0,0|0,0|0,0|0,0|0,0|0,0|0,0|0,0|0
2,74376090,.,G,A,.,PASS,AC=1;AN=5096;DP=25938;AF=0;EAS_AF=0;EUR_AF=0;AFR_AF=0;AMR_AF=0;SAS_AF=0;VT=SNP;NS=2548,GT,0|0,0|0,0|0,0|0,0|0,0|0,0|0,0|0,0|0,0|0,0|0,0|0,0|0,0|0,0|0,0|0,0|0,0|0,0|0,0|0,0|0,0|0,0|0,0|0,0|0,0|0,0|0,0|0,0|0,0|0,0|0,0|0,0|0,0|0,0|0,0|1,0|0,0|0,0|0,0|0,0|0,0|0,0|0,0|0,0|0,0|0,0|0,0|0,0|0,0|0,0|0,0|0,0|0,0|0,0|0,0|0,0|0,0|0,0|0,0|0,0|0,0|0,0|0,0|0,0|0,0|0,0|0,0|0,0|0,0|0,0|0,0|0,0|0,0|0,0|0,0|0,0|0,0|0,0|0,0|0,0|0,0|0,0|0,0|0,0|0,0|0,0|0,0|0,0|0,0|0,0|0,0|0,0|0,0|0,0|0,0|0,0|0,0|0,0|0
2,74376534,.,C,T,.,PASS,AC=1;AN=5096;DP=57200;AF=0;EAS_AF=0;EUR_AF=0;AFR_AF=0;AMR_AF=0;SAS_AF=0;VT=SNP;NS=2548,GT,0|0,0|0,0|0,0|0,0|0,0|0,0|0,0|0,0|1,0|0,0|0,0|0,0|0,0|0,0|0,0|0,0|0,0|0,0|0,0|0,0|0,0|0,0|0,0|0,0|0,0|0,0|0,0|0,0|0,0|0,0|0,0|0,0|0,0|0,0|0,0|0,0|0,0|0,0|0,0|0,0|0,0|0,0|0,0|0,0|0,0|0,0|0,0|0,0|0,0|0,0|0,0|0,0|0,0|0,0|0,0|0,0|0,0|0,0|0,0|0,0|0,0|0,0|0,0|0,0|0,0|0,0|0,0|0,0|0,0|0,0|0,0|0,0|0,0|0,0|0,0|0,0|0,0|0,0|0,0|0,0|0,0|0,0|0,0|0,0|0,0|0,0|0,0|0,0|0,0|0,0|0,0|0,0|0,0|0,0|0,0|0,0|0,0|0,0|0
2,74376683,.,C,T,.,PASS,AC=1;AN=5096;DP=164080;AF=0;EAS_AF=0;EUR_AF=0;AFR_AF=0;AMR_AF=0;SAS_AF=0;VT=SNP;NS=2548,GT,0|0,0|0,0|0,0|0,0|0,0|0,0|0,0|0,0|0,0|0,0|0,0|0,0|0,0|0,0|0,0|0,0|0,0|0,0|0,0|0,0|0,0|0,0|0,0|0,0|0,0|0,0|0,0|0,0|0,0|0,0|0,0|0,0|0,0|0,0|0,0|0,0|0,0|0,0|0,0|0,0|0,0|0,0|0,0|0,0|0,0|0,0|0,0|0,0|0,0|0,0|0,0|0,0|0,0|0,0|0,0|0,0|0,0|0,1|0,0|0,0|0,0|0,0|0,0|0,0|0,0|0,0|0,0|0,0|0,0|0,0|0,0|0,0|0,0|0,0|0,0|0,0|0,0|0,0|0,0|0,0|0,0|0,0|0,0|0,0|0,0|0,0|0,0|0,0|0,0|0,0|0,0|0,0|0,0|0,0|0,0|0,0|0,0|0,0|0
2,74377285,.,C,A,.,PASS,AC=1;AN=5096;DP=166979;AF=0;EAS_AF=0;EUR_AF=0;AFR_AF=0;AMR_AF=0;SAS_AF=0;VT=SNP;NS=2548,GT,0|0,0|0,0|0,0|0,0|0,1|0,0|0,0|0,0|0,0|0,0|0,0|0,0|0,0|0,0|0,0|0,0|0,0|0,0|0,0|0,0|0,0|0,0|0,0|0,0|0,0|0,0|0,0|0,0|0,0|0,0|0,0|0,0|0,0|0,0|0,0|0,0|0,0|0,0|0,0|0,0|0,0|0,0|0,0|0,0|0,0|0,0|0,0|0,0|0,0|0,0|0,0|0,0|0,0|0,0|0,0|0,0|0,0|0,0|0,0|0,0|0,0|0,0|0,0|0,0|0,0|0,0|0,0|0,0|0,0|0,0|0,0|0,0|0,0|0,0|0,0|0,0|0,0|0,0|0,0|0,0|0,0|0,0|0,0|0,0|0,0|0,0|0,0|0,0|0,0|0,0|0,0|0,0|0,0|0,0|0,0|0,0|0,0|0,0|0
2,74377546,.,C,T,.,PASS,AC=1491;AN=5096;DP=306330;AF=0.29;EAS_AF=0.43;EUR_AF=0.09;AFR_AF=0.47;AMR_AF=0.15;SAS_AF=0.22;VT=SNP;NS=2548,GT,1|1,0|0,0|0,1|0,1|0,0|0,0|0,0|1,0|0,0|0,0|1,1|1,0|0,1|1,0|1,0|1,0|1,0|0,0|1,1|0,0|0,1|0,0|0,0|1,0|1,0|1,0|0,0|0,0|0,0|0,0|0,0|0,0|1,0|0,0|1,0|0,1|0,0|0,1|0,0|1,0|0,0|0,0|0,1|1,0|1,1|1,1|0,0|0,0|0,0|0,1|0,0|0,1|0,0|0,1|0,0|0,1|0,0|1,0|0,0|0,0|0,0|0,1|1,0|0,0|0,1|0,0|0,0|0,0|0,0|1,1|0,1|0,1|0,0|0,1|0,0|0,0|1,0|1,1|0,1|0,0|0,0|1,1|0,1|0,1|0,1|1,1|0,1|1,1|0,1|0,1|0,1|0,1|1,0|0,0|1,0|1,0|1,0|0,1|0
2,74377768,.,T,C,.,PASS,AC=984;AN=5096;DP=210592;AF=0.19;EAS_AF=0.43;EUR_AF=0.09;AFR_AF=0.12;AMR_AF=0.11;SAS_AF=0.22;VT=SNP;NS=2548,GT,1|1,0|0,0|0,1|0,1|0,0|0,0|0,0|1,0|0,0|0,0|1,1|1,0|0,1|1,0|1,0|1,0|1,0|0,0|1,1|0,0|0,1|0,0|0,0|1,0|1,0|1,0|0,0|0,0|0,0|0,0|0,0|0,0|1,0|0,0|1,0|0,1|0,0|0,1|0,0|1,0|0,0|0,0|0,1|1,0|1,1|1,1|0,0|0,0|0,0|0,1|0,0|0,1|0,0|0,1|0,0|0,1|0,0|1,0|0,0|0,0|0,0|0,1|1,0|0,0|0,1|0,0|0,0|0,0|0,0|1,1|0,1|0,1|0,0|0,1|0,0|0,0|1,0|1,1|0,1|0,0|0,0|1,1|0,1|0,1|0,1|1,1|0,1|1,1|0,1|0,1|0,1|0,1|1,0|0,0|1,0|1,0|1,0|0,1|0
2,74377907,.,C,T,.,PASS,AC=6;AN=5096;DP=153258;AF=0;EAS_AF=0.01;EUR_AF=0;AFR_AF=0;AMR_AF=0;SAS_AF=0;VT=SNP;NS=2548,GT,0|0,0|0,0|0,0|0,0|0,0|0,0|0,0|0,0|0,0|0,0|0,0|0,0|0,0|0,0|0,0|0,0|0,0|0,0|0,0|0,0|0,0|0,0|0,0|0,0|0,1|0,0|0,0|0,0|0,0|0,0|0,0|0,0|0,0|0,0|0,0|0,0|0,0|0,0|0,0|0,0|0,0|0,0|0,0|0,0|0,0|0,0|0,0|0,0|0,0|0,0|0,0|0,0|0,0|0,0|1,0|0,0|0,0|0,0|0,0|0,0|0,0|0,0|0,0|0,0|0,0|0,0|0,0|0,0|0,0|0,0|0,0|0,0|0,0|0,0|0,0|0,0|0,0|0,0|0,0|0,0|0,0|0,0|0,0|0,0|0,0|0,0|0,0|0,0|0,0|0,0|0,0|0,0|0,0|0,0|0,0|0,0|0,0|0,0|0
2,74378112,.,T,C,.,PASS,AC=3;AN=5096;DP=361213;AF=0;EAS_AF=0;EUR_AF=0;AFR_AF=0;AMR_AF=0;SAS_AF=0;EX_TARGET;VT=SNP;NS=2548,GT,0|0,0|0,0|0,0|0,0|0,0|0,0|0,0|0,0|0,0|0,0|1,0|0,0|0,0|0,0|0,0|0,0|0,0|0,0|0,0|0,0|0,0|0,0|0,0|0,0|0,0|0,0|0,0|0,0|0,0|0,0|0,0|0,0|0,0|0,0|0,0|0,0|0,0|0,0|0,0|0,0|0,0|0,0|0,0|0,0|0,0|0,0|0,0|0,0|0,0|0,0|0,0|0,0|0,0|0,0|0,0|0,0|0,0|0,0|0,0|0,0|0,0|0,0|0,0|0,0|0,0|0,0|0,0|0,0|0,0|0,0|0,0|0,0|0,0|0,0|0,0|0,0|0,0|0,0|0,0|0,0|0,0|0,0|0,0|0,0|0,0|0,0|0,0|0,0|0,0|0,0|0,0|0,0|0,0|0,0|0,0|0,0|0,0|0,0|0
2,74378771,.,T,C,.,PASS,AC=895;AN=5096;DP=25573;AF=0.18;EAS_AF=0.39;EUR_AF=0.02;AFR_AF=0.23;AMR_AF=0.16;SAS_AF=0.05;VT=SNP;NS=2548,GT,0|0,1|1,0|0,0|1,0|0,1|1,1|1,1|0,0|1,1|1,0|0,0|0,1|1,0|0,1|0,1|0,1|0,0|1,1|0,0|1,1|1,0|1,1|1,1|0,0|0,1|0,1|1,1|1,1|1,1|1,1|1,1|1,0|0,1|1,1|0,0|0,0|1,1|0,0|0,0|0,0|1,1|0,1|1,0|0,1|0,0|0,0|1,0|1,1|1,1|1,0|1,1|1,0|0,1|1,0|1,1|0,0|0,1|0,1|0,1|1,1|1,1|1,0|0,1|0,1|1,0|0,1|1,1|0,0|1,0|0,0|0,0|1,0|1,1|0,0|0,1|1,1|0,0|0,0|0,0|1,0|1,1|0,0|1,0|0,0|0,0|0,0|1,0|0,0|0,0|0,0|1,0|1,0|0,0|0,1|0,0|0,1|0,1|1,0|0
2,74378936,.,T,G,.,PASS,AC=2;AN=5096;DP=26426;AF=0;EAS_AF=0;EUR_AF=0;AFR_AF=0;AMR_AF=0;SAS_AF=0;VT=SNP;NS=2548,GT,0|0,0|0,0|0,0|0,0|0,0|0,0|0,0|0,0|0,0|0,0|0,0|0,0|0,0|0,0|0,0|0,0|0,0|0,1|0,0|0,0|0,0|0,0|0,0|0,0|0,0|0,0|0,0|0,0|0,0|0,0|0,0|0,0|0,0|0,0|0,0|0,0|0,0|0,0|0,0|0,0|0,0|0,0|0,0|0,0|0,0|0,0|0,0|0,0|0,0|0,0|0,0|0,0|0,0|0,0|0,0|0,0|0,0|0,0|0,0|0,0|0,0|0,0|0,0|0,0|0,0|0,0|0,0|0,0|0,0|0,0|0,0|0,0|0,0|0,0|0,0|0,0|0,0|0,0|0,0|0,0|0,0|0,0|0,0|0,0|0,0|0,0|0,0|0,0|0,0|0,0|0,0|0,0|0,0|0,0|0,0|0,0|0,0|0,0|0
2,74379660,.,T,C,.,PASS,AC=1036;AN=5096;DP=28939;AF=0.2;EAS_AF=0.43;EUR_AF=0.12;AFR_AF=0.12;AMR_AF=0.13;SAS_AF=0.22;VT=SNP;NS=2548,GT,1|1,0|0,0|0,1|0,1|0,0|0,0|0,0|1,0|0,0|0,0|1,1|1,0|0,1|1,0|1,0|1,0|1,0|0,0|1,1|0,0|0,1|0,0|0,0|1,0|1,0|1,0|0,0|0,0|0,0|0,0|0,0|0,0|1,0|0,0|1,0|0,1|0,0|0,1|0,0|1,0|0,0|0,0|0,1|1,0|1,1|1,1|0,0|0,0|0,0|0,1|0,0|0,1|0,0|0,1|0,0|0,1|0,0|1,0|0,0|0,0|0,0|0,1|1,0|0,0|0,1|0,0|0,0|0,0|0,0|1,1|0,1|0,1|0,0|0,1|0,0|0,0|1,0|1,1|0,1|0,0|0,0|1,1|0,1|0,1|0,1|1,1|0,1|1,1|0,1|0,1|0,1|0,1|1,0|0,0|1,0|1,0|1,0|0,1|0
2,74380163,.,C,T,.,PASS,AC=1;AN=5096;DP=87527;AF=0;EAS_AF=0;EUR_AF=0;AFR_AF=0;AMR_AF=0;SAS_AF=0;VT=SNP;NS=2548,GT,0|0,0|0,0|0,0|0,0|0,0|0,0|0,0|0,0|0,0|0,0|0,0|0,0|0,0|0,0|0,0|0,0|0,0|0,0|0,0|0,0|0,0|0,0|0,0|0,0|0,0|0,0|0,0|0,0|0,0|0,0|0,0|0,0|0,0|0,0|0,0|0,0|0,0|0,0|0,0|0,0|0,0|0,0|0,0|0,0|0,0|0,0|0,0|0,0|0,0|0,0|0,0|0,0|0,0|0,0|0,0|0,0|0,0|0,0|0,0|0,0|0,0|0,0|0,0|0,0|0,0|0,0|0,0|0,0|0,0|0,0|0,0|1,0|0,0|0,0|0,0|0,0|0,0|0,0|0,0|0,0|0,0|0,0|0,0|0,0|0,0|0,0|0,0|0,0|0,0|0,0|0,0|0,0|0,0|0,0|0,0|0,0|0,0|0,0|0
2,74380401,.,T,G,.,PASS,AC=5;AN=5096;DP=58554;AF=0;EAS_AF=0;EUR_AF=0;AFR_AF=0;AMR_AF=0;SAS_AF=0;VT=SNP;NS=2548,GT,0|0,0|0,0|0,0|0,0|0,0|0,0|0,0|0,0|0,0|0,0|0,0|0,0|0,0|0,0|0,0|0,0|0,0|0,0|0,0|0,0|0,0|0,0|0,0|0,0|0,0|0,0|0,0|0,0|0,0|0,0|0,0|0,0|0,0|0,0|0,0|0,0|0,0|0,0|0,0|0,0|0,0|0,0|0,0|0,0|0,0|0,0|0,0|0,0|0,0|0,1|0,0|0,0|0,0|0,0|0,0|0,0|0,0|0,0|0,0|0,0|0,0|0,0|0,0|0,0|0,0|0,0|0,0|0,0|0,0|0,0|0,0|0,0|0,0|0,0|0,0|0,0|0,0|0,0|0,0|0,0|0,0|0,0|0,0|0,0|0,0|0,0|0,0|0,0|0,0|0,0|0,0|0,0|0,0|0,0|0,0|0,0|0,0|0,0|0
2,74380875,.,G,A,.,PASS,AC=1;AN=5096;DP=24095;AF=0;EAS_AF=0;EUR_AF=0;AFR_AF=0;AMR_AF=0;SAS_AF=0;VT=SNP;NS=2548,GT,0|1,0|0,0|0,0|0,0|0,0|0,0|0,0|0,0|0,0|0,0|0,0|0,0|0,0|0,0|0,0|0,0|0,0|0,0|0,0|0,0|0,0|0,0|0,0|0,0|0,0|0,0|0,0|0,0|0,0|0,0|0,0|0,0|0,0|0,0|0,0|0,0|0,0|0,0|0,0|0,0|0,0|0,0|0,0|0,0|0,0|0,0|0,0|0,0|0,0|0,0|0,0|0,0|0,0|0,0|0,0|0,0|0,0|0,0|0,0|0,0|0,0|0,0|0,0|0,0|0,0|0,0|0,0|0,0|0,0|0,0|0,0|0,0|0,0|0,0|0,0|0,0|0,0|0,0|0,0|0,0|0,0|0,0|0,0|0,0|0,0|0,0|0,0|0,0|0,0|0,0|0,0|0,0|0,0|0,0|0,0|0,0|0,0|0,0|0
2,74380952,.,T,G,.,PASS,AC=2;AN=5096;DP=23211;AF=0;EAS_AF=0;EUR_AF=0;AFR_AF=0;AMR_AF=0;SAS_AF=0;VT=SNP;NS=2548,GT,0|0,0|0,0|0,0|0,0|0,0|0,0|0,0|0,0|0,0|0,0|0,0|0,0|0,0|0,0|0,0|1,0|0,0|0,0|0,0|0,0|0,0|0,0|0,0|0,0|0,0|0,0|0,0|0,0|0,0|0,0|0,0|0,0|0,0|0,0|0,0|0,0|0,0|0,0|0,0|0,0|0,0|0,0|0,0|0,0|0,0|0,0|0,0|0,0|0,0|0,0|0,0|0,0|0,0|0,0|0,0|0,0|0,0|0,0|0,0|0,0|0,0|0,0|0,0|0,0|0,0|0,0|0,0|0,0|0,0|0,0|0,0|0,0|0,0|0,0|0,0|0,0|0,0|0,0|0,0|0,0|0,0|0,0|0,0|0,0|0,0|0,1|0,0|0,0|0,0|0,0|0,0|0,0|0,0|0,0|0,0|0,0|0,0|0,0|0
2,74381599,.,T,C,.,PASS,AC=1;AN=5096;DP=23857;AF=0;EAS_AF=0;EUR_AF=0;AFR_AF=0;AMR_AF=0;SAS_AF=0;VT=SNP;NS=2548,GT,0|0,0|0,0|0,0|0,0|0,0|0,0|0,0|0,0|0,0|0,0|0,0|0,0|0,0|0,0|0,0|0,0|0,0|0,0|0,0|0,0|0,0|0,0|0,0|0,0|0,0|0,0|0,0|0,0|0,0|0,0|0,0|0,0|0,0|0,0|0,0|0,0|0,0|0,0|0,0|0,0|0,0|0,0|0,0|0,0|0,0|0,0|0,0|0,0|0,0|0,0|0,0|0,0|0,0|0,0|0,0|0,0|0,0|0,0|0,0|0,0|0,0|0,0|0,0|0,0|0,0|0,0|0,0|0,1|0,0|0,0|0,0|0,0|0,0|0,0|0,0|0,0|0,0|0,0|0,0|0,0|0,0|0,0|0,0|0,0|0,0|0,0|0,0|0,0|0,0|0,0|0,0|0,0|0,0|0,0|0,0|0,0|0,0|0,0|0
2,74381844,.,G,C,.,PASS,AC=1;AN=5096;DP=27153;AF=0;EAS_AF=0;EUR_AF=0;AFR_AF=0;AMR_AF=0;SAS_AF=0;VT=SNP;NS=2548,GT,0|0,0|0,0|0,0|0,0|0,0|0,0|0,0|0,0|0,0|0,0|0,0|0,0|0,0|0,0|0,0|0,0|0,0|0,0|0,0|0,0|0,0|0,0|0,0|0,0|0,0|0,0|0,0|0,0|0,0|0,0|0,0|0,0|0,0|0,0|0,0|0,1|0,0|0,0|0,0|0,0|0,0|0,0|0,0|0,0|0,0|0,0|0,0|0,0|0,0|0,0|0,0|0,0|0,0|0,0|0,0|0,0|0,0|0,0|0,0|0,0|0,0|0,0|0,0|0,0|0,0|0,0|0,0|0,0|0,0|0,0|0,0|0,0|0,0|0,0|0,0|0,0|0,0|0,0|0,0|0,0|0,0|0,0|0,0|0,0|0,0|0,0|0,0|0,0|0,0|0,0|0,0|0,0|0,0|0,0|0,0|0,0|0,0|0,0|0
2,74381855,.,G,T,.,PASS,AC=1;AN=5096;DP=26781;AF=0;EAS_AF=0;EUR_AF=0;AFR_AF=0;AMR_AF=0;SAS_AF=0;VT=SNP;NS=2548,GT,0|0,0|0,0|0,0|0,0|0,0|0,0|0,0|0,0|0,0|0,0|0,0|0,0|0,0|0,0|0,0|0,0|0,0|0,0|0,0|0,0|0,0|0,0|0,0|0,0|0,0|0,0|0,0|0,0|0,0|0,0|0,0|0,0|0,0|0,0|0,0|0,0|0,0|0,0|0,0|0,0|0,0|0,0|0,0|0,0|0,0|0,0|0,0|0,0|0,0|0,0|0,0|0,0|0,0|0,0|0,0|0,0|0,0|0,0|0,0|0,0|0,0|0,0|0,0|0,0|0,0|0,0|0,0|0,0|0,0|0,0|0,0|0,0|0,0|0,0|0,0|0,0|0,0|0,0|0,0|0,0|0,0|0,0|0,1|0,0|0,0|0,0|0,0|0,0|0,0|0,0|0,0|0,0|0,0|0,0|0,0|0,0|0,0|0,0|0
2,74382685,.,T,C,.,PASS,AC=4;AN=5096;DP=20473;AF=0;EAS_AF=0;EUR_AF=0;AFR_AF=0;AMR_AF=0;SAS_AF=0;VT=SNP;NS=2548,GT,0|0,0|0,0|0,0|0,0|0,0|0,0|0,0|0,0|0,0|0,0|0,0|0,0|0,0|0,0|0,0|0,0|0,0|0,0|0,0|0,0|0,0|0,0|0,0|0,0|0,0|0,0|0,0|0,0|0,0|0,0|0,0|0,0|0,0|0,0|0,0|0,1|0,0|0,0|0,0|0,0|0,0|0,0|0,0|0,0|0,0|0,0|0,0|0,0|0,0|0,0|0,0|0,0|0,0|0,0|0,0|0,0|0,0|0,0|0,0|0,0|0,0|0,0|0,0|0,0|0,0|0,0|0,0|0,0|0,0|0,0|0,0|0,0|0,0|0,0|0,0|0,0|0,0|0,0|0,0|0,0|0,0|0,0|0,0|0,0|0,0|0,0|0,0|0,0|0,0|0,0|0,0|0,0|0,0|0,0|0,0|0,0|0,0|0,0|0
2,74383091,.,A,T,.,PASS,AC=170;AN=5096;DP=11844;AF=0.03;EAS_AF=0.13;EUR_AF=0;AFR_AF=0.02;AMR_AF=0.01;SAS_AF=0.01;VT=SNP;NS=2548,GT,0|0,1|0,0|0,0|0,0|0,0|0,0|0,0|0,0|1,0|0,0|0,0|0,0|0,0|0,0|0,1|0,0|0,0|0,1|0,0|1,0|1,0|1,0|1,0|0,0|0,1|0,0|0,0|1,0|1,0|0,0|0,0|0,0|0,1|1,0|0,0|0,0|0,0|0,0|0,0|0,0|0,0|0,0|0,0|0,0|0,0|0,0|1,0|1,0|0,0|0,0|1,1|1,0|0,0|1,0|1,0|0,0|0,1|0,0|0,0|0,1|0,1|0,0|0,0|0,0|0,0|0,0|1,1|0,0|1,0|0,0|0,0|0,0|0,1|0,0|0,1|0,0|0,0|0,0|0,0|1,0|0,0|0,0|0,0|0,0|0,0|0,0|0,0|0,0|0,0|0,0|0,0|1,0|0,0|0,1|0,0|0,1|0,0|0,0|0
2,74383224,.,T,G,.,PASS,AC=10;AN=5096;DP=15924;AF=0;EAS_AF=0.01;EUR_AF=0;AFR_AF=0;AMR_AF=0;SAS_AF=0;VT=SNP;NS=2548,GT,0|0,0|0,0|0,0|0,0|0,0|0,0|0,0|0,0|0,0|0,0|0,0|0,0|0,0|0,0|0,0|0,0|0,0|0,0|0,0|0,0|0,0|0,0|0,0|0,0|0,0|0,0|0,0|0,0|0,0|0,0|0,0|0,0|0,0|0,0|1,0|0,0|0,0|0,0|0,0|0,0|0,0|0,0|0,0|0,0|0,0|0,0|0,0|0,0|0,0|0,0|0,0|0,0|0,0|0,0|0,0|0,0|0,0|0,0|0,0|0,0|0,0|0,0|0,0|0,0|0,0|0,0|0,0|0,0|0,0|0,0|0,0|0,0|0,0|0,0|0,0|0,0|0,0|0,0|0,0|0,0|0,0|0,0|0,0|0,0|0,0|0,0|0,0|0,0|0,0|0,0|0,0|0,0|0,0|0,0|0,0|0,0|0,0|0,0|0
2,74383737,.,A,G,.,PASS,AC=604;AN=5096;DP=23854;AF=0.12;EAS_AF=0.28;EUR_AF=0.06;AFR_AF=0.02;AMR_AF=0.07;SAS_AF=0.17;VT=SNP;NS=2548,GT,1|0,0|0,0|0,1|0,1|0,0|0,0|0,0|1,0|0,0|0,0|1,0|0,0|0,1|1,0|1,0|1,0|1,0|0,0|0,0|0,0|0,0|0,0|0,0|0,0|1,0|1,0|0,0|0,0|0,0|0,0|0,0|0,0|1,0|0,0|0,0|0,1|0,0|0,1|0,0|0,0|0,0|0,0|0,0|1,0|0,1|1,0|0,0|0,0|0,0|0,0|0,0|0,1|0,0|0,0|0,0|0,1|0,0|1,0|0,0|0,0|0,0|0,1|0,0|0,0|0,0|0,0|0,0|0,0|0,0|1,1|0,1|0,1|0,0|0,1|0,0|0,0|1,0|1,1|0,1|0,0|0,0|1,0|0,1|0,0|0,0|0,1|0,1|1,1|0,1|0,1|0,0|0,0|0,0|0,0|1,0|0,0|1,0|0,1|0
2,74384109,.,A,T,.,PASS,AC=3;AN=5096;DP=24276;AF=0;EAS_AF=0;EUR_AF=0;AFR_AF=0;AMR_AF=0;SAS_AF=0;VT=SNP;NS=2548,GT,0|0,0|0,0|0,0|0,0|0,0|0,0|0,0|0,0|0,0|0,0|0,0|0,0|0,0|0,0|0,0|0,0|0,0|0,0|0,0|0,0|0,0|0,0|0,0|0,0|0,0|0,0|0,0|0,0|0,0|0,0|0,0|0,0|1,0|0,0|0,0|0,0|0,0|0,0|0,0|0,0|0,0|0,0|0,0|0,0|0,0|0,0|0,0|0,0|0,0|0,0|0,0|0,0|0,0|0,0|0,0|0,0|0,0|0,0|0,0|0,0|0,0|0,0|0,0|0,0|0,0|0,0|0,0|0,0|0,0|0,0|0,0|0,0|0,0|0,0|0,0|0,0|0,0|0,0|0,0|0,0|0,0|0,0|0,0|0,0|0,0|0,0|0,0|0,0|0,0|0,0|0,0|0,0|0,0|0,0|0,0|0,0|0,0|0,0|0
2,74384524,.,G,GA,.,PASS,AC=604;AN=5096;DP=22460;AF=0.12;EAS_AF=0.28;EUR_AF=0.06;AFR_AF=0.03;AMR_AF=0.07;SAS_AF=0.17;VT=INDEL;NS=2548,GT,1|0,0|0,0|0,1|0,1|0,0|0,0|0,0|1,0|0,0|0,0|1,0|0,0|0,1|1,0|1,0|1,0|1,0|0,0|0,0|0,0|0,0|0,0|0,0|0,0|1,0|1,0|0,0|0,0|0,0|0,0|0,0|0,0|1,0|0,0|0,0|0,1|0,0|0,1|0,0|0,0|0,0|0,0|0,0|1,0|0,1|1,0|0,0|0,0|0,0|0,0|0,0|0,1|0,0|0,0|0,0|0,1|0,0|1,0|0,0|0,0|0,0|0,1|0,0|0,0|0,0|0,0|0,0|0,0|0,0|1,1|0,1|0,1|0,0|0,1|0,0|0,0|1,0|1,1|0,1|0,0|0,0|1,0|0,1|0,0|0,0|0,1|0,1|1,1|0,1|0,1|0,0|0,0|0,0|0,0|1,0|0,0|1,0|0,1|0
2,74384820,.,G,C,.,PASS,AC=3;AN=5096;DP=23300;AF=0;EAS_AF=0;EUR_AF=0;AFR_AF=0;AMR_AF=0;SAS_AF=0;VT=SNP;NS=2548,GT,0|0,0|0,0|0,0|0,0|0,0|0,0|0,0|0,0|0,0|0,0|0,0|0,0|0,0|0,0|0,0|0,0|0,0|0,0|0,0|0,0|0,0|0,0|0,0|0,0|0,0|0,0|0,0|0,0|0,0|0,0|0,0|0,0|0,0|0,0|0,0|0,0|0,0|0,0|0,0|0,0|0,0|0,0|0,0|0,0|0,0|0,0|0,0|0,0|0,0|0,0|0,0|0,0|0,0|0,0|0,0|0,0|0,0|0,0|0,0|0,0|0,0|0,0|0,0|0,0|0,0|0,0|1,0|0,0|0,0|0,0|0,0|0,0|0,0|0,0|0,0|0,0|0,0|0,0|0,0|0,0|0,0|0,0|0,0|0,0|0,0|0,0|0,0|0,0|0,0|0,0|0,0|0,0|0,0|0,0|0,0|0,0|0,0|0,0|0
2,74384842,.,C,G,.,PASS,AC=1009;AN=5096;DP=23946;AF=0.2;EAS_AF=0.42;EUR_AF=0.12;AFR_AF=0.11;AMR_AF=0.13;SAS_AF=0.22;VT=SNP;NS=2548,GT,1|1,0|0,0|0,1|0,1|0,0|0,0|0,0|1,0|0,0|0,0|1,1|1,0|0,1|1,0|1,0|1,0|1,0|0,0|1,1|0,0|0,1|0,0|0,0|1,0|1,0|1,0|0,0|0,0|0,0|0,0|0,0|0,0|1,0|0,0|1,0|0,1|0,0|0,1|0,0|1,0|0,0|0,0|0,1|1,0|1,1|1,1|0,0|0,0|0,0|0,1|0,0|0,1|0,0|0,1|0,0|0,1|0,0|1,0|0,0|0,0|0,0|0,1|1,0|0,0|0,1|0,0|0,0|0,0|0,0|1,1|0,1|0,1|0,0|0,1|0,0|0,0|1,0|1,1|0,1|0,0|0,0|1,1|0,1|0,1|0,1|1,1|0,1|1,1|0,1|0,1|0,1|0,1|1,0|0,0|1,0|1,0|1,0|0,1|0
2,74384961,.,G,A,.,PASS,AC=1;AN=5096;DP=24685;AF=0;EAS_AF=0;EUR_AF=0;AFR_AF=0;AMR_AF=0;SAS_AF=0;VT=SNP;NS=2548,GT,0|0,0|0,0|0,0|0,0|0,0|0,0|0,0|0,0|0,0|0,0|0,0|0,0|0,0|0,0|0,0|0,0|0,0|0,0|0,0|0,0|0,0|0,0|0,0|0,1|0,0|0,0|0,0|0,0|0,0|0,0|0,0|0,0|0,0|0,0|0,0|0,0|0,0|0,0|0,0|0,0|0,0|0,0|0,0|0,0|0,0|0,0|0,0|0,0|0,0|0,0|0,0|0,0|0,0|0,0|0,0|0,0|0,0|0,0|0,0|0,0|0,0|0,0|0,0|0,0|0,0|0,0|0,0|0,0|0,0|0,0|0,0|0,0|0,0|0,0|0,0|0,0|0,0|0,0|0,0|0,0|0,0|0,0|0,0|0,0|0,0|0,0|0,0|0,0|0,0|0,0|0,0|0,0|0,0|0,0|0,0|0,0|0,0|0,0|0
2,74385252,.,A,G,.,PASS,AC=1585;AN=5096;DP=25106;AF=0.31;EAS_AF=0.42;EUR_AF=0.12;AFR_AF=0.51;AMR_AF=0.17;SAS_AF=0.23;VT=SNP;NS=2548,GT,1|1,0|0,0|0,1|0,1|0,0|0,0|0,0|1,0|0,0|0,0|1,1|1,0|0,1|1,0|1,0|1,0|1,0|0,0|1,1|0,0|0,1|0,0|0,0|1,0|1,0|1,0|0,0|0,0|0,0|0,0|0,0|0,0|1,0|0,0|1,0|0,1|0,0|0,1|0,0|1,0|0,0|0,0|0,1|1,0|1,1|1,1|0,0|0,0|0,0|0,1|0,0|0,1|0,0|0,1|0,0|0,1|0,0|1,0|0,0|0,0|0,0|0,1|1,0|0,0|0,1|0,0|0,0|0,0|0,0|1,1|0,1|0,1|0,0|0,1|0,0|0,0|1,0|1,1|0,1|0,0|0,0|1,1|0,1|0,1|0,1|1,1|0,1|1,1|0,1|0,1|0,1|0,1|1,0|0,0|1,0|1,0|1,0|0,1|0
2,74385633,.,G,A,.,PASS,AC=2;AN=5096;DP=25501;AF=0;EAS_AF=0;EUR_AF=0;AFR_AF=0;AMR_AF=0;SAS_AF=0;VT=SNP;NS=2548,GT,0|0,0|0,0|0,0|0,0|0,0|0,0|0,0|0,0|0,0|0,0|0,0|0,0|0,0|0,0|0,0|0,0|0,0|0,0|0,0|0,0|0,0|0,0|0,0|0,0|0,0|0,0|0,0|0,0|0,0|0,0|0,0|1,0|0,0|0,0|0,0|0,0|0,0|0,0|0,0|0,0|0,0|0,0|0,0|0,0|0,0|0,0|0,0|0,0|0,0|0,0|0,0|0,0|0,0|0,0|0,0|0,0|0,0|0,0|0,0|0,0|0,0|0,0|0,0|0,0|0,0|0,0|0,0|0,0|0,0|0,0|0,0|0,0|0,0|0,0|0,0|0,0|0,0|0,0|0,0|0,0|0,0|0,0|0,0|0,0|0,0|0,0|0,0|0,0|0,0|0,0|0,0|0,0|0,0|0,0|0,0|0,0|0,0|0,0|0
2,74386294,.,C,T,.,PASS,AC=4;AN=5096;DP=24377;AF=0;EAS_AF=0;EUR_AF=0;AFR_AF=0;AMR_AF=0;SAS_AF=0;VT=SNP;NS=2548,GT,0|0,0|0,0|0,0|0,0|0,0|0,0|0,0|0,0|0,0|0,0|0,0|0,0|0,0|0,0|0,0|0,0|0,0|0,0|0,0|0,0|0,0|0,0|0,0|0,0|0,0|0,0|0,0|0,0|0,0|0,0|0,0|0,0|0,0|0,0|0,0|0,0|0,0|0,0|0,0|0,0|0,0|0,0|0,0|0,0|0,0|0,0|0,0|0,0|0,0|0,0|0,0|0,0|0,0|0,0|0,0|0,0|0,0|0,0|0,0|0,0|0,0|0,0|0,0|0,0|0,0|0,0|0,0|0,0|0,0|0,0|0,0|0,0|0,0|0,0|0,0|0,0|0,0|0,0|0,1|0,0|0,0|0,0|0,0|0,0|0,0|0,0|0,0|0,0|0,0|0,0|0,0|0,0|0,0|0,0|0,0|0,0|0,0|0,0|0
2,74386428,.,T,G,.,PASS,AC=1014;AN=5096;DP=23023;AF=0.2;EAS_AF=0.43;EUR_AF=0.12;AFR_AF=0.11;AMR_AF=0.13;SAS_AF=0.22;VT=SNP;NS=2548,GT,1|1,0|0,0|0,1|0,1|0,0|0,0|0,0|1,0|0,0|0,0|1,1|1,0|0,1|1,0|1,0|1,0|1,0|0,0|1,1|0,0|0,1|0,0|0,0|1,0|1,0|1,0|0,0|0,0|0,0|0,0|0,0|0,0|1,0|0,0|1,0|0,1|0,0|0,1|0,0|1,0|0,0|0,0|0,1|1,0|1,1|1,1|0,0|0,0|0,0|0,1|0,0|0,1|0,0|0,1|0,0|0,1|0,0|1,0|0,0|0,0|0,0|0,1|1,0|0,0|0,1|0,0|0,0|0,0|0,0|1,1|0,1|0,1|0,0|0,1|0,0|0,0|1,0|1,1|0,1|0,0|0,0|1,1|0,1|0,1|0,1|1,1|0,1|1,1|0,1|0,1|0,1|0,1|1,0|0,0|1,0|1,0|1,0|0,1|0
2,74386436,.,T,G,.,PASS,AC=4;AN=5096;DP=22719;AF=0;EAS_AF=0;EUR_AF=0;AFR_AF=0;AMR_AF=0;SAS_AF=0;VT=SNP;NS=2548,GT,0|0,0|0,0|0,0|0,0|0,0|0,0|0,0|0,0|0,0|0,0|0,0|0,0|0,0|0,0|0,0|0,0|0,0|0,0|0,0|0,0|0,0|0,0|0,1|0,0|0,0|0,0|0,0|0,0|0,0|0,0|0,0|0,0|0,0|0,0|0,0|0,0|0,0|0,0|0,0|0,0|0,0|0,0|0,0|0,0|0,0|0,0|0,0|0,0|0,0|0,0|0,0|0,0|0,0|0,0|0,0|0,0|0,0|0,0|0,0|0,0|0,0|0,0|0,0|0,0|0,0|0,0|0,0|0,0|0,0|0,0|0,0|0,0|0,0|0,0|0,0|0,0|0,0|0,0|0,0|0,0|0,0|0,0|0,0|0,0|0,0|0,0|0,0|0,0|0,0|0,0|0,0|0,0|0,0|0,0|0,0|0,0|0,0|0,0|0
2,74386850,.,T,C,.,PASS,AC=4;AN=5096;DP=23170;AF=0;EAS_AF=0;EUR_AF=0;AFR_AF=0;AMR_AF=0;SAS_AF=0;VT=SNP;NS=2548,GT,0|0,0|0,0|0,0|0,0|0,0|0,0|0,0|0,0|0,0|0,0|0,0|0,0|0,0|0,0|0,0|0,0|0,0|0,0|0,0|0,0|0,0|0,0|0,0|0,0|1,0|0,0|0,0|0,0|0,0|0,0|0,0|0,0|0,0|0,0|0,0|0,0|0,0|0,0|0,0|0,0|0,0|0,0|0,0|0,0|0,0|0,0|0,0|0,0|0,0|0,0|0,0|0,0|0,0|0,0|0,0|0,0|0,0|0,0|0,0|0,0|0,0|0,0|0,0|0,0|0,0|0,0|0,0|0,0|0,0|0,0|0,0|0,0|0,0|0,0|0,0|0,0|0,0|0,0|0,0|0,0|0,0|0,0|0,0|0,0|0,0|0,0|0,0|0,0|0,0|0,0|0,0|0,0|0,0|0,0|0,0|0,0|0,0|0,0|0
2,74387411,.,C,A,.,PASS,AC=5;AN=5096;DP=23247;AF=0;EAS_AF=0;EUR_AF=0;AFR_AF=0;AMR_AF=0;SAS_AF=0;VT=SNP;NS=2548,GT,0|0,0|0,0|0,0|0,0|0,0|0,0|0,0|0,0|0,0|0,0|0,0|0,0|0,0|0,0|0,0|0,0|0,0|0,0|0,0|0,0|0,0|0,0|0,0|0,0|0,0|0,0|0,0|0,0|0,0|0,0|0,0|0,0|0,0|0,0|0,0|0,0|0,0|0,0|1,0|0,0|0,0|0,0|0,0|0,0|0,0|0,0|0,0|0,0|0,0|0,0|0,0|0,0|0,0|0,0|0,0|0,0|0,0|0,0|0,0|0,0|0,0|0,0|0,0|0,0|0,0|0,0|0,0|0,0|0,0|0,0|0,0|0,0|0,0|0,0|0,0|0,0|0,0|0,0|0,0|0,0|0,0|0,0|0,0|0,0|0,0|0,0|0,0|0,0|0,0|0,0|0,0|0,0|0,0|0,0|0,0|0,0|0,0|0,0|0
2,74387585,.,C,G,.,PASS,AC=2;AN=5096;DP=25414;AF=0;EAS_AF=0;EUR_AF=0;AFR_AF=0;AMR_AF=0;SAS_AF=0;VT=SNP;NS=2548,GT,0|0,0|0,0|0,0|0,0|0,0|0,0|0,0|0,0|0,0|0,0|0,0|0,0|0,0|0,0|0,0|0,0|0,0|0,0|0,0|0,0|0,0|0,0|0,0|0,0|0,0|0,0|0,0|0,0|0,0|0,0|0,0|0,0|0,0|0,0|0,0|0,0|0,0|0,0|0,0|0,0|0,0|0,0|0,0|0,0|0,0|0,0|0,0|0,0|0,0|0,0|1,0|0,0|0,0|0,0|0,0|0,0|0,0|0,0|0,0|0,0|0,0|0,0|0,0|0,0|0,0|0,0|0,0|0,0|0,0|0,0|0,0|0,0|0,0|0,0|0,0|0,0|0,0|0,0|0,0|0,0|0,0|0,0|0,0|0,0|0,0|0,0|0,0|0,0|0,0|0,0|0,0|0,0|0,0|0,0|0,0|0,0|0,0|0,0|0
2,74387682,.,T,C,.,PASS,AC=1;AN=5096;DP=23872;AF=0;EAS_AF=0;EUR_AF=0;AFR_AF=0;AMR_AF=0;SAS_AF=0;VT=SNP;NS=2548,GT,0|0,0|0,0|0,0|0,0|0,0|0,0|0,0|0,0|0,0|0,0|0,0|0,0|0,0|0,0|0,0|0,0|0,0|0,0|0,0|0,0|0,0|0,0|0,0|0,0|0,0|0,0|0,0|0,0|0,0|0,0|0,0|0,0|0,0|0,0|0,0|0,0|0,0|0,0|0,0|0,0|0,0|0,0|0,0|0,0|0,0|0,0|0,0|0,0|0,0|0,0|0,0|0,0|0,0|0,0|0,0|0,0|0,0|0,0|0,0|0,0|0,0|0,0|0,0|0,0|0,0|0,0|0,0|0,0|0,0|0,0|0,0|0,0|0,0|1,0|0,0|0,0|0,0|0,0|0,0|0,0|0,0|0,0|0,0|0,0|0,0|0,0|0,0|0,0|0,0|0,0|0,0|0,0|0,0|0,0|0,0|0,0|0,0|0,0|0
2,74387776,.,A,AGTCT,.,PASS,AC=1577;AN=5096;DP=24228;AF=0.31;EAS_AF=0.43;EUR_AF=0.12;AFR_AF=0.5;AMR_AF=0.17;SAS_AF=0.22;VT=INDEL;NS=2548,GT,1|1,0|0,0|0,1|0,1|0,0|0,0|0,0|1,0|0,0|0,0|1,1|1,0|0,1|1,0|1,0|1,0|1,0|0,0|1,1|0,0|0,1|0,0|0,0|1,0|1,0|1,0|0,0|0,0|0,0|0,0|0,0|0,0|1,0|0,0|1,0|0,1|0,0|0,1|0,0|1,0|0,0|0,0|0,1|1,0|1,1|1,1|0,0|0,0|0,0|0,1|0,0|0,1|0,0|0,1|0,0|0,1|0,0|1,0|0,0|0,0|0,0|0,1|1,0|0,0|0,1|0,0|0,0|0,0|0,0|1,1|0,1|0,1|0,0|0,1|0,0|0,0|1,0|1,1|0,1|0,0|0,0|1,1|0,1|0,1|0,1|1,1|0,1|1,1|0,1|0,1|0,1|0,1|1,0|0,0|1,0|1,0|1,0|0,1|0
2,74387916,.,T,C,.,PASS,AC=1013;AN=5096;DP=24449;AF=0.2;EAS_AF=0.43;EUR_AF=0.12;AFR_AF=0.11;AMR_AF=0.13;SAS_AF=0.22;VT=SNP;NS=2548,GT,1|1,0|0,0|0,1|0,1|0,0|0,0|0,0|1,0|0,0|0,0|1,1|1,0|0,1|1,0|1,0|1,0|1,0|0,0|1,1|0,0|0,1|0,0|0,0|1,0|1,0|1,0|0,0|0,0|0,0|0,0|0,0|0,0|1,0|0,0|1,0|0,1|0,0|0,1|0,0|1,0|0,0|0,0|0,1|1,0|1,1|1,1|0,0|0,0|0,0|0,1|0,0|0,1|0,0|0,1|0,0|0,1|0,0|1,0|0,0|0,0|0,0|0,1|1,0|0,0|0,1|0,0|0,0|0,0|0,0|1,1|0,1|0,1|0,0|0,1|0,0|0,0|1,0|1,1|0,1|0,0|0,0|1,1|0,1|0,1|0,1|1,1|0,1|1,1|0,1|0,1|0,1|0,1|1,0|0,0|1,0|1,0|1,0|0,1|0
2,74387998,.,A,C,.,PASS,AC=10;AN=5096;DP=23913;AF=0;EAS_AF=0.01;EUR_AF=0;AFR_AF=0;AMR_AF=0;SAS_AF=0;VT=SNP;NS=2548,GT,0|0,0|0,0|0,0|0,0|0,0|0,0|0,0|0,0|0,0|0,0|0,0|0,0|0,0|0,0|0,0|0,0|0,0|0,0|0,0|0,0|0,0|0,0|0,0|0,0|0,0|0,0|0,0|0,0|0,0|0,0|0,0|0,0|0,0|0,0|0,0|0,0|0,0|0,0|0,0|0,0|0,0|0,0|0,0|0,0|0,0|0,0|0,0|0,0|0,0|0,0|0,0|0,0|0,0|0,0|0,0|0,0|0,0|0,0|0,0|0,0|0,0|0,1|0,0|0,0|0,0|0,0|0,0|0,0|0,0|0,0|0,0|0,0|0,0|0,0|0,0|0,0|0,0|0,0|0,0|0,0|0,0|0,0|0,0|0,0|0,0|0,0|0,0|0,0|0,0|0,0|0,0|0,0|0,0|0,0|0,0|0,0|0,0|0,0|0
2,74388197,.,A,AAAAACAAAAC,.,PASS,AC=2647;AN=5096;DP=22187;AF=0.52;EAS_AF=0.82;EUR_AF=0.14;AFR_AF=0.86;AMR_AF=0.33;SAS_AF=0.27;VT=INDEL;NS=2548,GT,1|1,1|1,0|0,1|1,1|0,1|1,1|1,1|1,0|1,1|1,1|1,1|1,1|1,1|1,1|1,1|1,1|1,0|1,1|1,1|1,1|1,1|1,1|1,1|1,0|1,0|1,1|1,1|1,1|1,1|1,1|1,1|1,0|1,1|1,1|1,0|0,1|1,1|0,1|0,0|1,0|1,1|0,1|1,1|1,1|1,1|1,1|1,0|1,1|1,1|1,1|1,1|1,1|0,1|1,1|1,1|0,1|0,1|1,1|0,1|1,1|1,1|1,1|1,0|0,1|1,1|0,1|0,1|0,0|1,0|1,1|0,1|1,1|1,1|0,1|0,1|1,1|1,0|1,1|0,1|1,0|1,1|1,1|1,1|0,1|0,1|1,1|1,1|1,1|0,1|0,1|1,1|1,1|1,0|0,1|1,0|1,1|1,1|1,1|0
2,74388653,.,A,C,.,PASS,AC=1;AN=5096;DP=24195;AF=0;EAS_AF=0;EUR_AF=0;AFR_AF=0;AMR_AF=0;SAS_AF=0;VT=SNP;NS=2548,GT,0|0,0|0,0|0,0|0,0|0,0|0,0|0,0|0,0|0,0|0,0|0,0|0,0|0,0|0,0|0,0|0,0|0,0|0,0|0,0|0,0|0,0|0,0|0,0|0,0|0,0|0,0|0,0|0,0|0,0|0,0|0,0|0,0|0,0|0,0|0,0|0,0|0,0|0,0|0,0|0,0|0,0|0,0|0,0|0,0|0,0|0,0|0,0|0,0|0,0|0,0|0,0|0,0|0,0|0,0|0,0|0,0|0,0|0,0|0,0|0,0|0,0|0,0|0,0|0,0|0,0|0,0|0,0|0,0|0,0|0,0|0,0|0,0|0,0|0,0|0,0|0,0|0,0|0,0|0,0|0,0|0,0|0,0|0,0|0,0|0,0|0,0|0,0|0,0|0,0|0,0|0,0|0,0|0,0|0,0|0,0|0,0|1,0|0,0|0
2,74388735,.,T,C,.,PASS,AC=896;AN=5096;DP=25950;AF=0.18;EAS_AF=0.4;EUR_AF=0.02;AFR_AF=0.23;AMR_AF=0.16;SAS_AF=0.05;VT=SNP;NS=2548,GT,0|0,1|1,0|0,0|1,0|0,1|1,1|1,1|0,0|1,1|1,1|0,0|0,1|1,0|0,1|0,1|0,1|0,0|1,1|0,0|1,1|1,0|1,1|1,1|0,0|0,1|0,1|1,1|1,1|1,1|1,1|1,1|1,0|0,1|1,1|0,0|0,0|1,1|0,0|0,0|0,0|1,1|0,1|1,0|0,1|0,0|0,0|1,0|1,1|1,1|1,0|1,1|1,0|0,1|1,0|1,1|0,0|0,1|0,1|0,1|1,1|1,1|1,0|0,0|0,1|1,0|0,1|0,1|0,0|1,0|0,0|0,0|1,0|1,1|0,0|0,1|1,1|0,0|0,0|0,0|1,0|1,1|0,0|1,0|0,0|0,0|0,0|1,0|0,0|0,0|0,0|1,0|1,0|0,0|0,1|0,0|0,1|0,1|1,0|0
2,74389327,.,G,A,.,PASS,AC=16;AN=5096;DP=24414;AF=0;EAS_AF=0.01;EUR_AF=0;AFR_AF=0;AMR_AF=0;SAS_AF=0;VT=SNP;NS=2548,GT,0|0,0|0,0|0,0|0,0|0,0|0,0|0,0|0,0|0,0|0,0|0,0|0,0|0,0|0,0|0,0|0,0|0,0|0,0|0,0|0,0|0,0|0,0|0,0|0,0|0,0|0,0|0,0|0,0|0,0|0,0|0,0|0,0|0,0|0,0|0,0|0,0|0,0|0,0|0,0|0,0|0,0|0,0|0,0|0,0|0,0|0,0|0,0|0,0|0,0|0,1|0,0|0,0|0,0|0,0|0,0|0,0|0,0|0,0|0,0|0,0|0,0|0,0|0,0|0,0|0,0|0,0|0,0|0,0|0,0|0,0|0,0|0,0|0,0|0,0|0,0|0,0|0,0|0,0|0,0|0,0|0,0|0,0|0,0|0,0|0,0|0,0|0,0|0,0|0,0|0,0|0,0|0,0|0,0|0,0|0,0|0,0|0,0|0,0|0
2,74389489,.,A,C,.,PASS,AC=154;AN=5096;DP=24427;AF=0.03;EAS_AF=0;EUR_AF=0;AFR_AF=0.11;AMR_AF=0.01;SAS_AF=0;VT=SNP;NS=2548,GT,0|0,0|0,0|0,0|0,0|0,0|0,0|0,0|0,0|0,0|0,0|0,0|0,0|0,0|0,0|0,0|0,0|0,0|0,0|0,0|0,0|0,0|0,0|0,0|0,0|0,0|0,0|0,0|0,0|0,0|0,0|0,0|0,0|0,0|0,0|0,0|0,0|0,0|0,0|0,0|0,0|0,0|0,0|0,0|0,0|0,0|0,0|0,0|0,0|1,0|0,0|0,0|0,0|0,0|0,0|0,0|0,0|0,0|0,0|0,0|0,0|0,0|0,0|0,0|0,0|0,0|0,0|0,0|0,0|0,0|0,0|0,0|0,0|0,0|0,0|0,0|0,0|0,0|0,0|0,0|0,0|0,1|0,0|0,0|0,0|0,0|0,0|0,0|0,0|0,0|0,0|0,0|0,0|0,0|0,0|0,0|0,0|0,0|0,0|0
2,74389532,.,A,G,.,PASS,AC=1049;AN=5096;DP=24184;AF=0.21;EAS_AF=0.4;EUR_AF=0.02;AFR_AF=0.34;AMR_AF=0.16;SAS_AF=0.05;VT=SNP;NS=2548,GT,0|0,1|1,0|0,0|1,0|0,1|1,1|1,1|0,0|1,1|1,1|0,0|0,1|1,0|0,1|0,1|0,1|0,0|1,1|0,0|1,1|1,0|1,1|1,1|0,0|0,1|0,1|1,1|1,1|1,1|1,1|1,1|1,0|0,1|1,1|0,0|0,0|1,1|0,0|0,0|0,0|1,1|0,1|1,0|0,1|0,0|0,0|1,0|1,1|1,1|1,0|1,1|1,0|0,1|1,0|1,1|0,0|0,1|0,1|0,1|1,1|1,1|1,0|0,0|1,1|1,0|0,1|1,1|0,0|1,0|0,0|0,0|1,0|1,1|0,0|0,1|1,1|0,0|0,0|0,0|1,0|1,1|0,0|1,0|0,0|0,0|0,0|1,0|0,0|0,0|0,0|1,0|1,0|0,0|0,1|0,0|0,1|0,1|1,0|0
2,74389743,.,A,G,.,PASS,AC=1603;AN=5096;DP=27273;AF=0.31;EAS_AF=0.43;EUR_AF=0.12;AFR_AF=0.51;AMR_AF=0.16;SAS_AF=0.24;VT=SNP;NS=2548,GT,1|1,0|0,0|0,1|0,1|0,0|0,0|0,0|1,0|0,0|0,0|1,1|1,0|0,1|1,0|1,0|1,0|1,0|0,0|1,1|0,0|0,1|0,0|0,0|1,0|1,0|1,0|0,0|0,0|0,0|0,0|0,0|0,0|1,0|0,0|1,0|0,1|0,0|0,1|0,0|1,0|0,0|0,0|0,1|1,0|1,1|1,1|0,0|0,0|0,0|0,1|0,0|0,1|0,0|0,1|0,0|0,1|0,0|1,0|0,0|0,0|0,0|0,1|1,0|0,0|0,1|0,0|0,0|0,0|0,0|1,1|0,1|0,1|0,0|0,1|0,0|0,0|1,0|1,1|0,1|0,0|0,0|1,1|0,1|0,1|0,1|1,1|0,1|1,1|0,1|0,1|0,1|0,1|1,0|0,0|1,0|1,0|1,0|0,1|0
2,74390070,.,G,A,.,PASS,AC=37;AN=5096;DP=23118;AF=0.01;EAS_AF=0.04;EUR_AF=0;AFR_AF=0;AMR_AF=0;SAS_AF=0;VT=SNP;NS=2548,GT,0|0,0|0,0|0,0|0,0|0,0|1,0|0,0|0,0|0,0|0,0|0,0|0,0|0,0|0,0|0,0|0,0|0,0|0,0|0,0|0,0|0,0|0,0|0,0|0,0|0,0|0,0|0,0|0,0|0,1|1,0|0,0|0,0|0,0|0,0|0,0|0,0|1,0|0,0|0,0|0,0|0,1|0,0|0,0|0,1|0,0|0,0|0,0|0,0|0,0|0,0|0,0|0,0|0,0|0,0|0,0|0,0|0,0|0,0|0,0|0,0|0,0|0,0|0,0|0,0|0,0|0,0|0,0|0,0|0,0|0,0|0,0|0,0|0,0|0,0|0,0|0,0|0,0|0,0|0,0|0,0|0,0|0,0|1,0|0,0|0,0|0,0|0,0|0,0|0,0|0,0|0,0|0,0|0,0|0,0|0,0|0,0|0,0|0,0|0
2,74390382,.,T,C,.,PASS,AC=11;AN=5096;DP=23864;AF=0;EAS_AF=0.01;EUR_AF=0;AFR_AF=0;AMR_AF=0;SAS_AF=0;VT=SNP;NS=2548,GT,0|0,0|0,0|0,0|0,0|0,0|0,0|0,0|0,0|0,0|0,0|0,0|0,0|0,0|0,0|0,0|0,0|0,0|0,0|0,0|0,0|0,0|0,0|0,0|0,0|0,0|0,0|0,0|0,0|1,0|0,0|0,0|0,0|0,1|1,0|0,0|0,0|0,0|0,0|0,0|0,0|0,0|0,0|0,0|0,0|0,0|0,0|0,0|0,0|0,0|0,0|0,0|0,0|0,0|0,0|0,0|0,0|0,0|0,0|0,0|0,0|0,0|0,0|0,0|0,0|0,0|0,0|1,0|0,0|0,0|0,0|0,0|0,0|0,0|0,0|0,0|0,0|0,0|0,0|0,0|0,0|0,0|0,0|0,0|0,0|0,0|0,0|0,0|0,0|0,0|0,0|0,0|0,0|0,0|0,0|0,0|0,0|0,0|0,0|0
2,74391633,.,C,T,.,PASS,AC=1012;AN=5096;DP=14125;AF=0.2;EAS_AF=0.43;EUR_AF=0.11;AFR_AF=0.11;AMR_AF=0.12;SAS_AF=0.23;VT=SNP;NS=2548,GT,1|1,0|0,0|0,1|0,1|0,0|0,0|0,0|1,0|0,0|0,0|1,1|1,0|0,1|1,0|1,0|1,0|1,0|0,0|1,1|0,0|0,1|0,0|0,0|1,0|1,0|1,0|0,0|0,0|0,0|0,0|0,0|0,0|1,0|0,0|1,0|0,1|0,0|0,1|0,0|1,0|0,0|0,0|0,1|1,0|1,1|1,1|0,0|0,0|0,0|0,1|0,0|0,1|0,0|0,1|0,0|0,1|0,0|1,0|0,0|0,0|0,0|0,1|1,0|0,0|0,1|0,0|0,0|0,0|0,0|1,1|0,1|0,1|0,0|0,1|0,0|0,0|1,0|1,1|0,1|0,0|0,0|1,1|0,1|0,1|0,1|1,1|0,1|1,1|0,1|0,1|0,1|0,1|1,0|0,0|1,0|1,0|1,0|0,1|0
2,74391866,.,C,G,.,PASS,AC=554;AN=5096;DP=12663;AF=0.11;EAS_AF=0.28;EUR_AF=0.04;AFR_AF=0.03;AMR_AF=0.05;SAS_AF=0.14;VT=SNP;NS=2548,GT,1|1,0|0,0|0,1|0,0|0,0|0,0|0,0|0,0|0,0|0,0|0,1|1,0|0,1|0,0|1,0|1,0|0,0|0,0|1,1|0,0|0,1|0,0|0,0|1,0|1,0|0,0|0,0|0,0|0,0|0,0|0,0|0,0|1,0|0,0|1,0|0,1|0,0|0,0|0,0|1,0|0,0|0,0|0,1|1,0|1,0|1,1|0,0|0,0|0,0|0,1|0,0|0,1|0,0|0,1|0,0|0,0|0,0|0,0|0,0|0,0|0,0|0,0|1,0|0,0|0,1|0,0|0,0|0,0|0,0|1,0|0,0|0,1|0,0|0,1|0,0|0,0|0,0|1,0|0,0|0,0|0,0|0,1|0,0|0,1|0,1|1,1|0,1|1,0|0,1|0,1|0,1|0,1|1,0|0,0|0,0|1,0|0,0|0,1|0
