#CHROM,POS,ID,REF,ALT,QUAL,FILTER,INFO,FORMAT,HG01595,HG01596,HG01597,HG01598,HG01599,HG01600,HG01840,HG01841,HG01842,HG01843,HG01844,HG01845,HG01846,HG01847,HG01848,HG01849,HG01850,HG01851,HG01852,HG01853,HG01855,HG01857,HG01858,HG01859,HG01860,HG01861,HG01862,HG01863,HG01864,HG01865,HG01866,HG01867,HG01868,HG01869,HG01870,HG01871,HG01872,HG01873,HG01874,HG01878,HG02016,HG02017,HG02019,HG02020,HG02023,HG02025,HG02026,HG02028,HG02029,HG02031,HG02032,HG02035,HG02040,HG02047,HG02048,HG02049,HG02050,HG02057,HG02058,HG02060,HG02061,HG02064,HG02067,HG02069,HG02070,HG02072,HG02073,HG02075,HG02076,HG02078,HG02079,HG02081,HG02082,HG02084,HG02085,HG02086,HG02087,HG02088,HG02113,HG02116,HG02121,HG02122,HG02127,HG02128,HG02130,HG02131,HG02133,HG02134,HG02136,HG02137,HG02138,HG02139,HG02140,HG02141,HG02142,HG02512,HG02513,HG02521,HG02522
16,31180161,.,A,G,.,PASS,AC=4793;AN=5096;DP=128343;AF=0.94;EAS_AF=1;EUR_AF=1;AFR_AF=0.79;AMR_AF=0.98;SAS_AF=1;EX_TARGET;VT=SNP;NS=2548,GT,1|1,1|1,1|1,1|1,1|1,1|1,1|1,1|1,1|1,1|1,1|1,1|1,1|1,1|1,1|1,1|1,1|1,1|1,1|1,1|1,1|1,1|1,1|1,1|1,1|1,1|1,1|1,1|1,1|1,1|1,1|1,1|1,1|1,1|1,1|1,1|1,1|1,1|1,1|1,1|1,1|1,1|1,1|1,1|1,1|1,1|1,1|1,1|1,1|1,1|1,1|1,1|1,1|1,1|1,1|1,1|1,1|1,1|1,1|1,1|1,1|1,1|1,1|1,1|1,1|1,1|1,1|1,1|1,1|1,1|1,1|1,1|1,1|1,1|1,1|1,1|1,1|1,1|1,1|1,1|1,1|1,1|1,1|1,1|1,1|1,1|1,1|1,1|1,1|1,1|1,1|1,1|1,1|1,1|1,1|1,1|1,1|1,1|1,1|1
16,31180233,.,T,A,.,PASS,AC=1;AN=5096;DP=102255;AF=0;EAS_AF=0;EUR_AF=0;AFR_AF=0;AMR_AF=0;SAS_AF=0;EX_TARGET;VT=SNP;NS=2548,GT,0|0,0|0,0|0,0|0,0|0,0|0,0|0,0|0,0|0,0|0,0|0,0|0,0|0,0|0,0|0,0|0,0|0,0|0,0|0,0|0,0|0,0|0,0|0,1|0,0|0,0|0,0|0,0|0,0|0,0|0,0|0,0|0,0|0,0|0,0|0,0|0,0|0,0|0,0|0,0|0,0|0,0|0,0|0,0|0,0|0,0|0,0|0,0|0,0|0,0|0,0|0,0|0,0|0,0|0,0|0,0|0,0|0,0|0,0|0,0|0,0|0,0|0,0|0,0|0,0|0,0|0,0|0,0|0,0|0,0|0,0|0,0|0,0|0,0|0,0|0,0|0,0|0,0|0,0|0,0|0,0|0,0|0,0|0,0|0,0|0,0|0,0|0,0|0,0|0,0|0,0|0,0|0,0|0,0|0,0|0,0|0,0|0,0|0,0|0
16,31180768,.,T,C,.,PASS,AC=4763;AN=5096;DP=14178;AF=0.93;EAS_AF=1;EUR_AF=1;AFR_AF=0.76;AMR_AF=0.98;SAS_AF=1;VT=SNP;NS=2548,GT,1|1,1|1,1|1,1|1,1|1,1|1,1|1,1|1,1|1,1|1,1|1,1|1,1|1,1|1,1|1,1|1,1|1,1|1,1|1,1|1,1|1,1|1,1|1,1|1,1|1,1|1,1|1,1|1,1|1,1|1,1|1,1|1,1|1,1|1,1|1,1|1,1|1,1|1,1|1,1|1,1|1,1|1,1|1,1|1,1|1,1|1,1|1,1|1,1|1,1|1,1|1,1|1,1|1,1|1,1|1,1|1,1|1,1|1,1|1,1|1,1|1,1|1,1|1,1|1,1|1,1|1,1|1,1|1,1|1,1|1,1|1,1|1,1|1,1|1,1|1,1|1,1|1,1|1,1|1,1|1,1|1,1|1,1|1,1|1,1|1,1|1,1|1,1|1,1|1,1|1,1|1,1|1,1|1,1|1,1|1,1|1,1|1,1|1,1|1
16,31180918,.,C,CT,.,PASS,AC=1577;AN=5096;DP=16362;AF=0.31;EAS_AF=0.26;EUR_AF=0.32;AFR_AF=0.12;AMR_AF=0.37;SAS_AF=0.57;VT=INDEL;NS=2548,GT,0|1,0|0,0|1,1|0,0|0,0|0,1|0,0|0,0|1,0|0,0|1,0|1,0|0,0|0,0|0,1|0,0|0,1|0,0|0,0|0,0|0,0|0,1|1,1|0,1|0,0|0,1|1,0|0,1|0,1|1,1|0,1|1,0|1,0|0,0|0,0|0,0|1,0|0,1|0,1|0,1|0,0|1,1|0,0|1,0|0,0|0,0|1,0|0,0|0,0|0,0|0,0|1,1|0,0|0,0|0,0|0,0|1,0|1,1|0,0|1,1|0,0|1,1|0,0|0,0|0,0|0,0|0,1|1,0|0,1|0,0|1,1|1,0|0,1|0,0|0,0|0,1|0,0|0,0|0,0|0,0|0,0|0,0|0,0|0,1|0,0|1,0|0,1|0,1|0,1|0,1|0,0|1,0|1,1|1,0|0,0|0,0|0,0|0,1|1
16,31181853,.,A,G,.,PASS,AC=4;AN=5096;DP=22545;AF=0;EAS_AF=0;EUR_AF=0;AFR_AF=0;AMR_AF=0;SAS_AF=0;VT=SNP;NS=2548,GT,0|0,0|0,0|0,0|0,0|0,0|0,0|0,0|0,0|0,0|0,0|0,0|0,0|0,0|0,0|0,0|0,0|0,0|0,0|0,0|0,0|0,0|0,0|0,0|0,0|0,0|0,0|0,0|0,1|0,0|0,0|0,0|0,0|0,0|0,0|0,0|0,0|0,0|0,0|0,0|0,0|0,0|0,0|0,0|0,0|0,0|0,0|0,0|0,0|0,0|0,0|0,0|0,0|0,0|0,0|0,0|0,0|0,0|0,0|0,0|0,0|0,0|0,0|0,0|0,0|0,0|0,0|0,0|1,0|0,0|0,0|0,0|0,0|0,0|0,0|0,0|0,1|0,0|0,0|0,0|0,0|0,0|0,0|0,0|0,0|0,0|0,0|0,0|0,0|0,0|0,0|0,0|0,0|0,0|0,0|0,0|0,0|0,0|0,0|0
16,31181888,.,A,G,.,PASS,AC=33;AN=5096;DP=21993;AF=0.01;EAS_AF=0.03;EUR_AF=0;AFR_AF=0;AMR_AF=0;SAS_AF=0;VT=SNP;NS=2548,GT,0|0,0|0,0|0,0|0,0|0,0|0,0|0,0|0,0|0,0|0,0|0,0|0,0|0,0|0,0|0,0|0,0|0,0|0,0|0,0|0,0|0,0|0,0|0,1|0,1|0,0|0,1|0,0|0,0|0,0|1,0|0,1|0,0|0,0|0,0|0,0|0,0|1,0|0,0|0,0|0,0|0,0|0,1|0,0|0,0|0,0|0,0|0,0|0,0|0,0|0,0|0,0|0,0|0,0|0,0|0,0|0,0|0,0|0,0|0,0|1,0|0,0|1,0|0,0|0,0|0,0|0,0|0,0|0,0|0,1|0,0|0,0|1,0|0,0|0,0|0,0|0,0|0,0|0,0|0,0|0,0|0,0|0,0|0,0|0,0|0,0|0,0|0,1|0,0|0,0|0,0|0,0|1,0|0,0|0,0|0,0|0,0|0,0|0,0|1
16,31182374,.,T,C,.,PASS,AC=1;AN=5096;DP=350372;AF=0;EAS_AF=0;EUR_AF=0;AFR_AF=0;AMR_AF=0;SAS_AF=0;EX_TARGET;VT=SNP;NS=2548,GT,0|0,0|0,0|0,0|0,0|0,0|0,0|0,0|0,0|0,0|0,0|0,0|0,0|0,0|0,0|0,0|0,0|0,0|0,0|0,0|0,0|0,0|0,0|0,0|0,0|0,0|0,0|0,0|0,0|0,0|0,0|0,0|0,0|0,0|0,0|0,0|0,0|1,0|0,0|0,0|0,0|0,0|0,0|0,0|0,0|0,0|0,0|0,0|0,0|0,0|0,0|0,0|0,0|0,0|0,0|0,0|0,0|0,0|0,0|0,0|0,0|0,0|0,0|0,0|0,0|0,0|0,0|0,0|0,0|0,0|0,0|0,0|0,0|0,0|0,0|0,0|0,0|0,0|0,0|0,0|0,0|0,0|0,0|0,0|0,0|0,0|0,0|0,0|0,0|0,0|0,0|0,0|0,0|0,0|0,0|0,0|0,0|0,0|0,0|0
16,31182621,.,C,A,.,PASS,AC=1420;AN=5096;DP=345856;AF=0.28;EAS_AF=0.25;EUR_AF=0.31;AFR_AF=0.03;AMR_AF=0.36;SAS_AF=0.56;EX_TARGET;VT=SNP;NS=2548,GT,0|1,0|0,0|1,1|0,0|0,0|0,1|0,0|0,0|1,0|0,0|1,0|1,0|0,0|0,0|0,1|0,0|0,1|0,0|0,0|0,0|0,0|0,1|1,1|0,1|0,0|0,1|1,0|0,1|0,1|1,1|0,1|1,0|1,0|0,0|0,0|0,0|1,0|0,1|0,1|0,1|0,0|1,1|0,0|1,0|0,0|0,0|1,0|0,0|0,0|0,0|0,0|1,1|0,0|0,0|0,0|0,0|1,0|1,1|0,0|1,1|0,0|1,1|0,0|0,0|0,0|0,0|0,1|1,0|0,1|0,0|1,1|1,0|0,1|0,0|0,0|0,1|0,0|0,0|0,0|0,0|0,0|0,0|0,0|0,1|0,0|1,0|0,1|0,1|0,1|0,1|0,0|1,0|1,1|1,0|0,0|0,0|0,0|0,1|1
16,31182925,.,A,C,.,PASS,AC=106;AN=5096;DP=28450;AF=0.02;EAS_AF=0.05;EUR_AF=0.01;AFR_AF=0;AMR_AF=0.06;SAS_AF=0;VT=SNP;NS=2548,GT,0|0,0|0,0|0,0|0,0|0,0|0,0|0,0|0,0|0,1|0,0|0,0|0,0|0,0|0,0|0,0|0,0|0,0|0,0|0,0|0,0|1,0|0,0|0,0|0,0|0,0|0,0|0,0|0,0|0,0|0,0|0,0|0,0|0,1|0,0|0,0|0,0|0,1|0,0|1,0|0,0|0,0|0,0|0,0|0,1|0,1|0,0|0,0|0,0|0,0|0,0|0,0|0,0|0,0|0,0|0,0|0,0|0,0|0,0|0,0|0,0|1,0|0,0|1,0|0,0|0,1|0,0|0,0|0,0|0,0|0,0|0,0|0,0|0,0|0,0|0,0|0,0|0,0|0,0|1,0|1,0|0,0|0,0|0,0|0,0|0,0|0,1|0,0|0,0|0,0|0,0|0,0|0,0|0,0|0,0|0,0|0,0|0,1|0,0|0
16,31183055,.,C,G,.,PASS,AC=1;AN=5096;DP=24460;AF=0;EAS_AF=0;EUR_AF=0;AFR_AF=0;AMR_AF=0;SAS_AF=0;VT=SNP;NS=2548,GT,0|0,0|0,0|0,0|0,0|0,0|0,0|0,0|0,0|0,0|0,0|0,0|0,0|0,0|0,0|0,0|0,0|0,0|0,0|0,0|0,0|0,0|0,0|0,0|0,0|0,0|0,0|0,0|0,0|0,0|0,0|0,0|0,0|0,0|0,0|1,0|0,0|0,0|0,0|0,0|0,0|0,0|0,0|0,0|0,0|0,0|0,0|0,0|0,0|0,0|0,0|0,0|0,0|0,0|0,0|0,0|0,0|0,0|0,0|0,0|0,0|0,0|0,0|0,0|0,0|0,0|0,0|0,0|0,0|0,0|0,0|0,0|0,0|0,0|0,0|0,0|0,0|0,0|0,0|0,0|0,0|0,0|0,0|0,0|0,0|0,0|0,0|0,0|0,0|0,0|0,0|0,0|0,0|0,0|0,0|0,0|0,0|0,0|0,0|0
16,31184205,.,C,T,.,PASS,AC=1;AN=5096;DP=362768;AF=0;EAS_AF=0;EUR_AF=0;AFR_AF=0;AMR_AF=0;SAS_AF=0;EX_TARGET;VT=SNP;NS=2548,GT,0|0,0|0,0|0,0|0,0|0,0|0,0|0,0|0,0|0,0|0,0|0,0|0,0|0,0|0,0|0,0|0,0|0,0|0,0|0,0|0,0|0,0|0,0|0,0|0,0|0,0|0,0|0,0|0,0|0,0|0,0|0,0|0,0|0,0|0,0|0,0|0,0|0,0|0,0|0,0|0,0|0,0|0,0|0,0|0,0|0,0|0,0|0,0|0,0|0,0|0,0|0,0|0,0|0,0|0,0|0,0|0,0|0,0|0,0|0,0|0,0|0,0|0,0|0,0|0,0|0,0|0,0|0,0|0,0|0,0|0,0|0,0|0,0|0,0|0,0|0,0|0,0|0,0|0,0|0,0|1,0|0,0|0,0|0,0|0,0|0,0|0,0|0,0|0,0|0,0|0,0|0,0|0,0|0,0|0,0|0,0|0,0|0,0|0,0|0
16,31184478,.,CTG,C,.,PASS,AC=1;AN=5096;DP=55948;AF=0;EAS_AF=0;EUR_AF=0;AFR_AF=0;AMR_AF=0;SAS_AF=0;VT=INDEL;NS=2548,GT,0|0,0|0,0|0,0|0,0|0,0|0,0|0,0|0,0|0,0|0,0|0,0|0,0|0,0|0,0|0,0|0,0|0,0|0,0|0,0|0,0|0,0|0,0|0,0|0,0|0,0|0,0|0,0|0,0|0,0|0,0|0,0|0,0|0,0|0,0|0,0|0,0|0,0|0,0|0,0|0,0|0,0|0,0|0,0|0,0|0,0|0,0|0,0|0,0|0,0|0,0|0,0|0,0|0,0|0,0|0,0|0,0|0,0|0,0|0,0|0,0|0,1|0,0|0,0|0,0|0,0|0,0|0,0|0,0|0,0|0,0|0,0|0,0|0,0|0,0|0,0|0,0|0,0|0,0|0,0|0,0|0,0|0,0|0,0|0,0|0,0|0,0|0,0|0,0|0,0|0,0|0,0|0,0|0,0|0,0|0,0|0,0|0,0|0,0|0
16,31184784,.,T,C,.,PASS,AC=1452;AN=5096;DP=91564;AF=0.28;EAS_AF=0.25;EUR_AF=0.31;AFR_AF=0.05;AMR_AF=0.36;SAS_AF=0.56;VT=SNP;NS=2548,GT,0|1,0|0,0|1,1|0,0|0,0|0,1|0,0|0,0|1,0|0,0|1,0|1,0|0,0|0,0|0,1|0,0|0,1|0,0|0,0|0,0|0,0|0,1|1,1|0,1|0,0|0,1|1,0|0,1|0,1|1,1|0,1|1,0|1,0|0,0|0,0|0,0|1,0|0,1|0,1|0,1|0,0|1,1|0,0|1,0|0,0|0,0|1,0|0,0|0,0|0,0|0,0|1,1|0,0|0,0|0,0|0,0|1,0|1,1|0,0|1,1|0,0|1,1|0,0|0,0|0,0|0,0|0,1|1,0|0,1|0,0|1,1|1,0|0,1|0,0|0,0|0,1|0,0|0,0|0,0|0,0|0,0|0,0|0,0|0,1|0,0|1,0|0,1|0,1|0,1|0,1|0,0|1,0|1,1|1,0|0,0|0,0|0,0|0,1|1
16,31184820,.,GTCTTTTTACTT,G,.,PASS,AC=1450;AN=5096;DP=138461;AF=0.28;EAS_AF=0.25;EUR_AF=0.31;AFR_AF=0.05;AMR_AF=0.37;SAS_AF=0.55;VT=INDEL;NS=2548,GT,0|1,0|0,0|1,1|0,0|0,0|0,1|0,0|0,0|1,0|0,0|1,0|1,0|0,0|0,0|0,1|0,0|0,1|0,0|0,0|0,0|0,0|0,1|1,1|0,1|0,0|0,1|1,0|0,1|0,1|1,1|0,1|1,0|1,0|0,0|0,0|0,0|1,0|0,1|0,1|0,1|0,0|1,1|0,0|1,0|0,0|0,0|1,0|0,0|0,0|0,0|0,0|1,1|0,0|0,0|0,0|0,0|1,0|1,1|0,0|1,1|0,0|1,1|0,0|0,0|0,0|0,0|0,1|1,0|0,1|0,0|1,0|1,0|0,1|0,0|0,0|0,1|0,0|0,0|0,0|0,0|0,0|0,0|0,0|0,1|0,0|1,0|0,1|0,1|0,1|0,1|0,0|1,0|1,0|1,0|0,0|0,0|0,0|0,1|1
16,31184910,.,T,G,.,PASS,AC=4;AN=5096;DP=276346;AF=0;EAS_AF=0;EUR_AF=0;AFR_AF=0;AMR_AF=0;SAS_AF=0;EX_TARGET;VT=SNP;NS=2548,GT,0|0,0|0,0|0,0|0,0|0,0|0,0|0,0|0,0|0,0|0,0|0,0|0,0|0,0|0,0|0,0|0,0|0,0|0,0|0,0|0,0|0,0|0,0|0,0|0,0|0,0|0,0|0,0|0,0|0,0|0,0|0,0|0,0|0,0|0,0|0,0|0,0|0,0|0,0|0,0|0,0|0,0|0,0|0,0|0,0|0,0|0,0|0,0|0,0|0,0|0,0|0,0|0,0|0,0|0,0|0,0|0,0|0,0|0,0|0,0|0,0|0,0|0,0|0,0|0,0|0,0|0,0|0,0|0,0|0,0|0,0|0,0|0,0|0,0|0,0|0,0|0,0|0,0|0,0|0,0|0,0|0,0|0,0|0,0|0,0|0,0|0,1|0,0|0,0|0,0|0,0|0,0|0,0|0,0|0,0|0,0|0,0|0,0|0,0|0
16,31185088,.,G,A,.,PASS,AC=1;AN=5096;DP=188330;AF=0;EAS_AF=0;EUR_AF=0;AFR_AF=0;AMR_AF=0;SAS_AF=0;EX_TARGET;VT=SNP;NS=2548,GT,0|0,0|0,0|0,0|0,0|0,0|0,0|0,0|0,0|0,0|0,0|0,0|0,0|0,0|0,0|0,0|0,0|0,0|0,0|0,0|0,0|0,0|0,0|0,0|0,0|0,0|0,0|0,0|0,0|0,0|0,0|0,0|0,0|0,0|0,0|0,0|0,0|0,0|0,0|0,0|0,0|0,0|0,0|0,0|0,0|0,0|0,0|0,0|0,0|0,0|0,0|0,0|0,0|0,0|0,0|0,0|0,0|0,0|0,0|0,1|0,0|0,0|0,0|0,0|0,0|0,0|0,0|0,0|0,0|0,0|0,0|0,0|0,0|0,0|0,0|0,0|0,0|0,0|0,0|0,0|0,0|0,0|0,0|0,0|0,0|0,0|0,0|0,0|0,0|0,0|0,0|0,0|0,0|0,0|0,0|0,0|0,0|0,0|0,0|0
16,31185120,.,C,T,.,PASS,AC=1;AN=5096;DP=191584;AF=0;EAS_AF=0;EUR_AF=0;AFR_AF=0;AMR_AF=0;SAS_AF=0;EX_TARGET;VT=SNP;NS=2548,GT,0|1,0|0,0|0,0|0,0|0,0|0,0|0,0|0,0|0,0|0,0|0,0|0,0|0,0|0,0|0,0|0,0|0,0|0,0|0,0|0,0|0,0|0,0|0,0|0,0|0,0|0,0|0,0|0,0|0,0|0,0|0,0|0,0|0,0|0,0|0,0|0,0|0,0|0,0|0,0|0,0|0,0|0,0|0,0|0,0|0,0|0,0|0,0|0,0|0,0|0,0|0,0|0,0|0,0|0,0|0,0|0,0|0,0|0,0|0,0|0,0|0,0|0,0|0,0|0,0|0,0|0,0|0,0|0,0|0,0|0,0|0,0|0,0|0,0|0,0|0,0|0,0|0,0|0,0|0,0|0,0|0,0|0,0|0,0|0,0|0,0|0,0|0,0|0,0|0,0|0,0|0,0|0,0|0,0|0,0|0,0|0,0|0,0|0,0|0
16,31185191,.,A,C,.,PASS,AC=7;AN=5096;DP=175954;AF=0;EAS_AF=0.01;EUR_AF=0;AFR_AF=0;AMR_AF=0;SAS_AF=0;EX_TARGET;VT=SNP;NS=2548,GT,0|0,0|0,0|0,0|0,0|0,0|0,0|0,0|0,0|0,0|0,0|0,0|0,0|0,0|0,0|0,0|0,0|0,0|0,0|0,0|0,0|0,0|0,0|0,0|0,0|0,0|0,0|0,0|0,0|0,0|0,1|0,0|0,0|0,0|0,0|0,0|0,0|0,0|0,0|0,0|0,0|0,0|0,0|0,0|0,0|0,0|0,0|0,0|0,0|0,0|0,0|0,0|0,0|0,0|0,0|0,0|0,0|0,0|0,0|0,0|0,0|0,0|0,0|0,0|0,0|0,0|0,0|0,0|0,0|0,0|0,0|0,0|0,0|0,0|0,0|0,0|0,0|0,0|0,0|0,0|0,0|0,0|0,0|0,0|0,0|0,0|0,0|0,0|0,0|0,0|0,0|0,0|0,0|0,0|0,0|0,0|0,0|0,0|0,0|0
16,31185629,.,A,G,.,PASS,AC=1;AN=5096;DP=22694;AF=0;EAS_AF=0;EUR_AF=0;AFR_AF=0;AMR_AF=0;SAS_AF=0;VT=SNP;NS=2548,GT,0|1,0|0,0|0,0|0,0|0,0|0,0|0,0|0,0|0,0|0,0|0,0|0,0|0,0|0,0|0,0|0,0|0,0|0,0|0,0|0,0|0,0|0,0|0,0|0,0|0,0|0,0|0,0|0,0|0,0|0,0|0,0|0,0|0,0|0,0|0,0|0,0|0,0|0,0|0,0|0,0|0,0|0,0|0,0|0,0|0,0|0,0|0,0|0,0|0,0|0,0|0,0|0,0|0,0|0,0|0,0|0,0|0,0|0,0|0,0|0,0|0,0|0,0|0,0|0,0|0,0|0,0|0,0|0,0|0,0|0,0|0,0|0,0|0,0|0,0|0,0|0,0|0,0|0,0|0,0|0,0|0,0|0,0|0,0|0,0|0,0|0,0|0,0|0,0|0,0|0,0|0,0|0,0|0,0|0,0|0,0|0,0|0,0|0,0|0
16,31185794,.,A,G,.,PASS,AC=1;AN=5096;DP=23302;AF=0;EAS_AF=0;EUR_AF=0;AFR_AF=0;AMR_AF=0;SAS_AF=0;VT=SNP;NS=2548,GT,0|0,0|0,0|0,0|0,0|0,0|0,0|0,0|0,0|0,0|0,0|0,0|0,0|0,0|0,0|0,0|0,0|0,0|0,0|0,0|0,0|0,0|0,0|0,0|0,0|0,0|0,0|0,0|0,0|0,0|0,0|0,0|0,0|0,0|0,0|0,0|0,0|0,0|0,0|0,0|0,0|0,0|0,0|0,0|0,0|0,0|0,0|0,0|0,0|0,0|0,0|1,0|0,0|0,0|0,0|0,0|0,0|0,0|0,0|0,0|0,0|0,0|0,0|0,0|0,0|0,0|0,0|0,0|0,0|0,0|0,0|0,0|0,0|0,0|0,0|0,0|0,0|0,0|0,0|0,0|0,0|0,0|0,0|0,0|0,0|0,0|0,0|0,0|0,0|0,0|0,0|0,0|0,0|0,0|0,0|0,0|0,0|0,0|0,0|0
16,31187217,.,G,T,.,PASS,AC=1;AN=5096;DP=29629;AF=0;EAS_AF=0;EUR_AF=0;AFR_AF=0;AMR_AF=0;SAS_AF=0;VT=SNP;NS=2548,GT,0|0,0|0,0|0,0|0,0|0,0|0,0|0,0|0,0|0,0|0,0|0,0|0,0|0,0|0,0|0,0|0,0|0,0|0,0|0,0|0,0|0,0|0,0|0,0|0,0|0,0|0,0|0,0|0,0|0,0|0,0|0,0|0,0|0,0|0,0|0,0|0,0|0,0|0,0|0,0|0,0|0,0|0,0|0,0|0,0|0,0|0,0|0,0|0,0|0,0|0,0|0,0|0,0|0,0|0,0|0,0|0,0|0,0|0,0|0,0|0,0|0,0|0,0|0,0|1,0|0,0|0,0|0,0|0,0|0,0|0,0|0,0|0,0|0,0|0,0|0,0|0,0|0,0|0,0|0,0|0,0|0,0|0,0|0,0|0,0|0,0|0,0|0,0|0,0|0,0|0,0|0,0|0,0|0,0|0,0|0,0|0,0|0,0|0,0|0
16,31187228,.,T,A,.,PASS,AC=1;AN=5096;DP=29718;AF=0;EAS_AF=0;EUR_AF=0;AFR_AF=0;AMR_AF=0;SAS_AF=0;VT=SNP;NS=2548,GT,0|0,0|0,0|0,0|0,0|0,0|0,0|0,0|0,0|0,0|0,0|0,0|0,0|0,0|0,0|0,0|0,0|0,0|0,0|0,0|0,0|0,0|0,0|0,0|0,0|0,0|0,0|0,0|0,0|0,0|0,0|0,0|0,0|0,0|0,0|1,0|0,0|0,0|0,0|0,0|0,0|0,0|0,0|0,0|0,0|0,0|0,0|0,0|0,0|0,0|0,0|0,0|0,0|0,0|0,0|0,0|0,0|0,0|0,0|0,0|0,0|0,0|0,0|0,0|0,0|0,0|0,0|0,0|0,0|0,0|0,0|0,0|0,0|0,0|0,0|0,0|0,0|0,0|0,0|0,0|0,0|0,0|0,0|0,0|0,0|0,0|0,0|0,0|0,0|0,0|0,0|0,0|0,0|0,0|0,0|0,0|0,0|0,0|0,0|0
16,31188078,.,G,T,.,PASS,AC=5091;AN=5096;DP=26099;AF=1;EAS_AF=1;EUR_AF=1;AFR_AF=1;AMR_AF=1;SAS_AF=1;VT=SNP;NS=2548,GT,1|1,1|1,1|1,1|1,1|1,1|1,1|1,1|1,1|1,1|1,1|1,1|1,1|1,1|1,1|1,1|1,1|1,1|1,1|1,1|1,1|1,1|1,1|1,1|1,1|1,1|1,1|1,1|1,1|1,1|1,1|1,1|1,1|1,1|1,1|1,1|1,1|1,1|1,1|1,1|1,1|1,1|1,1|1,1|1,1|1,1|1,1|1,1|1,1|1,1|1,1|1,1|1,1|1,1|1,1|1,1|1,1|1,1|1,1|1,1|1,1|1,1|1,1|1,1|1,1|1,1|1,1|1,1|1,1|1,1|1,1|1,1|1,1|1,1|1,1|1,1|1,1|1,1|1,1|1,1|1,1|1,1|1,1|1,1|1,1|1,1|1,1|1,1|1,1|1,1|1,1|1,1|1,1|1,1|1,1|1,1|1,1|1,1|1,1|1
16,31188129,.,G,T,.,PASS,AC=6;AN=5096;DP=31901;AF=0;EAS_AF=0.01;EUR_AF=0;AFR_AF=0;AMR_AF=0;SAS_AF=0;VT=SNP;NS=2548,GT,0|0,0|0,0|0,0|0,0|0,0|0,0|0,0|0,0|0,0|0,0|0,0|0,0|0,0|0,0|0,0|0,0|0,0|0,0|0,0|0,0|0,0|0,0|0,0|0,0|0,0|0,0|0,0|1,0|0,0|0,0|0,0|0,0|0,0|0,0|0,0|0,0|0,0|0,0|0,0|0,0|0,0|0,0|0,0|0,0|0,0|0,0|0,0|0,0|0,0|0,0|0,0|0,0|0,0|0,0|0,0|0,0|0,0|0,0|0,0|0,0|0,0|0,0|0,0|0,0|0,0|0,0|0,0|0,0|0,0|0,0|0,0|0,0|0,0|0,0|0,0|0,0|0,0|0,0|0,0|0,0|0,0|0,0|0,0|0,0|0,0|0,0|0,0|0,0|0,0|0,0|0,0|0,0|0,0|0,0|0,0|0,0|0,0|0,0|0
16,31188697,.,A,C,.,PASS,AC=1;AN=5096;DP=31034;AF=0;EAS_AF=0;EUR_AF=0;AFR_AF=0;AMR_AF=0;SAS_AF=0;VT=SNP;NS=2548,GT,0|0,0|0,0|0,0|0,0|0,0|0,0|0,0|0,0|0,0|0,0|0,0|0,0|0,0|0,0|0,0|0,0|0,0|0,0|0,0|0,0|0,0|0,0|0,0|0,0|0,0|0,0|0,0|0,0|0,0|0,0|0,0|0,0|0,0|0,0|0,0|0,0|0,0|0,0|0,0|0,0|0,0|0,0|0,0|0,0|0,0|0,0|0,0|0,0|0,0|0,0|0,0|0,0|0,0|0,0|0,1|0,0|0,0|0,0|0,0|0,0|0,0|0,0|0,0|0,0|0,0|0,0|0,0|0,0|0,0|0,0|0,0|0,0|0,0|0,0|0,0|0,0|0,0|0,0|0,0|0,0|0,0|0,0|0,0|0,0|0,0|0,0|0,0|0,0|0,0|0,0|0,0|0,0|0,0|0,0|0,0|0,0|0,0|0,0|0
16,31189080,.,A,G,.,PASS,AC=33;AN=5096;DP=306661;AF=0.01;EAS_AF=0.03;EUR_AF=0;AFR_AF=0;AMR_AF=0;SAS_AF=0;VT=SNP;NS=2548,GT,0|0,0|0,0|0,0|0,0|0,0|0,0|0,0|0,0|0,0|0,1|0,0|0,0|0,0|0,0|0,0|0,0|0,0|0,1|0,0|0,0|0,0|0,0|0,0|0,0|0,0|0,0|0,0|0,0|0,0|0,0|0,0|0,0|0,0|0,0|0,0|0,0|0,0|0,0|0,0|0,0|0,0|0,0|0,0|0,0|0,0|0,0|0,0|0,0|0,0|0,1|0,0|0,0|0,0|0,0|0,0|0,0|0,0|0,0|0,0|0,0|0,0|0,0|0,0|0,0|0,0|0,0|0,0|0,0|0,0|1,0|0,0|0,0|0,0|0,1|0,0|0,0|0,0|0,0|0,0|0,0|0,0|0,0|0,0|0,0|1,0|0,0|0,0|0,0|0,0|0,0|0,0|0,0|0,0|0,0|0,0|0,0|0,0|0,0|0
16,31189393,.,G,A,.,PASS,AC=1;AN=5096;DP=110368;AF=0;EAS_AF=0;EUR_AF=0;AFR_AF=0;AMR_AF=0;SAS_AF=0;VT=SNP;NS=2548,GT,0|0,0|0,0|0,0|0,0|0,0|0,0|0,0|0,0|0,0|0,0|0,0|0,0|0,0|0,0|0,0|0,0|0,0|0,0|0,0|0,0|0,0|0,0|0,0|0,0|0,0|0,0|0,0|0,0|0,0|0,0|0,0|0,0|0,0|0,0|0,0|0,0|0,0|0,0|0,0|0,0|0,0|0,0|0,0|0,0|0,0|0,0|0,0|0,0|0,0|0,0|0,0|0,0|0,0|0,0|0,0|0,0|0,0|0,0|0,0|0,0|0,0|0,0|0,0|0,0|0,0|0,0|1,0|0,0|0,0|0,0|0,0|0,0|0,0|0,0|0,0|0,0|0,0|0,0|0,0|0,0|0,0|0,0|0,0|0,0|0,0|0,0|0,0|0,0|0,0|0,0|0,0|0,0|0,0|0,0|0,0|0,0|0,0|0,0|0
16,31189428,.,T,C,.,PASS,AC=1;AN=5096;DP=84260;AF=0;EAS_AF=0;EUR_AF=0;AFR_AF=0;AMR_AF=0;SAS_AF=0;VT=SNP;NS=2548,GT,0|0,0|0,0|0,0|0,0|0,0|0,0|0,0|0,0|0,0|0,0|0,0|0,0|0,0|0,0|0,0|0,0|0,0|0,0|0,0|0,0|0,0|0,0|0,1|0,0|0,0|0,0|0,0|0,0|0,0|0,0|0,0|0,0|0,0|0,0|0,0|0,0|0,0|0,0|0,0|0,0|0,0|0,0|0,0|0,0|0,0|0,0|0,0|0,0|0,0|0,0|0,0|0,0|0,0|0,0|0,0|0,0|0,0|0,0|0,0|0,0|0,0|0,0|0,0|0,0|0,0|0,0|0,0|0,0|0,0|0,0|0,0|0,0|0,0|0,0|0,0|0,0|0,0|0,0|0,0|0,0|0,0|0,0|0,0|0,0|0,0|0,0|0,0|0,0|0,0|0,0|0,0|0,0|0,0|0,0|0,0|0,0|0,0|0,0|0
16,31190739,.,T,C,.,PASS,AC=1;AN=5096;DP=324646;AF=0;EAS_AF=0;EUR_AF=0;AFR_AF=0;AMR_AF=0;SAS_AF=0;EX_TARGET;VT=SNP;NS=2548,GT,0|0,0|0,0|0,0|0,0|0,0|0,0|0,0|0,0|0,0|0,0|0,0|0,0|0,0|0,0|0,0|0,0|0,0|0,0|0,0|0,0|0,0|0,0|0,0|0,0|0,0|0,0|0,0|0,0|0,0|0,0|0,0|0,0|0,0|0,0|0,0|0,0|0,0|0,0|0,0|0,0|0,0|0,0|0,0|0,0|0,0|0,0|0,0|0,0|0,0|0,0|0,0|0,0|0,0|0,0|0,0|0,0|0,0|1,0|0,0|0,0|0,0|0,0|0,0|0,0|0,0|0,0|0,0|0,0|0,0|0,0|0,0|0,0|0,0|0,0|0,0|0,0|0,0|0,0|0,0|0,0|0,0|0,0|0,0|0,0|0,0|0,0|0,0|0,0|0,0|0,0|0,0|0,0|0,0|0,0|0,0|0,0|0,0|0,0|0
16,31191377,.,A,T,.,PASS,AC=1;AN=5096;DP=277792;AF=0;EAS_AF=0;EUR_AF=0;AFR_AF=0;AMR_AF=0;SAS_AF=0;EX_TARGET;VT=SNP;NS=2548,GT,0|0,0|0,0|0,0|0,0|0,0|0,0|0,0|0,0|1,0|0,0|0,0|0,0|0,0|0,0|0,0|0,0|0,0|0,0|0,0|0,0|0,0|0,0|0,0|0,0|0,0|0,0|0,0|0,0|0,0|0,0|0,0|0,0|0,0|0,0|0,0|0,0|0,0|0,0|0,0|0,0|0,0|0,0|0,0|0,0|0,0|0,0|0,0|0,0|0,0|0,0|0,0|0,0|0,0|0,0|0,0|0,0|0,0|0,0|0,0|0,0|0,0|0,0|0,0|0,0|0,0|0,0|0,0|0,0|0,0|0,0|0,0|0,0|0,0|0,0|0,0|0,0|0,0|0,0|0,0|0,0|0,0|0,0|0,0|0,0|0,0|0,0|0,0|0,0|0,0|0,0|0,0|0,0|0,0|0,0|0,0|0,0|0,0|0,0|0
16,31191377,.,AT,A,.,PASS,AC=1131;AN=5096;DP=277792;AF=0.22;EAS_AF=0.15;EUR_AF=0.2;AFR_AF=0.26;AMR_AF=0.24;SAS_AF=0.24;EX_TARGET;VT=INDEL;NS=2548,GT,0|0,0|0,0|0,0|0,0|0,0|0,0|0,0|0,0|0,0|0,0|0,0|0,0|0,0|0,0|0,0|0,0|0,0|0,0|0,0|0,0|0,0|0,0|0,0|0,0|0,0|0,1|0,1|0,0|1,0|0,1|0,0|0,1|0,1|0,1|0,0|1,0|1,0|1,1|0,1|0,0|1,0|0,1|0,0|1,1|0,0|1,0|1,1|0,0|0,0|0,0|0,0|0,1|0,0|1,0|1,0|1,0|0,0|1,1|0,0|0,0|0,0|0,0|0,0|1,0|1,1|0,0|1,1|0,0|0,0|0,1|0,0|0,0|0,0|0,1|0,0|1,0|0,0|0,0|1,1|0,0|0,0|1,0|1,0|0,0|0,0|0,0|0,0|0,0|0,0|0,0|1,1|0,0|0,0|0,0|0,1|0,0|1,1|0,0|1
16,31191428,.,G,A,.,PASS,AC=1;AN=5096;DP=310799;AF=0;EAS_AF=0;EUR_AF=0;AFR_AF=0;AMR_AF=0;SAS_AF=0;EX_TARGET;VT=SNP;NS=2548,GT,0|0,0|0,0|0,0|0,0|0,0|0,0|0,0|0,0|0,0|0,0|0,0|0,0|0,0|0,0|0,0|0,0|0,0|0,0|0,0|0,0|0,0|0,0|0,0|0,0|0,0|0,0|0,0|0,0|0,0|0,1|0,0|0,0|0,0|0,0|0,0|0,0|0,0|0,0|0,0|0,0|0,0|0,0|0,0|0,0|0,0|0,0|0,0|0,0|0,0|0,0|0,0|0,0|0,0|0,0|0,0|0,0|0,0|0,0|0,0|0,0|0,0|0,0|0,0|0,0|0,0|0,0|0,0|0,0|0,0|0,0|0,0|0,0|0,0|0,0|0,0|0,0|0,0|0,0|0,0|0,0|0,0|0,0|0,0|0,0|0,0|0,0|0,0|0,0|0,0|0,0|0,0|0,0|0,0|0,0|0,0|0,0|0,0|0,0|0
16,31192117,.,G,A,.,PASS,AC=1;AN=5096;DP=22236;AF=0;EAS_AF=0;EUR_AF=0;AFR_AF=0;AMR_AF=0;SAS_AF=0;VT=SNP;NS=2548,GT,0|0,0|0,0|0,0|0,0|0,0|0,0|0,0|0,0|0,0|0,0|0,0|0,0|0,0|0,0|0,0|0,0|0,0|0,0|0,0|0,0|0,0|0,0|0,0|0,0|0,0|0,0|0,0|0,0|0,0|0,0|0,0|0,1|0,0|0,0|0,0|0,0|0,0|0,0|0,0|0,0|0,0|0,0|0,0|0,0|0,0|0,0|0,0|0,0|0,0|0,0|0,0|0,0|0,0|0,0|0,0|0,0|0,0|0,0|0,0|0,0|0,0|0,0|0,0|0,0|0,0|0,0|0,0|0,0|0,0|0,0|0,0|0,0|0,0|0,0|0,0|0,0|0,0|0,0|0,0|0,0|0,0|0,0|0,0|0,0|0,0|0,0|0,0|0,0|0,0|0,0|0,0|0,0|0,0|0,0|0,0|0,0|0,0|0,0|0
16,31192208,.,G,C,.,PASS,AC=1433;AN=5096;DP=23158;AF=0.28;EAS_AF=0.25;EUR_AF=0.31;AFR_AF=0.04;AMR_AF=0.36;SAS_AF=0.56;VT=SNP;NS=2548,GT,0|1,0|0,0|1,1|0,0|0,0|0,1|0,0|0,0|1,0|0,0|1,0|1,0|0,0|0,0|0,1|0,0|0,1|0,0|0,0|0,0|0,0|0,1|1,1|0,1|0,0|0,1|1,0|0,1|0,1|1,1|0,1|1,0|1,0|0,0|0,0|0,0|1,0|0,1|0,1|0,1|0,0|1,1|0,0|1,0|0,0|0,0|1,0|0,0|0,0|0,0|0,0|1,1|0,0|0,0|0,0|0,0|1,0|1,1|0,0|1,1|0,0|1,1|0,0|0,0|0,0|0,0|0,1|1,0|0,1|0,0|1,1|1,0|0,1|0,0|0,0|0,1|0,0|0,0|0,0|0,0|0,0|0,0|0,0|0,1|0,0|1,0|0,1|0,1|0,1|0,1|0,0|1,0|1,1|1,0|0,0|0,0|0,0|0,1|1
16,31192348,.,C,T,.,PASS,AC=83;AN=5096;DP=22751;AF=0.02;EAS_AF=0;EUR_AF=0.04;AFR_AF=0;AMR_AF=0.01;SAS_AF=0.03;VT=SNP;NS=2548,GT,0|0,0|0,0|0,0|0,0|0,0|0,0|0,0|0,0|0,0|0,0|0,0|0,0|0,0|0,0|0,0|0,0|1,0|0,0|0,0|0,0|0,0|0,0|0,0|0,0|0,0|0,0|0,0|0,0|0,0|0,0|0,0|0,0|0,0|0,0|0,0|0,0|0,0|0,0|0,0|0,0|0,0|0,0|0,0|0,0|0,0|0,0|0,0|0,0|0,0|0,0|0,0|0,0|0,0|0,0|0,0|0,0|0,0|0,0|0,0|0,0|0,0|0,0|0,0|0,0|0,0|0,0|0,0|0,0|0,0|0,0|0,0|0,0|0,0|0,0|0,0|0,0|0,0|0,0|0,0|0,0|0,0|0,0|0,0|0,0|0,0|0,0|0,0|0,0|0,0|0,0|0,0|0,0|0,0|0,0|0,0|0,0|0,0|0,0|0
16,31192527,.,G,A,.,PASS,AC=6;AN=5096;DP=21407;AF=0;EAS_AF=0;EUR_AF=0;AFR_AF=0;AMR_AF=0;SAS_AF=0;VT=SNP;NS=2548,GT,0|0,0|0,0|0,0|0,0|0,0|0,0|0,0|0,0|0,0|0,0|0,0|0,0|0,0|0,0|0,0|0,0|0,0|0,0|0,0|0,0|0,0|0,0|0,0|0,0|0,0|0,0|0,0|0,0|0,0|0,0|0,0|0,0|0,0|0,0|0,0|0,0|0,0|0,0|0,0|0,0|0,0|0,0|0,0|0,0|0,0|0,0|0,0|0,0|0,0|0,0|0,0|0,0|0,0|0,0|0,0|0,0|0,0|0,0|0,0|0,0|0,0|0,0|0,0|0,0|0,0|0,0|0,0|0,0|0,0|0,0|0,0|0,0|0,0|0,0|0,0|0,0|0,0|0,0|0,0|0,0|0,0|0,0|0,0|0,0|0,0|0,0|0,0|0,0|0,0|0,0|0,0|0,0|0,0|1,0|0,0|0,0|0,0|0,0|0
16,31192649,.,C,T,.,PASS,AC=2;AN=5096;DP=22473;AF=0;EAS_AF=0;EUR_AF=0;AFR_AF=0;AMR_AF=0;SAS_AF=0;VT=SNP;NS=2548,GT,0|0,0|0,1|0,0|0,0|0,0|0,0|0,0|0,0|0,0|0,0|0,0|0,0|0,0|0,0|0,0|0,0|0,0|0,0|0,0|0,0|0,0|0,0|0,0|0,0|0,0|0,0|0,0|0,0|0,0|0,0|0,0|0,0|0,0|0,0|0,0|0,0|0,0|0,0|0,0|0,0|0,0|0,0|0,0|0,0|0,0|0,0|0,0|0,0|0,0|0,0|0,0|0,0|0,0|0,0|0,0|0,0|0,0|0,0|0,0|0,0|0,0|0,0|0,0|0,0|0,0|0,0|0,0|0,0|0,0|0,0|0,0|0,0|0,0|0,0|0,0|0,0|0,0|0,0|0,0|0,0|0,0|0,0|0,0|0,0|0,0|0,0|0,0|0,0|0,0|0,0|0,0|0,0|0,0|0,0|0,0|0,0|0,0|0,0|0
16,31192694,.,C,T,.,PASS,AC=1;AN=5096;DP=20194;AF=0;EAS_AF=0;EUR_AF=0;AFR_AF=0;AMR_AF=0;SAS_AF=0;VT=SNP;NS=2548,GT,0|0,0|0,0|0,0|0,0|0,0|0,0|0,0|0,0|0,0|0,0|0,0|0,0|0,0|0,0|0,0|0,0|0,0|0,0|0,0|0,0|0,0|0,0|0,0|0,0|0,0|0,0|0,0|0,0|0,0|0,0|0,0|0,0|0,0|0,0|0,0|0,0|0,0|0,0|0,0|0,0|0,0|0,0|0,0|0,0|0,0|0,0|0,0|0,0|0,0|0,0|0,0|0,0|0,0|0,0|0,0|0,0|0,0|0,0|0,0|0,0|0,0|0,0|0,0|0,0|0,0|0,0|0,0|0,0|0,0|0,0|0,0|0,0|0,0|0,0|0,0|0,0|0,0|0,0|0,0|0,0|0,0|0,0|0,0|0,0|0,0|1,0|0,0|0,0|0,0|0,0|0,0|0,0|0,0|0,0|0,0|0,0|0,0|0,0|0
16,31192724,.,C,G,.,PASS,AC=3;AN=5096;DP=20006;AF=0;EAS_AF=0;EUR_AF=0;AFR_AF=0;AMR_AF=0;SAS_AF=0;VT=SNP;NS=2548,GT,0|0,0|0,0|0,0|0,0|0,0|0,0|0,0|0,0|0,0|0,0|0,0|0,0|0,0|0,0|0,0|0,0|0,0|0,0|0,0|0,0|0,0|0,0|0,0|0,0|0,0|0,0|0,0|0,0|0,0|0,0|0,0|0,0|0,0|0,0|0,0|0,0|0,0|0,0|0,0|0,0|0,1|0,0|0,0|0,0|0,0|0,0|0,0|0,0|0,0|0,0|0,0|0,0|0,0|0,0|0,0|0,0|0,0|0,0|0,0|0,0|0,0|0,0|0,0|0,0|0,0|0,0|0,0|0,0|0,0|0,0|0,0|0,0|0,0|0,0|0,0|0,0|0,0|0,0|0,0|0,0|0,0|0,0|0,0|0,0|0,0|0,0|0,0|0,0|0,0|0,0|0,0|0,0|0,0|0,0|0,0|0,0|0,0|0,0|0
16,31192914,.,T,C,.,PASS,AC=5051;AN=5096;DP=23676;AF=0.99;EAS_AF=1;EUR_AF=1;AFR_AF=0.97;AMR_AF=1;SAS_AF=1;VT=SNP;NS=2548,GT,1|1,1|1,1|1,1|1,1|1,1|1,1|1,1|1,1|1,1|1,1|1,1|1,1|1,1|1,1|1,1|1,1|1,1|1,1|1,1|1,1|1,1|1,1|1,1|1,1|1,1|1,1|1,1|1,1|1,1|1,1|1,1|1,1|1,1|1,1|1,1|1,1|1,1|1,1|1,1|1,1|1,1|1,1|1,1|1,1|1,1|1,1|1,1|1,1|1,1|1,1|1,1|1,1|1,1|1,1|1,1|1,1|1,1|1,1|1,1|1,1|1,1|1,1|1,1|1,1|1,1|1,1|1,1|1,1|1,1|1,1|1,1|1,1|1,1|1,1|1,1|1,1|1,1|1,1|1,1|1,1|1,1|1,1|1,1|1,1|1,1|1,1|1,1|1,1|1,1|1,1|1,1|1,1|1,1|1,1|1,1|1,1|1,1|1,1|1
16,31193081,.,A,C,.,PASS,AC=2;AN=5096;DP=21713;AF=0;EAS_AF=0;EUR_AF=0;AFR_AF=0;AMR_AF=0;SAS_AF=0;VT=SNP;NS=2548,GT,0|0,0|0,0|0,0|0,0|0,0|0,0|0,0|0,0|0,0|0,0|0,0|0,0|0,0|0,0|0,0|0,0|0,0|0,0|1,0|0,0|0,0|0,0|0,0|0,0|0,0|0,0|0,0|0,0|0,0|0,0|0,0|0,0|0,0|0,0|0,0|0,0|0,0|0,0|0,0|0,0|0,0|0,0|0,0|0,0|0,0|0,0|0,0|0,0|0,0|0,0|0,0|0,0|0,0|0,0|0,0|0,0|0,0|0,0|0,0|0,0|0,0|0,0|0,0|0,0|0,0|0,0|0,0|0,0|0,0|0,0|0,0|0,0|0,0|0,0|0,0|1,0|0,0|0,0|0,0|0,0|0,0|0,0|0,0|0,0|0,0|0,0|0,0|0,0|0,0|0,0|0,0|0,0|0,0|0,0|0,0|0,0|0,0|0,0|0
16,31193803,.,AT,A,.,PASS,AC=18;AN=5096;DP=18884;AF=0;EAS_AF=0;EUR_AF=0;AFR_AF=0;AMR_AF=0.01;SAS_AF=0.01;VT=INDEL;NS=2548,GT,0|0,0|0,0|0,0|0,0|0,0|0,0|0,0|0,0|0,0|0,0|0,0|0,0|0,0|0,0|0,0|0,0|0,0|0,0|0,0|0,0|0,0|0,0|0,0|0,0|0,0|0,0|0,0|0,0|1,0|0,0|0,0|0,0|0,0|0,0|0,0|0,0|0,0|0,0|0,0|0,0|0,0|0,0|0,0|0,0|0,0|0,0|0,0|0,0|0,0|0,0|0,0|0,0|0,0|0,0|0,0|0,0|0,0|0,0|0,0|0,0|0,0|0,0|0,0|0,0|0,0|0,0|0,0|0,0|0,0|0,0|0,0|0,0|0,0|0,0|0,0|0,0|0,0|0,0|0,0|0,0|0,0|0,0|0,0|0,0|0,0|0,0|0,0|0,0|0,0|0,0|0,0|0,0|0,0|0,0|0,0|0,1|0,0|0,0|0
16,31194040,.,A,G,.,PASS,AC=1;AN=5096;DP=21798;AF=0;EAS_AF=0;EUR_AF=0;AFR_AF=0;AMR_AF=0;SAS_AF=0;VT=SNP;NS=2548,GT,0|0,0|0,0|0,0|0,0|0,0|0,0|0,0|0,0|0,0|0,0|0,0|0,0|0,0|0,0|0,0|0,0|0,0|0,0|0,0|0,0|0,0|1,0|0,0|0,0|0,0|0,0|0,0|0,0|0,0|0,0|0,0|0,0|0,0|0,0|0,0|0,0|0,0|0,0|0,0|0,0|0,0|0,0|0,0|0,0|0,0|0,0|0,0|0,0|0,0|0,0|0,0|0,0|0,0|0,0|0,0|0,0|0,0|0,0|0,0|0,0|0,0|0,0|0,0|0,0|0,0|0,0|0,0|0,0|0,0|0,0|0,0|0,0|0,0|0,0|0,0|0,0|0,0|0,0|0,0|0,0|0,0|0,0|0,0|0,0|0,0|0,0|0,0|0,0|0,0|0,0|0,0|0,0|0,0|0,0|0,0|0,0|0,0|0,0|0
16,31194470,.,G,T,.,PASS,AC=1;AN=5096;DP=16656;AF=0;EAS_AF=0;EUR_AF=0;AFR_AF=0;AMR_AF=0;SAS_AF=0;VT=SNP;NS=2548,GT,0|0,0|0,0|0,0|0,0|0,0|0,0|0,0|0,0|0,0|0,0|0,0|0,0|0,0|0,0|0,0|0,0|0,0|0,0|0,0|0,0|0,0|0,0|0,0|0,0|0,0|0,0|0,0|0,0|0,0|0,0|0,0|0,0|0,0|0,0|0,0|0,0|0,0|0,0|0,0|0,0|0,0|0,0|0,0|0,0|0,0|0,0|0,0|0,0|0,0|0,0|0,0|0,0|0,0|0,0|0,0|0,0|1,0|0,0|0,0|0,0|0,0|0,0|0,0|0,0|0,0|0,0|0,0|0,0|0,0|0,0|0,0|0,0|0,0|0,0|0,0|0,0|0,0|0,0|0,0|0,0|0,0|0,0|0,0|0,0|0,0|0,0|0,0|0,0|0,0|0,0|0,0|0,0|0,0|0,0|0,0|0,0|0,0|0,0|0
