#CHROM,POS,ID,REF,ALT,QUAL,FILTER,INFO,FORMAT,HG01595,HG01596,HG01597,HG01598,HG01599,HG01600,HG01840,HG01841,HG01842,HG01843,HG01844,HG01845,HG01846,HG01847,HG01848,HG01849,HG01850,HG01851,HG01852,HG01853,HG01855,HG01857,HG01858,HG01859,HG01860,HG01861,HG01862,HG01863,HG01864,HG01865,HG01866,HG01867,HG01868,HG01869,HG01870,HG01871,HG01872,HG01873,HG01874,HG01878,HG02016,HG02017,HG02019,HG02020,HG02023,HG02025,HG02026,HG02028,HG02029,HG02031,HG02032,HG02035,HG02040,HG02047,HG02048,HG02049,HG02050,HG02057,HG02058,HG02060,HG02061,HG02064,HG02067,HG02069,HG02070,HG02072,HG02073,HG02075,HG02076,HG02078,HG02079,HG02081,HG02082,HG02084,HG02085,HG02086,HG02087,HG02088,HG02113,HG02116,HG02121,HG02122,HG02127,HG02128,HG02130,HG02131,HG02133,HG02134,HG02136,HG02137,HG02138,HG02139,HG02140,HG02141,HG02142,HG02512,HG02513,HG02521,HG02522
12,54281036,.,T,TA,.,PASS,AC=2;AN=5096;DP=71558;AF=0;EAS_AF=0;EUR_AF=0;AFR_AF=0;AMR_AF=0;SAS_AF=0;VT=INDEL;NS=2548,GT,0|0,0|0,0|0,0|0,0|0,0|0,0|0,0|0,0|0,0|0,0|0,0|0,0|0,0|0,0|0,0|0,0|0,0|0,0|0,0|0,0|0,1|0,0|0,0|0,0|0,0|0,0|0,0|0,0|0,0|0,0|0,0|0,0|0,0|0,0|0,0|0,0|0,0|0,0|0,0|0,0|0,0|0,0|0,0|0,0|0,0|0,0|0,0|0,0|0,0|0,0|0,0|0,0|0,0|0,0|0,0|0,0|0,0|0,0|0,0|0,0|0,0|0,0|0,0|0,0|0,0|0,0|0,0|0,0|0,0|0,0|0,0|0,0|0,0|0,0|0,0|0,0|0,0|0,0|0,0|0,0|0,0|0,0|0,0|0,0|0,0|0,0|0,0|0,0|0,0|0,0|0,0|0,0|0,0|0,0|0,0|0,0|0,0|0,0|0
12,54281143,.,C,T,.,PASS,AC=32;AN=5096;DP=48113;AF=0.01;EAS_AF=0.03;EUR_AF=0;AFR_AF=0;AMR_AF=0;SAS_AF=0;VT=SNP;NS=2548,GT,1|0,0|0,0|0,0|0,0|0,0|0,0|0,0|0,0|0,0|0,1|0,0|0,0|0,0|0,0|0,0|0,0|1,0|0,0|0,0|0,0|0,0|0,0|0,0|0,0|0,0|0,0|0,0|0,0|0,0|1,0|0,1|0,0|0,0|0,0|0,0|0,0|0,0|0,0|0,0|0,1|0,0|0,0|0,0|0,0|1,0|0,0|0,0|0,0|0,0|0,0|0,0|1,0|0,0|0,0|0,0|0,0|0,0|0,0|1,0|0,0|0,0|0,0|0,0|0,0|1,0|0,0|0,0|0,0|0,0|0,0|0,0|0,0|0,0|0,0|0,0|0,0|0,0|0,0|0,0|0,0|0,0|0,0|0,0|0,0|0,0|0,0|0,0|0,0|0,0|0,0|0,0|0,0|0,0|0,0|0,0|0,0|0,0|0,0|0
12,54281210,.,C,G,.,PASS,AC=23;AN=5096;DP=60697;AF=0;EAS_AF=0.02;EUR_AF=0;AFR_AF=0;AMR_AF=0;SAS_AF=0;VT=SNP;NS=2548,GT,0|0,0|0,0|0,0|0,0|0,0|0,0|0,0|0,0|0,0|1,0|0,0|0,0|0,0|0,0|0,0|0,0|0,0|0,0|0,0|0,0|0,0|0,0|0,0|0,1|0,0|0,0|0,0|0,0|0,0|0,0|0,0|0,0|0,0|0,0|0,0|0,0|0,0|0,0|0,0|0,0|0,0|0,0|0,0|0,0|0,0|0,0|0,0|0,0|0,0|0,0|0,0|0,0|0,0|0,0|0,0|0,1|1,0|0,0|0,0|0,0|0,0|0,0|0,0|0,0|0,0|1,0|0,0|0,0|0,0|0,0|0,0|0,0|0,0|0,0|0,0|0,0|0,0|0,0|0,0|0,0|0,0|0,0|0,0|0,0|0,0|0,0|0,0|0,0|0,0|0,0|0,0|0,0|0,1|0,0|0,0|0,0|0,0|0,0|0
12,54281292,.,C,T,.,PASS,AC=31;AN=5096;DP=122755;AF=0.01;EAS_AF=0.02;EUR_AF=0;AFR_AF=0;AMR_AF=0.01;SAS_AF=0;VT=SNP;NS=2548,GT,0|0,0|0,0|0,0|0,0|0,0|0,0|0,0|0,0|0,0|0,0|0,0|0,0|0,0|0,0|0,0|0,0|0,0|0,0|0,0|0,0|0,0|0,0|0,0|0,0|0,0|0,0|0,0|0,0|0,0|0,0|0,0|0,0|0,0|0,0|0,0|0,0|0,0|0,0|0,0|0,0|0,0|0,1|0,0|0,0|0,0|0,0|0,0|0,0|0,0|0,0|0,0|0,0|0,0|0,0|0,0|0,0|0,0|0,0|0,0|0,0|0,0|0,0|0,0|0,0|0,0|0,0|0,0|0,0|0,0|0,0|0,0|0,0|0,0|0,0|0,0|0,0|0,0|0,0|0,0|0,0|0,0|0,0|0,0|0,0|0,0|0,0|0,0|0,0|0,0|0,0|0,0|0,0|0,0|0,0|0,0|0,0|0,0|0,0|0
12,54281301,.,C,A,.,PASS,AC=6;AN=5096;DP=136913;AF=0;EAS_AF=0;EUR_AF=0;AFR_AF=0;AMR_AF=0;SAS_AF=0;VT=SNP;NS=2548,GT,0|0,0|0,0|0,0|0,0|0,0|0,0|0,0|0,0|1,0|0,0|0,0|0,0|0,0|0,0|0,0|0,0|0,0|0,0|0,0|0,0|0,0|0,0|0,0|0,0|0,0|1,0|0,0|0,0|0,0|0,0|0,0|0,0|0,0|0,0|0,0|0,0|0,0|0,0|0,0|0,0|0,0|0,0|0,0|0,0|0,0|0,0|0,0|0,0|0,0|0,0|0,0|0,0|0,0|0,0|0,0|0,0|0,0|0,0|0,0|0,0|0,0|0,0|0,0|0,0|0,0|0,0|0,0|0,0|0,0|0,0|0,0|0,0|0,0|0,0|0,0|0,0|0,0|0,0|0,0|0,0|0,0|0,0|0,0|0,1|1,0|0,0|0,0|0,0|0,0|0,0|0,0|0,0|0,0|0,0|0,0|0,0|0,0|0,0|0
12,54281329,.,G,A,.,PASS,AC=1157;AN=5096;DP=194189;AF=0.23;EAS_AF=0.4;EUR_AF=0.15;AFR_AF=0.13;AMR_AF=0.24;SAS_AF=0.26;EX_TARGET;VT=SNP;NS=2548,GT,0|1,0|0,0|0,0|0,1|1,1|1,0|0,0|0,1|0,1|0,0|0,0|0,1|0,0|1,1|0,0|0,0|0,0|0,0|0,0|1,1|1,1|0,0|0,0|1,0|0,1|0,0|0,1|0,0|1,0|0,0|1,0|0,1|0,0|0,1|0,1|0,1|0,0|0,1|0,0|0,0|0,0|0,0|0,0|0,0|0,0|0,1|0,1|1,0|0,0|0,0|0,1|0,0|0,0|0,0|1,0|0,0|0,1|0,0|0,1|0,0|0,1|0,0|0,1|0,1|0,0|0,1|1,1|1,0|1,0|0,0|0,0|0,1|0,1|0,0|1,1|0,0|0,0|1,0|0,1|1,1|0,1|0,0|0,1|0,0|0,1|1,1|0,0|0,0|0,0|1,1|0,1|0,0|1,0|1,0|0,0|1,0|0,0|0,0|1
12,54282110,.,C,T,.,PASS,AC=2;AN=5096;DP=211191;AF=0;EAS_AF=0;EUR_AF=0;AFR_AF=0;AMR_AF=0;SAS_AF=0;EX_TARGET;VT=SNP;NS=2548,GT,0|0,0|0,0|0,0|0,0|0,0|0,0|0,0|0,0|0,0|0,0|0,0|0,0|0,0|0,0|0,0|0,0|0,0|0,0|0,0|0,0|0,0|0,0|0,0|0,0|0,0|0,0|0,0|0,0|0,0|0,0|0,0|0,0|0,0|0,0|0,0|0,0|0,0|0,0|0,0|0,0|0,0|0,0|0,0|0,0|0,0|0,0|0,0|0,0|0,0|0,0|0,0|0,0|0,0|0,1|0,0|0,0|0,0|0,0|0,0|0,0|0,0|0,0|0,0|0,0|0,0|0,0|0,0|0,0|0,0|0,0|0,0|0,0|0,0|0,0|0,0|0,0|0,0|0,0|0,0|0,0|0,0|0,0|0,0|0,0|0,0|0,0|0,0|0,0|0,0|0,0|0,0|0,0|0,0|0,0|0,0|0,0|0,0|0,0|0
12,54282733,.,G,A,.,PASS,AC=1;AN=5096;DP=243352;AF=0;EAS_AF=0;EUR_AF=0;AFR_AF=0;AMR_AF=0;SAS_AF=0;VT=SNP;NS=2548,GT,0|0,0|0,0|0,0|0,0|0,0|0,0|0,0|0,0|0,0|0,0|0,0|0,0|0,0|0,0|0,0|0,0|0,0|0,0|0,0|0,0|0,0|0,0|0,0|0,0|0,0|0,0|0,0|0,0|0,0|0,0|0,0|0,1|0,0|0,0|0,0|0,0|0,0|0,0|0,0|0,0|0,0|0,0|0,0|0,0|0,0|0,0|0,0|0,0|0,0|0,0|0,0|0,0|0,0|0,0|0,0|0,0|0,0|0,0|0,0|0,0|0,0|0,0|0,0|0,0|0,0|0,0|0,0|0,0|0,0|0,0|0,0|0,0|0,0|0,0|0,0|0,0|0,0|0,0|0,0|0,0|0,0|0,0|0,0|0,0|0,0|0,0|0,0|0,0|0,0|0,0|0,0|0,0|0,0|0,0|0,0|0,0|0,0|0,0|0
12,54283469,.,T,C,.,PASS,AC=52;AN=5096;DP=35302;AF=0.01;EAS_AF=0.02;EUR_AF=0;AFR_AF=0.02;AMR_AF=0.01;SAS_AF=0;VT=SNP;NS=2548,GT,0|0,0|0,0|0,0|0,0|0,0|0,0|0,0|0,0|0,0|0,0|0,0|0,0|0,0|0,0|0,0|0,0|0,0|0,0|0,0|0,0|0,0|0,0|0,0|0,0|0,0|0,0|0,0|0,0|0,0|0,0|0,0|0,0|0,0|0,0|0,0|0,0|0,0|0,0|0,0|0,0|0,0|0,1|0,0|0,0|0,0|0,0|0,0|0,0|0,0|0,0|0,0|0,0|0,0|0,0|0,0|0,0|0,0|0,0|0,0|0,0|0,0|0,0|0,0|0,0|0,0|0,0|0,0|0,0|0,0|0,0|0,0|0,0|0,0|0,0|0,0|0,0|0,0|0,0|0,0|0,0|0,0|0,0|0,0|0,0|0,0|0,0|0,0|0,0|0,0|0,0|0,0|0,0|0,0|0,0|0,0|0,0|0,0|0,0|0
12,54283728,.,C,T,.,PASS,AC=1;AN=5096;DP=171700;AF=0;EAS_AF=0;EUR_AF=0;AFR_AF=0;AMR_AF=0;SAS_AF=0;VT=SNP;NS=2548,GT,0|0,0|0,0|0,0|0,0|0,0|0,0|0,0|0,0|0,0|0,0|0,0|0,0|0,0|0,0|0,0|0,0|0,0|0,0|0,0|0,0|0,0|0,0|0,0|0,0|0,0|0,0|0,0|0,0|0,0|0,0|0,0|0,0|0,0|0,0|0,0|0,0|0,0|0,0|0,0|0,0|0,0|0,0|0,0|0,0|0,0|0,0|0,0|0,0|0,0|0,0|0,0|0,0|0,0|0,0|0,0|0,0|0,0|0,0|0,0|0,0|0,0|0,0|0,0|0,0|0,0|0,0|0,0|0,0|0,0|0,0|0,0|0,0|0,0|0,0|0,0|0,0|0,0|0,0|0,0|0,0|0,1|0,0|0,0|0,0|0,0|0,0|0,0|0,0|0,0|0,0|0,0|0,0|0,0|0,0|0,0|0,0|0,0|0,0|0
12,54283779,.,G,A,.,PASS,AC=31;AN=5096;DP=310809;AF=0.01;EAS_AF=0.02;EUR_AF=0;AFR_AF=0;AMR_AF=0.01;SAS_AF=0;EX_TARGET;VT=SNP;NS=2548,GT,0|0,0|0,0|0,0|0,0|0,0|0,0|0,0|0,0|0,0|0,0|0,0|0,0|0,0|0,0|0,0|0,0|0,0|0,0|0,0|0,0|0,0|0,0|0,0|0,0|0,0|0,0|0,0|0,0|0,0|0,0|0,0|0,0|0,0|0,0|0,0|0,0|0,0|0,0|0,0|0,0|0,0|0,1|0,0|0,0|0,0|0,0|0,0|0,0|0,0|0,0|0,0|0,0|0,0|0,0|0,0|0,0|0,0|0,0|0,0|0,0|0,0|0,0|0,0|0,0|0,0|0,0|0,0|0,0|0,0|0,0|0,0|0,0|0,0|0,0|0,0|0,0|0,0|0,0|0,0|0,0|0,0|0,0|0,0|0,0|0,0|0,0|0,0|0,0|0,0|0,0|0,0|0,0|0,0|0,0|0,0|0,0|0,0|0,0|0
12,54284033,.,C,T,.,PASS,AC=1;AN=5096;DP=88689;AF=0;EAS_AF=0;EUR_AF=0;AFR_AF=0;AMR_AF=0;SAS_AF=0;VT=SNP;NS=2548,GT,0|0,0|0,0|0,0|0,0|0,0|0,0|0,0|0,0|0,0|0,0|0,0|0,0|0,0|0,0|0,0|0,0|0,0|0,0|0,0|0,0|0,0|0,0|0,0|0,0|0,0|0,0|0,0|0,0|0,0|0,0|0,0|0,0|0,0|0,0|0,0|0,0|0,0|0,0|0,0|0,0|0,0|0,0|0,0|0,0|0,0|0,0|0,0|0,0|0,0|0,0|0,1|0,0|0,0|0,0|0,0|0,0|0,0|0,0|0,0|0,0|0,0|0,0|0,0|0,0|0,0|0,0|0,0|0,0|0,0|0,0|0,0|0,0|0,0|0,0|0,0|0,0|0,0|0,0|0,0|0,0|0,0|0,0|0,0|0,0|0,0|0,0|0,0|0,0|0,0|0,0|0,0|0,0|0,0|0,0|0,0|0,0|0,0|0,0|0
12,54284149,.,A,AG,.,PASS,AC=36;AN=5096;DP=89753;AF=0.01;EAS_AF=0.02;EUR_AF=0;AFR_AF=0;AMR_AF=0.01;SAS_AF=0;VT=INDEL;NS=2548,GT,0|0,0|0,0|0,0|0,0|0,0|0,0|0,0|0,0|0,0|0,0|0,0|0,0|0,0|0,0|0,0|0,0|0,0|0,0|0,0|0,0|0,0|0,0|0,0|0,0|0,0|0,0|0,0|0,0|0,0|0,0|0,0|0,0|0,0|0,0|0,0|0,0|0,0|0,0|0,0|0,0|0,0|0,1|0,0|0,0|0,0|0,0|0,0|0,0|0,0|0,0|0,0|0,0|0,0|0,0|0,0|0,0|0,0|0,0|0,0|0,0|0,0|0,0|0,0|0,0|0,0|0,0|0,0|0,0|0,0|0,0|0,0|0,0|0,0|0,0|0,0|0,0|0,0|0,0|0,0|0,0|0,0|0,0|0,0|0,0|0,0|0,0|0,0|0,0|0,0|0,0|0,0|0,0|0,0|0,0|0,0|0,0|0,0|0,0|0
12,54284196,.,C,T,.,PASS,AC=4480;AN=5096;DP=132984;AF=0.88;EAS_AF=1;EUR_AF=0.62;AFR_AF=0.98;AMR_AF=0.83;SAS_AF=0.93;VT=SNP;NS=2548,GT,1|1,1|1,1|1,1|1,1|1,1|1,1|1,1|1,1|1,1|1,1|1,1|1,1|1,1|1,1|1,1|1,1|1,1|1,1|1,1|1,1|1,1|1,1|1,1|1,1|1,1|1,1|1,1|1,1|1,1|1,1|1,1|1,1|1,1|1,1|1,1|1,1|1,1|1,1|1,1|1,1|1,1|1,1|1,1|1,1|1,1|1,1|1,1|1,1|1,1|1,1|1,1|1,1|1,1|1,1|1,1|1,1|1,1|1,1|1,1|1,1|1,1|1,1|1,1|1,1|1,1|1,1|1,1|1,1|1,1|1,1|1,1|1,1|1,1|1,1|1,1|1,1|1,1|1,1|1,1|1,1|1,1|1,1|1,1|1,1|1,1|1,1|1,1|1,1|1,1|1,1|1,1|1,1|1,1|1,1|0,1|1,1|1,1|1,1|1
12,54285404,.,G,A,.,PASS,AC=37;AN=5096;DP=20086;AF=0.01;EAS_AF=0.02;EUR_AF=0;AFR_AF=0.01;AMR_AF=0.01;SAS_AF=0;VT=SNP;NS=2548,GT,0|0,0|0,0|0,0|0,0|0,0|0,0|0,0|0,0|0,0|0,0|0,0|0,0|0,0|0,0|0,0|0,0|0,0|0,0|0,0|0,0|0,0|0,0|0,0|0,0|0,0|0,0|0,0|0,0|0,0|0,0|0,0|0,0|0,0|0,0|0,0|0,0|0,0|0,0|0,0|0,0|0,0|0,1|0,0|0,0|0,0|0,0|0,0|0,0|0,0|0,0|0,0|0,0|0,0|0,0|0,0|0,0|0,0|0,0|0,0|0,0|0,0|0,0|0,0|0,0|0,0|0,0|0,0|0,0|0,0|0,0|0,0|0,0|0,0|0,0|0,0|0,0|0,0|0,0|0,0|0,0|0,0|0,0|0,0|0,0|0,0|0,0|0,0|0,0|0,0|0,0|0,0|0,0|0,0|0,0|0,0|0,0|0,0|0,0|0
12,54285885,.,T,G,.,PASS,AC=17;AN=5096;DP=11831;AF=0;EAS_AF=0;EUR_AF=0;AFR_AF=0.01;AMR_AF=0;SAS_AF=0;VT=SNP;NS=2548,GT,0|0,0|0,0|0,0|0,0|0,0|0,0|0,0|0,0|0,0|0,0|0,0|0,0|0,0|0,0|0,0|0,0|0,0|0,0|0,0|0,0|0,0|0,0|0,0|0,0|0,0|0,0|0,0|0,0|0,0|0,0|0,0|0,0|0,0|0,0|0,0|0,0|0,0|0,0|0,1|0,0|0,0|0,0|0,0|0,0|0,0|0,0|0,0|0,0|0,0|0,0|0,0|0,0|0,0|0,0|0,0|0,0|0,0|0,0|0,0|0,0|0,0|0,0|0,0|0,0|0,0|0,0|0,0|0,0|0,0|0,0|0,0|0,0|0,0|0,0|0,0|0,0|0,0|0,0|0,0|0,0|0,0|0,0|0,0|0,0|0,0|0,0|0,0|0,0|0,0|0,0|0,0|0,0|0,0|0,0|0,0|0,0|0,0|0,0|0
12,54286558,.,A,T,.,PASS,AC=1155;AN=5096;DP=19547;AF=0.23;EAS_AF=0.4;EUR_AF=0.15;AFR_AF=0.13;AMR_AF=0.24;SAS_AF=0.25;VT=SNP;NS=2548,GT,0|1,0|0,0|0,0|0,1|1,1|1,0|0,0|0,1|0,1|0,0|0,0|0,1|0,0|1,1|0,0|0,0|0,0|0,0|0,0|1,1|1,1|0,0|0,0|1,0|0,1|0,0|0,1|0,0|1,0|0,0|1,0|0,1|0,0|0,1|0,1|0,1|0,0|0,1|0,0|0,0|0,0|0,0|0,0|0,0|0,0|0,1|0,1|1,0|0,0|0,0|0,1|0,0|0,0|0,0|1,0|0,0|0,1|0,0|0,1|0,0|0,1|0,0|0,1|0,1|0,0|0,1|1,1|1,0|1,0|0,0|0,0|0,1|0,1|0,0|1,1|0,0|0,0|1,0|0,1|1,1|0,1|0,0|0,1|0,0|0,1|1,1|0,0|0,0|0,0|1,1|0,1|0,0|1,0|1,0|0,0|1,0|0,0|0,0|1
