#CHROM,POS,ID,REF,ALT,QUAL,FILTER,INFO,FORMAT,HG01595,HG01596,HG01597,HG01598,HG01599,HG01600,HG01840,HG01841,HG01842,HG01843,HG01844,HG01845,HG01846,HG01847,HG01848,HG01849,HG01850,HG01851,HG01852,HG01853,HG01855,HG01857,HG01858,HG01859,HG01860,HG01861,HG01862,HG01863,HG01864,HG01865,HG01866,HG01867,HG01868,HG01869,HG01870,HG01871,HG01872,HG01873,HG01874,HG01878,HG02016,HG02017,HG02019,HG02020,HG02023,HG02025,HG02026,HG02028,HG02029,HG02031,HG02032,HG02035,HG02040,HG02047,HG02048,HG02049,HG02050,HG02057,HG02058,HG02060,HG02061,HG02064,HG02067,HG02069,HG02070,HG02072,HG02073,HG02075,HG02076,HG02078,HG02079,HG02081,HG02082,HG02084,HG02085,HG02086,HG02087,HG02088,HG02113,HG02116,HG02121,HG02122,HG02127,HG02128,HG02130,HG02131,HG02133,HG02134,HG02136,HG02137,HG02138,HG02139,HG02140,HG02141,HG02142,HG02512,HG02513,HG02521,HG02522
17,4945793,.,T,G,.,PASS,AC=1;AN=5096;DP=119088;AF=0;EAS_AF=0;EUR_AF=0;AFR_AF=0;AMR_AF=0;SAS_AF=0;VT=SNP;NS=2548,GT,0|0,0|0,0|0,0|0,0|0,0|0,0|1,0|0,0|0,0|0,0|0,0|0,0|0,0|0,0|0,0|0,0|0,0|0,0|0,0|0,0|0,0|0,0|0,0|0,0|0,0|0,0|0,0|0,0|0,0|0,0|0,0|0,0|0,0|0,0|0,0|0,0|0,0|0,0|0,0|0,0|0,0|0,0|0,0|0,0|0,0|0,0|0,0|0,0|0,0|0,0|0,0|0,0|0,0|0,0|0,0|0,0|0,0|0,0|0,0|0,0|0,0|0,0|0,0|0,0|0,0|0,0|0,0|0,0|0,0|0,0|0,0|0,0|0,0|0,0|0,0|0,0|0,0|0,0|0,0|0,0|0,0|0,0|0,0|0,0|0,0|0,0|0,0|0,0|0,0|0,0|0,0|0,0|0,0|0,0|0,0|0,0|0,0|0,0|0
17,4945989,.,G,A,.,PASS,AC=446;AN=5096;DP=362393;AF=0.09;EAS_AF=0.19;EUR_AF=0.03;AFR_AF=0.02;AMR_AF=0.15;SAS_AF=0.1;EX_TARGET;VT=SNP;NS=2548,GT,0|0,0|0,0|0,0|0,1|0,0|0,0|0,0|0,1|0,0|0,0|0,0|0,0|0,0|1,1|0,0|0,0|0,1|0,0|0,0|1,0|0,0|0,0|1,1|0,0|0,1|0,0|0,1|1,1|0,0|0,1|0,0|0,1|0,1|1,0|0,0|0,0|0,0|1,0|0,0|1,0|0,0|0,0|0,0|0,0|1,0|0,1|0,1|0,0|0,0|1,1|1,0|0,0|0,0|1,0|0,1|0,0|1,0|0,0|0,0|0,0|1,0|0,0|0,0|0,0|0,0|0,0|1,0|0,0|0,0|0,0|0,1|0,0|0,0|0,0|0,0|0,0|0,0|1,1|0,0|0,0|0,0|0,1|0,0|0,1|0,0|0,1|1,0|0,1|0,0|0,1|0,1|0,0|0,0|0,0|0,0|0,1|0,0|0,0|0
17,4946089,.,C,T,.,PASS,AC=851;AN=5096;DP=104918;AF=0.17;EAS_AF=0.19;EUR_AF=0.03;AFR_AF=0.29;AMR_AF=0.19;SAS_AF=0.1;VT=SNP;NS=2548,GT,0|0,0|0,0|0,0|0,1|0,0|0,0|0,0|0,1|0,0|0,0|0,0|0,0|0,0|1,1|0,0|0,0|0,1|0,0|0,0|1,0|0,0|0,0|1,1|0,0|0,1|0,0|0,1|1,1|0,0|0,1|0,0|0,1|0,1|1,0|0,0|0,0|0,0|1,0|0,0|1,0|0,0|0,0|0,0|0,0|1,0|0,1|0,1|0,0|0,0|1,1|1,0|0,0|0,0|1,0|0,1|0,0|1,0|0,0|0,0|0,0|1,0|0,0|0,0|0,0|0,0|0,0|1,0|0,0|0,0|0,0|0,1|0,0|0,0|0,0|0,0|0,0|0,0|1,1|0,0|0,0|0,0|0,1|0,0|0,1|0,0|0,1|1,0|0,1|0,0|0,1|0,1|0,0|0,0|0,0|0,0|0,1|0,0|0,0|0
17,4946118,.,G,GC,.,PASS,AC=26;AN=5096;DP=74950;AF=0.01;EAS_AF=0.01;EUR_AF=0.01;AFR_AF=0;AMR_AF=0.01;SAS_AF=0;VT=INDEL;NS=2548,GT,1|0,0|0,0|0,0|0,0|0,0|0,0|0,0|0,0|0,0|0,0|0,0|0,0|0,0|0,0|0,0|0,0|0,0|0,0|0,0|0,0|0,0|0,0|0,0|0,0|0,0|0,0|0,0|0,0|0,0|0,0|0,0|0,0|0,0|0,0|0,0|0,0|0,0|0,0|0,0|0,0|0,0|0,0|0,0|0,0|0,0|0,0|0,0|0,0|0,0|0,0|0,0|0,0|0,0|0,0|0,0|0,0|0,0|0,0|0,0|0,0|0,0|0,0|0,0|0,0|0,0|0,0|0,0|0,0|0,0|0,0|0,0|0,0|0,0|0,0|0,0|0,0|0,0|0,0|0,0|0,0|0,0|0,0|0,0|0,0|0,0|0,0|0,0|0,0|0,0|0,0|0,0|0,0|0,0|0,0|0,0|0,0|0,0|0,0|0
17,4946176,.,A,G,.,PASS,AC=1;AN=5096;DP=47147;AF=0;EAS_AF=0;EUR_AF=0;AFR_AF=0;AMR_AF=0;SAS_AF=0;VT=SNP;NS=2548,GT,0|0,0|0,0|0,0|0,0|0,0|0,0|1,0|0,0|0,0|0,0|0,0|0,0|0,0|0,0|0,0|0,0|0,0|0,0|0,0|0,0|0,0|0,0|0,0|0,0|0,0|0,0|0,0|0,0|0,0|0,0|0,0|0,0|0,0|0,0|0,0|0,0|0,0|0,0|0,0|0,0|0,0|0,0|0,0|0,0|0,0|0,0|0,0|0,0|0,0|0,0|0,0|0,0|0,0|0,0|0,0|0,0|0,0|0,0|0,0|0,0|0,0|0,0|0,0|0,0|0,0|0,0|0,0|0,0|0,0|0,0|0,0|0,0|0,0|0,0|0,0|0,0|0,0|0,0|0,0|0,0|0,0|0,0|0,0|0,0|0,0|0,0|0,0|0,0|0,0|0,0|0,0|0,0|0,0|0,0|0,0|0,0|0,0|0,0|0
17,4946251,.,T,C,.,PASS,AC=224;AN=5096;DP=31868;AF=0.04;EAS_AF=0.13;EUR_AF=0;AFR_AF=0;AMR_AF=0.12;SAS_AF=0;VT=SNP;NS=2548,GT,0|0,0|0,0|0,0|0,1|0,0|0,0|0,0|0,1|0,0|0,0|0,0|0,0|0,0|1,1|0,0|0,0|0,1|0,0|0,0|0,0|0,0|0,0|1,1|0,0|0,1|0,0|0,1|1,1|0,0|0,1|0,0|0,0|0,1|1,0|0,0|0,0|0,0|0,0|0,0|1,0|0,0|0,0|0,0|0,0|1,0|0,1|0,1|0,0|0,0|1,1|1,0|0,0|0,0|1,0|0,1|0,0|0,0|0,0|0,0|0,0|1,0|0,0|0,0|0,0|0,0|0,0|1,0|0,0|0,0|0,0|0,1|0,0|0,0|0,0|0,0|0,0|0,0|0,1|0,0|0,0|0,0|0,1|0,0|0,1|0,0|0,1|1,0|0,0|0,0|0,1|0,1|0,0|0,0|0,0|0,0|0,1|0,0|0,0|0
17,4946301,.,T,G,.,PASS,AC=2;AN=5096;DP=28684;AF=0;EAS_AF=0;EUR_AF=0;AFR_AF=0;AMR_AF=0;SAS_AF=0;VT=SNP;NS=2548,GT,0|0,0|0,0|0,0|0,0|0,0|0,0|0,0|0,0|0,0|0,0|0,0|0,0|0,0|0,0|0,0|0,0|0,0|0,0|0,0|0,0|0,0|0,0|0,0|0,0|0,0|0,0|0,0|0,0|0,0|0,0|0,0|1,0|0,0|0,0|0,0|0,0|0,0|0,0|0,0|0,0|0,0|0,0|0,0|0,0|0,0|0,0|0,0|0,0|0,0|0,0|0,0|0,0|0,0|0,0|0,0|0,0|0,0|0,0|0,0|0,0|0,0|0,0|0,0|0,0|0,0|0,0|0,0|0,0|0,0|0,0|0,0|0,0|0,0|0,0|0,0|0,0|0,0|0,0|0,0|0,0|0,0|0,0|0,0|0,0|0,0|0,0|0,0|0,0|0,0|0,0|0,0|0,0|0,0|0,0|0,0|0,0|0,0|0,0|0
17,4946332,.,A,T,.,PASS,AC=307;AN=5096;DP=29260;AF=0.06;EAS_AF=0.05;EUR_AF=0.08;AFR_AF=0.02;AMR_AF=0.14;SAS_AF=0.05;VT=SNP;NS=2548,GT,0|0,0|0,0|0,0|0,0|0,0|0,0|0,0|0,0|0,0|0,0|0,0|0,0|0,0|0,0|0,1|0,0|0,0|0,1|0,0|0,0|0,0|0,0|0,0|0,0|0,0|0,0|0,0|0,0|0,0|0,0|0,0|0,0|0,0|0,0|0,0|0,0|0,0|0,0|0,0|0,0|0,0|1,0|0,0|0,0|0,0|0,0|0,0|0,0|0,0|0,0|0,0|0,0|0,0|0,0|0,0|0,0|0,0|0,0|0,0|0,0|0,0|0,0|0,0|0,0|0,0|0,0|0,1|0,0|0,0|0,0|0,0|0,0|0,0|0,0|0,0|0,0|1,0|0,0|0,0|0,0|0,0|0,0|0,0|0,0|0,1|0,0|0,0|0,0|0,0|0,0|0,0|0,0|0,0|0,0|0,0|0,0|0,0|1,0|0
17,4946340,.,A,G,.,PASS,AC=3763;AN=5096;DP=29450;AF=0.74;EAS_AF=0.5;EUR_AF=0.8;AFR_AF=0.99;AMR_AF=0.86;SAS_AF=0.5;VT=SNP;NS=2548,GT,1|1,0|1,1|0,1|0,1|0,0|0,1|1,1|1,1|1,1|1,1|1,0|0,0|0,0|1,1|0,1|0,0|1,1|0,1|0,0|1,1|0,0|1,0|1,1|0,0|0,1|0,0|1,1|1,1|1,0|0,1|1,0|0,1|1,1|1,0|1,1|1,1|0,0|1,0|0,0|1,1|1,1|1,0|1,0|0,0|1,1|1,1|0,1|0,0|1,0|1,1|1,1|0,0|1,1|1,0|0,1|0,1|1,0|0,0|0,0|0,1|1,0|0,0|1,1|1,1|1,0|0,1|1,1|0,0|0,0|1,0|1,1|0,0|1,0|1,1|0,1|0,0|1,0|1,1|0,1|0,0|0,0|1,1|0,0|1,1|0,1|0,1|1,0|1,1|0,0|0,1|1,1|0,0|0,0|1,0|0,0|0,1|0,0|1,0|0
17,4946479,.,G,A,.,PASS,AC=2542;AN=5096;DP=62807;AF=0.5;EAS_AF=0.35;EUR_AF=0.6;AFR_AF=0.53;AMR_AF=0.64;SAS_AF=0.41;VT=SNP;NS=2548,GT,0|0,0|1,1|0,0|0,1|0,0|0,1|0,0|1,1|1,1|0,0|0,0|0,0|0,0|1,1|0,0|0,0|1,1|0,0|0,0|1,1|0,0|1,0|1,1|0,0|0,1|0,0|1,1|1,1|1,0|0,1|1,0|0,1|0,1|1,0|1,0|1,0|0,0|1,0|0,0|1,0|1,1|0,0|0,0|0,0|1,1|1,1|0,1|0,0|1,0|1,1|1,1|0,0|1,1|1,0|0,1|0,0|1,0|0,0|0,0|0,1|1,0|0,0|0,1|1,1|1,0|0,0|1,0|0,0|0,0|0,0|0,1|0,0|1,0|0,0|0,1|0,0|0,0|1,1|0,1|0,0|0,0|0,1|0,0|1,1|0,0|0,1|1,0|1,1|0,0|0,1|1,1|0,0|0,0|1,0|0,0|0,1|0,0|0,0|0
17,4947017,.,G,C,.,PASS,AC=307;AN=5096;DP=38935;AF=0.06;EAS_AF=0.05;EUR_AF=0.08;AFR_AF=0.02;AMR_AF=0.14;SAS_AF=0.05;VT=SNP;NS=2548,GT,0|0,0|0,0|0,0|0,0|0,0|0,0|0,0|0,0|0,0|0,0|0,0|0,0|0,0|0,0|0,1|0,0|0,0|0,1|0,0|0,0|0,0|0,0|0,0|0,0|0,0|0,0|0,0|0,0|0,0|0,0|0,0|0,0|0,0|0,0|0,0|0,0|0,0|0,0|0,0|0,0|0,0|1,0|0,0|0,0|0,0|0,0|0,0|0,0|0,0|0,0|0,0|0,0|0,0|0,0|0,0|0,0|0,0|0,0|0,0|0,0|0,0|0,0|0,0|0,0|0,0|0,0|0,1|0,0|0,0|0,0|0,0|0,0|0,0|0,0|0,0|0,0|1,0|0,0|0,0|0,0|0,0|0,0|0,0|0,0|0,1|0,0|0,0|0,0|0,0|0,0|0,0|0,0|0,0|0,0|0,0|0,0|0,0|1,0|0
17,4947192,.,G,A,.,PASS,AC=447;AN=5096;DP=13121;AF=0.09;EAS_AF=0.19;EUR_AF=0.03;AFR_AF=0.02;AMR_AF=0.15;SAS_AF=0.1;VT=SNP;NS=2548,GT,0|0,0|0,0|0,0|0,1|0,0|0,0|0,0|0,1|0,0|0,0|0,0|0,0|0,0|1,1|0,0|0,0|0,1|0,0|0,0|1,0|0,0|0,0|1,1|0,0|0,1|0,0|0,1|1,1|0,0|0,1|0,0|0,1|0,1|1,0|0,0|0,0|0,0|1,0|0,0|1,0|0,0|0,0|0,0|0,0|1,0|0,1|0,1|0,0|0,0|1,1|1,0|0,0|0,0|1,0|0,1|0,0|1,0|0,0|0,0|0,0|1,0|0,0|0,0|0,0|0,0|0,0|1,0|0,0|0,0|0,0|0,1|0,0|0,0|0,0|0,0|0,0|0,0|1,1|0,0|0,0|0,0|0,1|0,0|0,1|0,0|0,1|1,0|0,1|0,0|0,1|0,1|0,0|0,0|0,0|0,0|0,1|0,0|0,0|0
17,4947509,.,CCT,C,.,PASS,AC=224;AN=5096;DP=7020;AF=0.04;EAS_AF=0.13;EUR_AF=0;AFR_AF=0;AMR_AF=0.12;SAS_AF=0;VT=INDEL;NS=2548,GT,0|0,0|0,0|0,0|0,1|0,0|0,0|0,0|0,1|0,0|0,0|0,0|0,0|0,0|1,1|0,0|0,0|0,1|0,0|0,0|0,0|0,0|0,0|1,1|0,0|0,1|0,0|0,1|1,1|0,0|0,1|0,0|0,0|0,1|1,0|0,0|0,0|0,0|0,0|0,0|1,0|0,0|0,0|0,0|0,0|1,0|0,1|0,1|0,0|0,0|1,1|1,0|0,0|0,0|1,0|0,1|0,0|0,0|0,0|0,0|0,0|1,0|0,0|0,0|0,0|0,0|0,0|1,0|0,0|0,0|0,0|0,1|0,0|0,0|0,0|0,0|0,0|0,0|0,1|0,0|0,0|0,0|0,1|0,0|0,1|0,0|0,1|1,0|0,0|0,0|0,1|0,1|0,0|0,0|0,0|0,0|0,1|0,0|0,0|0
17,4947621,.,C,T,.,PASS,AC=1;AN=5096;DP=14040;AF=0;EAS_AF=0;EUR_AF=0;AFR_AF=0;AMR_AF=0;SAS_AF=0;VT=SNP;NS=2548,GT,0|0,0|0,0|0,0|0,0|0,0|0,0|0,0|0,0|0,0|0,0|0,0|0,0|0,0|0,0|0,0|0,0|0,0|0,0|0,0|0,0|0,0|0,0|0,0|0,0|0,0|0,0|0,0|0,0|0,0|1,0|0,0|0,0|0,0|0,0|0,0|0,0|0,0|0,0|0,0|0,0|0,0|0,0|0,0|0,0|0,0|0,0|0,0|0,0|0,0|0,0|0,0|0,0|0,0|0,0|0,0|0,0|0,0|0,0|0,0|0,0|0,0|0,0|0,0|0,0|0,0|0,0|0,0|0,0|0,0|0,0|0,0|0,0|0,0|0,0|0,0|0,0|0,0|0,0|0,0|0,0|0,0|0,0|0,0|0,0|0,0|0,0|0,0|0,0|0,0|0,0|0,0|0,0|0,0|0,0|0,0|0,0|0,0|0,0|0
17,4947725,.,T,TG,.,PASS,AC=451;AN=5096;DP=13594;AF=0.09;EAS_AF=0.19;EUR_AF=0.03;AFR_AF=0.02;AMR_AF=0.15;SAS_AF=0.1;VT=INDEL;NS=2548,GT,0|0,0|0,0|0,1|0,1|0,0|0,0|0,0|0,1|0,0|0,1|0,0|0,0|0,0|1,1|0,0|0,0|0,1|0,0|0,0|1,0|0,0|0,0|1,1|0,0|0,1|0,0|0,1|1,1|0,0|0,1|0,0|0,1|1,1|1,0|0,0|0,0|0,0|1,0|0,0|1,0|0,0|0,0|0,0|0,0|1,0|0,1|0,1|0,0|0,0|1,0|1,0|0,0|0,0|1,0|0,1|0,0|1,0|0,0|0,0|0,0|1,0|0,0|0,0|0,0|0,0|0,0|1,0|0,0|0,0|0,0|0,1|0,0|0,0|0,0|0,0|0,0|0,0|1,1|0,0|0,0|0,0|0,1|0,0|0,1|0,0|0,1|1,0|0,1|0,0|0,1|0,1|0,0|0,0|0,0|0,0|0,1|0,0|0,0|0
17,4947777,.,A,G,.,PASS,AC=5066;AN=5096;DP=13697;AF=0.99;EAS_AF=1;EUR_AF=0.98;AFR_AF=1;AMR_AF=1;SAS_AF=0.99;VT=SNP;NS=2548,GT,1|1,1|1,1|1,1|1,1|1,1|1,1|1,1|1,1|1,1|1,1|1,1|1,1|1,1|1,1|1,1|1,1|1,1|1,1|1,1|1,1|1,1|1,1|1,1|1,1|1,1|1,1|1,1|1,1|1,1|1,1|1,1|1,1|1,1|1,1|1,1|1,1|1,1|1,1|1,1|1,1|1,1|1,1|1,1|1,1|1,1|1,1|1,1|1,1|1,1|1,1|1,1|1,1|1,1|1,1|1,1|1,1|1,1|1,1|1,1|1,1|1,1|1,1|1,1|1,1|1,1|1,1|1,1|1,1|1,1|1,1|1,1|1,1|1,1|1,1|1,1|1,1|1,1|1,1|1,1|1,1|1,1|1,1|1,1|1,1|1,1|1,1|1,1|1,1|1,1|1,1|1,1|1,1|1,1|1,1|1,1|1,1|1,1|1,1|1
17,4947801,.,A,G,.,PASS,AC=14;AN=5096;DP=13980;AF=0;EAS_AF=0.01;EUR_AF=0;AFR_AF=0;AMR_AF=0;SAS_AF=0;VT=SNP;NS=2548,GT,0|0,0|0,0|0,0|0,0|0,0|0,0|0,0|0,0|0,0|0,0|0,0|0,0|0,0|0,0|0,0|0,0|0,0|0,0|0,0|0,0|0,0|0,0|0,0|0,0|0,0|0,0|0,0|0,0|0,0|0,0|0,0|0,0|0,0|0,0|1,0|0,0|0,0|0,0|0,0|0,0|0,1|0,0|0,0|0,0|0,0|0,0|0,0|0,0|0,0|0,0|0,0|0,0|0,0|0,0|0,0|0,0|0,0|0,0|0,0|0,0|0,0|0,0|0,0|0,0|0,0|0,0|0,0|0,0|0,0|0,0|0,0|0,0|0,0|0,0|0,0|0,0|0,0|0,0|0,0|0,0|0,0|0,0|0,0|0,0|0,0|0,0|0,0|0,0|0,0|0,0|0,0|0,0|0,0|0,0|0,0|0,0|0,0|0,0|0
