#CHROM,POS,ID,REF,ALT,QUAL,FILTER,INFO,FORMAT,HG01595,HG01596,HG01597,HG01598,HG01599,HG01600,HG01840,HG01841,HG01842,HG01843,HG01844,HG01845,HG01846,HG01847,HG01848,HG01849,HG01850,HG01851,HG01852,HG01853,HG01855,HG01857,HG01858,HG01859,HG01860,HG01861,HG01862,HG01863,HG01864,HG01865,HG01866,HG01867,HG01868,HG01869,HG01870,HG01871,HG01872,HG01873,HG01874,HG01878,HG02016,HG02017,HG02019,HG02020,HG02023,HG02025,HG02026,HG02028,HG02029,HG02031,HG02032,HG02035,HG02040,HG02047,HG02048,HG02049,HG02050,HG02057,HG02058,HG02060,HG02061,HG02064,HG02067,HG02069,HG02070,HG02072,HG02073,HG02075,HG02076,HG02078,HG02079,HG02081,HG02082,HG02084,HG02085,HG02086,HG02087,HG02088,HG02113,HG02116,HG02121,HG02122,HG02127,HG02128,HG02130,HG02131,HG02133,HG02134,HG02136,HG02137,HG02138,HG02139,HG02140,HG02141,HG02142,HG02512,HG02513,HG02521,HG02522
21,31660364,.,C,A,.,PASS,AC=1;AN=5096;DP=16003;AF=0;EAS_AF=0;EUR_AF=0;AFR_AF=0;AMR_AF=0;SAS_AF=0;VT=SNP;NS=2548,GT,0|0,0|0,0|0,0|0,0|0,0|0,0|0,0|0,0|0,0|0,0|0,0|0,0|0,0|0,0|0,0|0,0|0,0|0,0|0,0|0,0|0,0|0,0|0,0|0,0|0,0|0,0|0,0|0,0|0,0|0,0|0,0|0,0|0,0|1,0|0,0|0,0|0,0|0,0|0,0|0,0|0,0|0,0|0,0|0,0|0,0|0,0|0,0|0,0|0,0|0,0|0,0|0,0|0,0|0,0|0,0|0,0|0,0|0,0|0,0|0,0|0,0|0,0|0,0|0,0|0,0|0,0|0,0|0,0|0,0|0,0|0,0|0,0|0,0|0,0|0,0|0,0|0,0|0,0|0,0|0,0|0,0|0,0|0,0|0,0|0,0|0,0|0,0|0,0|0,0|0,0|0,0|0,0|0,0|0,0|0,0|0,0|0,0|0,0|0
21,31660429,.,A,C,.,PASS,AC=4;AN=5096;DP=18626;AF=0;EAS_AF=0;EUR_AF=0;AFR_AF=0;AMR_AF=0;SAS_AF=0;VT=SNP;NS=2548,GT,0|0,0|0,0|0,0|0,0|0,0|0,0|0,0|0,0|0,0|0,0|0,0|0,0|0,0|0,0|0,0|0,0|0,0|0,0|0,0|0,0|0,0|0,0|0,0|0,0|0,0|0,0|0,0|0,0|0,0|0,0|0,0|0,0|0,0|0,0|0,0|0,0|0,0|0,0|0,0|0,0|0,0|0,0|0,0|0,0|0,0|0,0|0,0|0,0|0,0|0,0|0,0|0,0|0,0|0,0|0,0|0,0|0,0|0,0|0,0|0,0|0,0|0,0|0,0|0,0|0,0|0,0|0,0|0,0|0,0|0,1|0,0|0,0|0,0|0,0|0,0|0,0|0,0|0,0|0,0|0,0|0,0|0,0|0,0|0,0|0,0|0,0|0,0|0,0|0,0|0,0|0,0|0,0|0,0|0,0|0,0|0,0|0,0|0,0|0
21,31660675,.,C,A,.,PASS,AC=503;AN=5096;DP=21130;AF=0.1;EAS_AF=0;EUR_AF=0.06;AFR_AF=0.31;AMR_AF=0.03;SAS_AF=0.01;VT=SNP;NS=2548,GT,0|0,0|0,0|0,0|0,0|0,0|0,0|0,0|0,0|0,0|0,0|0,0|0,0|0,0|0,0|0,0|0,0|0,0|0,0|0,0|0,0|0,0|0,0|0,0|0,0|0,0|0,0|0,0|0,0|0,0|0,0|0,0|0,0|0,0|0,0|0,0|0,0|0,0|1,0|0,0|0,0|0,0|0,0|0,0|0,0|0,0|0,0|0,0|0,0|0,0|0,0|0,0|0,0|0,0|0,0|1,0|0,0|0,0|0,0|0,0|0,0|0,0|0,0|0,0|0,0|0,0|0,0|0,0|0,0|0,0|0,0|0,0|0,0|0,0|0,0|0,0|0,0|0,0|0,0|0,0|0,0|0,0|0,0|0,0|0,0|0,0|0,0|0,0|0,0|0,0|0,0|0,0|0,0|0,0|0,0|0,0|0,0|0,0|0,0|0
21,31660688,.,C,G,.,PASS,AC=1159;AN=5096;DP=21437;AF=0.23;EAS_AF=0.52;EUR_AF=0.07;AFR_AF=0.12;AMR_AF=0.22;SAS_AF=0.23;VT=SNP;NS=2548,GT,1|1,0|1,0|1,1|0,1|0,1|0,1|0,0|1,1|1,0|0,0|0,0|1,0|1,0|1,1|1,1|1,0|0,0|1,0|1,1|0,1|0,1|1,0|1,0|1,1|1,0|1,1|0,0|1,0|0,1|0,0|1,0|1,0|1,0|1,0|0,1|0,1|0,1|0,0|1,1|1,0|1,1|0,0|0,1|0,0|0,1|0,1|1,0|0,0|1,1|1,1|1,0|0,0|0,1|1,1|0,1|0,1|0,0|0,0|1,0|1,0|0,1|0,0|1,0|1,1|1,1|1,0|0,0|0,1|1,1|1,1|1,0|1,1|1,0|1,1|1,0|1,1|0,1|0,0|0,1|0,1|0,1|1,1|1,1|1,1|1,1|1,1|0,1|0,1|1,0|0,1|1,1|1,1|0,0|1,1|1,0|1,1|1,0|1,0|0
21,31660694,.,C,T,.,PASS,AC=1;AN=5096;DP=21630;AF=0;EAS_AF=0;EUR_AF=0;AFR_AF=0;AMR_AF=0;SAS_AF=0;VT=SNP;NS=2548,GT,0|0,0|0,0|0,0|0,0|0,0|0,0|0,0|0,0|0,0|0,0|0,0|0,0|0,0|0,0|0,0|0,0|0,0|0,0|0,0|0,0|0,0|0,0|0,0|0,0|0,0|0,0|0,0|0,0|0,0|0,0|0,0|0,0|0,0|0,0|0,0|0,0|0,0|0,0|0,0|0,0|0,0|0,0|0,0|0,0|0,0|0,0|0,0|0,0|0,0|0,0|0,0|0,0|0,0|0,0|0,0|0,0|0,0|0,0|0,0|0,0|0,0|0,0|0,0|0,0|0,0|0,0|0,0|0,0|0,0|0,0|0,0|0,0|0,0|0,0|0,0|0,0|0,0|0,0|0,0|0,0|0,0|0,0|0,0|0,0|0,0|0,0|0,0|0,1|0,0|0,0|0,0|0,0|0,0|0,0|0,0|0,0|0,0|0,0|0
21,31661410,.,C,T,.,PASS,AC=72;AN=5096;DP=18358;AF=0.01;EAS_AF=0.05;EUR_AF=0;AFR_AF=0;AMR_AF=0.02;SAS_AF=0;VT=SNP;NS=2548,GT,0|0,0|0,0|0,0|0,0|0,0|0,0|0,0|0,0|0,0|0,0|0,0|0,0|0,0|0,0|0,0|0,0|0,0|0,0|0,0|0,0|0,0|0,0|0,0|0,0|0,0|0,0|0,0|0,0|0,0|0,0|0,0|0,0|0,0|0,0|0,0|0,0|0,0|0,0|0,0|0,0|0,0|0,0|0,0|0,0|0,0|0,0|0,0|0,0|0,1|0,0|0,0|0,0|0,1|0,0|0,0|0,0|0,0|0,0|0,0|0,0|0,0|0,0|0,0|0,0|0,0|0,0|0,0|0,0|0,0|0,0|0,0|0,0|0,0|0,0|0,0|0,0|0,0|0,0|0,0|0,0|0,0|0,0|0,0|0,0|0,0|0,1|0,0|0,0|0,0|0,0|0,1|1,0|0,0|0,0|1,0|0,0|0,0|0,0|0
21,31662304,.,A,G,.,PASS,AC=1;AN=5096;DP=23579;AF=0;EAS_AF=0;EUR_AF=0;AFR_AF=0;AMR_AF=0;SAS_AF=0;VT=SNP;NS=2548,GT,0|0,0|0,0|0,0|0,0|0,0|0,0|0,0|0,0|0,0|0,0|0,0|0,0|0,0|0,0|0,0|0,0|0,0|0,0|0,0|0,0|0,0|0,0|0,0|0,0|0,0|0,0|0,0|0,0|0,0|0,0|0,0|0,0|0,0|0,0|0,0|0,0|1,0|0,0|0,0|0,0|0,0|0,0|0,0|0,0|0,0|0,0|0,0|0,0|0,0|0,0|0,0|0,0|0,0|0,0|0,0|0,0|0,0|0,0|0,0|0,0|0,0|0,0|0,0|0,0|0,0|0,0|0,0|0,0|0,0|0,0|0,0|0,0|0,0|0,0|0,0|0,0|0,0|0,0|0,0|0,0|0,0|0,0|0,0|0,0|0,0|0,0|0,0|0,0|0,0|0,0|0,0|0,0|0,0|0,0|0,0|0,0|0,0|0,0|0
21,31662579,.,G,A,.,PASS,AC=1672;AN=5096;DP=21074;AF=0.33;EAS_AF=0.52;EUR_AF=0.13;AFR_AF=0.44;AMR_AF=0.26;SAS_AF=0.24;VT=SNP;NS=2548,GT,1|1,0|1,0|1,1|0,1|0,1|0,1|0,0|1,1|1,0|0,0|0,0|1,0|1,0|1,1|1,1|1,0|0,0|1,0|1,1|0,1|0,1|1,0|1,0|1,1|1,0|1,1|0,0|1,0|0,1|0,0|1,0|1,0|1,0|1,0|0,1|0,1|0,1|1,0|1,1|1,0|1,1|0,0|0,1|0,0|0,1|0,1|1,0|0,0|1,1|1,1|1,0|0,0|0,1|1,1|1,1|0,1|0,0|0,0|1,0|1,0|0,1|0,0|1,0|1,1|1,1|1,0|0,0|0,1|1,1|1,1|1,0|1,1|1,0|1,1|1,0|1,1|0,1|0,0|0,1|0,1|0,1|1,1|1,1|1,1|1,1|1,1|0,1|0,1|1,0|0,1|1,1|1,1|0,0|1,1|1,0|1,1|1,0|1,0|0
21,31662993,.,C,T,.,PASS,AC=13;AN=5096;DP=16291;AF=0;EAS_AF=0.01;EUR_AF=0;AFR_AF=0;AMR_AF=0;SAS_AF=0;VT=SNP;NS=2548,GT,0|0,0|0,0|0,0|0,0|0,0|0,0|0,0|0,0|0,0|0,0|0,0|0,0|0,0|0,0|0,0|0,1|0,0|0,0|0,0|0,0|0,0|0,0|0,0|0,0|0,0|0,0|0,0|0,0|0,0|0,0|0,0|0,0|0,0|0,0|0,0|0,0|0,0|0,0|0,0|0,0|0,0|0,0|0,0|0,0|0,0|0,0|0,0|0,1|0,0|0,0|0,0|0,0|0,0|0,0|0,0|0,0|0,0|0,0|0,0|0,0|0,0|0,0|0,0|0,0|0,0|0,0|0,0|0,0|0,0|0,0|0,0|0,0|0,0|0,0|0,0|0,0|0,0|0,0|0,0|0,0|0,0|0,0|0,0|0,0|0,0|0,0|0,0|0,0|0,0|0,0|0,0|0,0|0,0|0,0|0,0|0,0|0,0|0,0|0
21,31663068,.,G,C,.,PASS,AC=6;AN=5096;DP=20048;AF=0;EAS_AF=0.01;EUR_AF=0;AFR_AF=0;AMR_AF=0;SAS_AF=0;VT=SNP;NS=2548,GT,0|0,0|0,0|0,0|0,0|0,0|0,0|0,0|0,0|0,0|0,0|0,0|0,0|0,0|0,0|0,0|0,0|0,0|0,0|0,0|0,0|0,0|0,0|0,0|0,0|0,0|0,0|0,0|0,0|0,0|0,0|0,0|0,0|0,0|0,0|0,0|0,0|0,0|0,0|0,0|0,0|0,0|0,0|0,0|0,0|0,0|0,0|0,0|0,0|0,0|0,0|0,0|0,0|0,0|0,0|0,1|0,0|0,0|0,0|0,0|0,0|0,1|0,0|0,0|0,0|0,0|0,0|0,0|0,0|0,0|0,0|0,0|0,0|0,0|0,0|0,0|0,0|0,0|0,0|0,0|0,0|0,0|0,0|0,0|0,0|0,0|0,0|0,0|0,0|0,0|0,0|0,0|0,0|0,0|0,0|0,0|0,0|0,0|0,0|0
21,31663125,.,C,T,.,PASS,AC=993;AN=5096;DP=17406;AF=0.19;EAS_AF=0.5;EUR_AF=0.07;AFR_AF=0.1;AMR_AF=0.2;SAS_AF=0.12;VT=SNP;NS=2548,GT,1|1,0|1,0|1,1|0,1|0,1|0,1|0,0|1,1|1,0|0,0|0,0|1,0|1,0|1,1|1,1|1,0|0,0|1,0|1,1|0,1|0,1|1,0|1,0|1,1|1,0|1,1|0,0|1,0|0,1|0,0|1,0|1,0|1,0|1,0|0,1|0,1|0,1|0,0|1,1|1,0|1,1|0,0|0,1|0,0|0,1|0,1|1,0|0,0|1,1|1,1|1,0|0,0|0,1|1,1|0,1|0,1|0,0|0,0|1,0|1,0|0,1|0,0|1,0|1,1|1,1|1,0|0,0|0,1|1,1|1,1|1,0|1,1|1,0|1,1|1,0|1,1|0,1|0,0|0,1|0,1|0,1|1,1|1,1|1,1|1,1|1,1|0,1|0,1|1,0|0,1|1,1|1,1|0,0|1,1|1,0|1,1|1,0|1,0|0
21,31663682,.,T,A,.,PASS,AC=81;AN=5096;DP=126170;AF=0.02;EAS_AF=0;EUR_AF=0.06;AFR_AF=0;AMR_AF=0.02;SAS_AF=0.01;VT=SNP;NS=2548,GT,0|0,0|0,0|0,0|0,0|0,0|0,0|0,0|0,0|0,0|0,0|0,0|0,0|0,0|0,0|0,0|0,0|0,0|0,0|0,0|0,0|0,0|0,0|0,0|0,0|0,0|0,0|0,0|0,0|0,0|0,0|0,0|0,0|0,0|0,0|0,0|0,0|0,0|1,0|0,0|0,0|0,0|0,0|0,0|0,0|0,0|0,0|0,0|0,0|0,0|0,0|0,0|0,0|0,0|0,0|1,0|0,0|0,0|0,0|0,0|0,0|0,0|0,0|0,0|0,0|0,0|0,0|0,0|0,0|0,0|0,0|0,0|0,0|0,0|0,0|0,0|0,0|0,0|0,0|0,0|0,0|0,0|0,0|0,0|0,0|0,0|0,0|0,0|0,0|0,0|0,0|0,0|0,0|0,0|0,0|0,0|0,0|0,0|0,0|0
21,31663970,.,C,T,.,PASS,AC=2;AN=5096;DP=230572;AF=0;EAS_AF=0;EUR_AF=0;AFR_AF=0;AMR_AF=0;SAS_AF=0;VT=SNP;NS=2548,GT,0|0,0|0,0|0,0|0,0|0,0|0,0|0,0|0,0|0,0|0,0|0,0|0,0|0,0|0,0|0,0|0,0|0,0|0,0|0,0|0,0|0,0|0,0|0,0|0,0|0,0|0,0|0,0|0,0|0,0|0,0|0,0|0,0|0,0|0,0|0,0|1,0|0,0|0,0|0,0|0,0|0,0|0,0|0,0|0,0|0,0|0,0|0,1|0,0|0,0|0,0|0,0|0,0|0,0|0,0|0,0|0,0|0,0|0,0|0,0|0,0|0,0|0,0|0,0|0,0|0,0|0,0|0,0|0,0|0,0|0,0|0,0|0,0|0,0|0,0|0,0|0,0|0,0|0,0|0,0|0,0|0,0|0,0|0,0|0,0|0,0|0,0|0,0|0,0|0,0|0,0|0,0|0,0|0,0|0,0|0,0|0,0|0,0|0,0|0
21,31664078,.,T,G,.,PASS,AC=1500;AN=5096;DP=76439;AF=0.29;EAS_AF=0.52;EUR_AF=0.13;AFR_AF=0.31;AMR_AF=0.25;SAS_AF=0.24;VT=SNP;NS=2548,GT,1|1,0|1,0|1,1|0,1|0,1|0,1|0,0|1,1|1,0|0,0|0,0|1,0|1,0|1,1|1,1|1,0|0,0|1,0|1,1|0,1|0,1|1,0|1,0|1,1|1,0|1,1|0,0|1,0|0,1|0,0|1,0|1,0|1,0|1,0|0,1|0,1|0,1|1,0|1,1|1,0|1,1|0,0|0,1|0,0|0,1|0,1|1,0|0,0|1,1|1,1|1,0|0,0|0,1|1,1|1,1|0,1|0,0|0,0|1,0|1,0|0,1|0,0|1,0|1,1|1,1|1,0|0,0|0,1|1,1|1,1|1,0|1,1|1,0|1,1|1,0|1,1|0,1|0,0|0,1|0,1|0,1|1,1|1,1|1,1|1,1|1,1|0,1|0,1|1,0|0,1|1,1|1,1|0,0|1,1|1,0|1,1|1,0|1,0|0
21,31664501,.,GAGA,G,.,PASS,AC=431;AN=5096;DP=29019;AF=0.08;EAS_AF=0.01;EUR_AF=0.16;AFR_AF=0.03;AMR_AF=0.11;SAS_AF=0.14;VT=INDEL;NS=2548,GT,0|0,0|0,0|0,0|0,0|0,0|0,0|0,0|0,0|0,0|0,0|0,0|0,0|0,0|0,0|0,0|0,0|0,0|0,1|0,0|0,0|0,0|0,0|0,0|0,0|0,0|0,0|0,0|0,0|0,0|0,0|0,0|0,0|0,0|0,0|0,0|0,0|0,0|0,0|0,0|0,0|0,0|0,0|0,0|0,0|0,0|0,0|0,0|0,0|0,0|0,0|0,0|0,0|0,0|0,0|0,0|0,0|0,0|0,0|0,0|0,0|0,0|0,0|0,0|0,0|0,0|0,0|1,0|0,0|0,0|0,0|0,0|0,0|0,0|0,0|0,0|0,0|0,0|0,0|0,0|0,0|0,0|0,0|0,0|0,0|0,0|0,0|0,0|0,0|0,0|0,0|0,0|0,0|0,0|0,0|0,0|0,0|0,0|0,0|0
21,31664549,.,C,G,.,PASS,AC=1;AN=5096;DP=28543;AF=0;EAS_AF=0;EUR_AF=0;AFR_AF=0;AMR_AF=0;SAS_AF=0;VT=SNP;NS=2548,GT,0|0,0|1,0|0,0|0,0|0,0|0,0|0,0|0,0|0,0|0,0|0,0|0,0|0,0|0,0|0,0|0,0|0,0|0,0|0,0|0,0|0,0|0,0|0,0|0,0|0,0|0,0|0,0|0,0|0,0|0,0|0,0|0,0|0,0|0,0|0,0|0,0|0,0|0,0|0,0|0,0|0,0|0,0|0,0|0,0|0,0|0,0|0,0|0,0|0,0|0,0|0,0|0,0|0,0|0,0|0,0|0,0|0,0|0,0|0,0|0,0|0,0|0,0|0,0|0,0|0,0|0,0|0,0|0,0|0,0|0,0|0,0|0,0|0,0|0,0|0,0|0,0|0,0|0,0|0,0|0,0|0,0|0,0|0,0|0,0|0,0|0,0|0,0|0,0|0,0|0,0|0,0|0,0|0,0|0,0|0,0|0,0|0,0|0,0|0
21,31664590,.,T,TA,.,PASS,AC=8;AN=5096;DP=25649;AF=0;EAS_AF=0.01;EUR_AF=0;AFR_AF=0;AMR_AF=0;SAS_AF=0;VT=INDEL;NS=2548,GT,0|0,0|0,0|1,0|0,0|0,0|0,0|0,0|0,0|0,0|0,0|0,0|0,0|0,0|0,0|0,0|0,0|0,0|0,0|0,0|0,0|0,0|0,0|0,0|0,0|0,0|0,0|0,0|0,0|0,0|0,0|0,0|0,0|0,0|0,0|0,0|0,0|0,0|0,0|0,0|0,0|0,0|0,0|0,0|0,0|0,0|0,0|0,0|0,0|0,0|0,0|0,0|0,0|0,0|0,0|0,0|0,1|0,0|0,0|0,0|0,0|0,0|0,0|0,0|0,0|0,0|0,0|0,0|0,0|0,0|0,0|0,0|0,0|0,0|0,0|0,0|0,0|0,0|0,0|0,0|0,0|0,0|0,0|0,0|0,0|0,0|0,0|0,0|0,0|0,0|0,0|0,0|0,0|0,0|0,0|0,0|0,0|0,0|0,0|0
21,31664637,.,G,C,.,PASS,AC=3;AN=5096;DP=20488;AF=0;EAS_AF=0;EUR_AF=0;AFR_AF=0;AMR_AF=0;SAS_AF=0;VT=SNP;NS=2548,GT,0|0,0|0,0|0,0|0,0|0,0|0,0|0,0|0,0|0,0|0,0|0,0|0,0|0,0|0,0|0,0|0,0|0,0|0,0|0,0|0,0|0,0|0,0|0,0|0,0|0,0|0,0|0,0|0,0|0,0|0,0|0,0|0,0|0,0|0,0|0,0|0,0|0,0|0,0|0,0|0,0|0,0|0,0|0,0|0,0|0,0|0,0|0,0|0,0|0,0|0,0|0,0|0,0|0,0|0,0|0,0|0,0|0,0|0,0|0,0|0,0|0,0|0,0|0,0|0,1|0,0|0,0|0,0|0,0|0,0|0,0|0,0|0,0|0,0|0,0|0,0|0,0|0,0|0,0|0,0|0,1|0,0|0,0|0,0|0,0|0,0|0,0|0,0|0,0|0,0|0,0|0,0|0,0|0,0|0,0|0,0|0,0|0,0|0,0|0
21,31664680,.,G,A,.,PASS,AC=1;AN=5096;DP=18703;AF=0;EAS_AF=0;EUR_AF=0;AFR_AF=0;AMR_AF=0;SAS_AF=0;VT=SNP;NS=2548,GT,0|0,0|0,0|0,0|0,0|0,0|0,0|0,0|0,0|0,0|0,0|0,0|0,0|0,0|0,0|0,0|0,0|0,0|0,0|0,0|0,0|0,1|0,0|0,0|0,0|0,0|0,0|0,0|0,0|0,0|0,0|0,0|0,0|0,0|0,0|0,0|0,0|0,0|0,0|0,0|0,0|0,0|0,0|0,0|0,0|0,0|0,0|0,0|0,0|0,0|0,0|0,0|0,0|0,0|0,0|0,0|0,0|0,0|0,0|0,0|0,0|0,0|0,0|0,0|0,0|0,0|0,0|0,0|0,0|0,0|0,0|0,0|0,0|0,0|0,0|0,0|0,0|0,0|0,0|0,0|0,0|0,0|0,0|0,0|0,0|0,0|0,0|0,0|0,0|0,0|0,0|0,0|0,0|0,0|0,0|0,0|0,0|0,0|0,0|0
21,31665013,.,G,C,.,PASS,AC=1;AN=5096;DP=16955;AF=0;EAS_AF=0;EUR_AF=0;AFR_AF=0;AMR_AF=0;SAS_AF=0;VT=SNP;NS=2548,GT,0|0,0|0,0|0,0|0,0|0,0|0,0|0,0|0,0|0,0|0,0|0,0|0,0|0,0|0,0|0,0|0,0|0,0|0,0|0,0|0,0|0,0|0,0|1,0|0,0|0,0|0,0|0,0|0,0|0,0|0,0|0,0|0,0|0,0|0,0|0,0|0,0|0,0|0,0|0,0|0,0|0,0|0,0|0,0|0,0|0,0|0,0|0,0|0,0|0,0|0,0|0,0|0,0|0,0|0,0|0,0|0,0|0,0|0,0|0,0|0,0|0,0|0,0|0,0|0,0|0,0|0,0|0,0|0,0|0,0|0,0|0,0|0,0|0,0|0,0|0,0|0,0|0,0|0,0|0,0|0,0|0,0|0,0|0,0|0,0|0,0|0,0|0,0|0,0|0,0|0,0|0,0|0,0|0,0|0,0|0,0|0,0|0,0|0,0|0
21,31665161,.,TA,T,.,PASS,AC=2588;AN=5096;DP=14175;AF=0.51;EAS_AF=0.76;EUR_AF=0.36;AFR_AF=0.41;AMR_AF=0.51;SAS_AF=0.53;VT=INDEL;NS=2548,GT,1|1,1|1,0|1,1|0,1|0,0|0,1|1,0|1,1|1,0|0,0|0,1|1,0|1,0|1,1|1,1|1,0|1,0|1,1|1,1|0,1|0,1|1,0|1,0|1,1|1,1|1,1|1,1|1,0|0,1|1,0|1,0|1,1|1,1|1,0|0,1|0,1|1,1|1,0|1,1|1,0|1,1|1,0|0,1|0,0|0,1|1,1|1,0|0,0|1,1|1,1|1,0|0,1|0,1|1,1|1,1|0,1|0,1|0,1|1,0|1,0|0,1|0,0|1,0|0,1|1,1|1,0|0,0|1,1|1,1|1,1|1,1|1,1|1,0|1,1|0,0|1,1|0,1|1,1|0,1|0,1|0,1|1,1|1,1|1,1|1,1|1,1|1,1|1,1|1,0|1,1|1,1|1,0|0,1|1,1|1,0|1,1|1,0|1,1|1
21,31665169,.,A,T,.,PASS,AC=2905;AN=5096;DP=14096;AF=0.57;EAS_AF=0.8;EUR_AF=0.43;AFR_AF=0.5;AMR_AF=0.59;SAS_AF=0.56;VT=SNP;NS=2548,GT,1|1,1|1,0|1,1|0,1|0,1|0,1|1,0|1,1|1,0|0,0|1,1|1,0|1,0|1,1|1,1|1,0|1,0|1,1|1,1|0,1|0,1|1,0|1,0|1,1|1,1|1,1|1,1|1,0|0,1|1,0|1,0|1,1|1,1|1,0|0,1|0,1|1,1|1,0|1,1|1,0|1,1|1,0|0,1|0,0|0,1|1,1|1,0|0,0|1,1|1,1|1,0|0,1|0,1|1,1|1,1|0,1|0,1|0,1|1,0|1,0|0,1|0,0|1,0|1,1|1,1|1,0|1,0|1,1|1,1|1,1|1,1|1,1|1,0|1,1|1,0|1,1|0,1|1,1|0,1|0,1|0,1|1,1|1,1|1,1|1,1|1,1|1,1|1,1|1,0|1,1|1,1|1,1|0,1|1,1|1,0|1,1|1,0|1,1|1
21,31665251,.,A,G,.,PASS,AC=1260;AN=5096;DP=16807;AF=0.25;EAS_AF=0.31;EUR_AF=0.31;AFR_AF=0.05;AMR_AF=0.33;SAS_AF=0.32;VT=SNP;NS=2548,GT,0|0,1|0,0|0,0|1,0|0,0|0,0|1,0|0,0|0,0|0,0|1,1|0,0|0,0|0,0|0,0|0,0|1,0|0,1|0,0|0,0|0,0|0,0|0,0|0,0|0,1|0,0|1,1|0,0|0,0|1,0|0,0|0,1|0,1|0,0|0,0|0,0|1,0|0,0|0,0|0,0|0,0|1,0|0,0|0,0|0,0|1,0|0,0|0,0|0,0|0,0|0,0|0,1|0,0|0,0|0,0|0,0|0,1|0,1|0,0|0,0|0,0|1,0|0,0|0,0|0,0|0,0|1,0|1,0|0,0|0,0|0,1|0,0|0,0|0,0|0,0|0,0|0,0|1,1|0,0|0,0|0,0|0,0|0,0|0,0|0,0|0,0|1,0|1,0|0,1|1,0|0,0|0,0|0,1|0,0|0,1|0,0|0,0|0,1|1
21,31665437,.,T,A,.,PASS,AC=3;AN=5096;DP=19868;AF=0;EAS_AF=0;EUR_AF=0;AFR_AF=0;AMR_AF=0;SAS_AF=0;VT=SNP;NS=2548,GT,0|0,0|0,0|0,0|0,0|0,0|0,0|0,0|0,0|0,0|0,0|0,0|0,0|0,0|0,0|0,0|0,0|0,0|0,0|0,0|0,0|0,0|0,0|0,0|0,0|0,0|0,0|0,0|0,0|0,0|0,0|0,0|0,0|0,0|0,0|0,0|0,1|0,0|0,0|0,0|0,0|0,0|0,0|0,0|0,0|0,0|0,0|0,0|0,0|0,0|0,0|0,0|0,0|0,0|0,0|0,0|0,0|0,0|0,0|1,0|0,0|0,0|0,0|0,0|0,0|0,0|0,0|0,0|0,0|0,0|0,0|0,0|0,0|0,0|0,0|0,0|0,0|0,0|0,0|0,0|0,0|0,0|0,0|0,0|0,0|0,0|0,0|0,0|0,0|0,0|0,0|0,0|0,0|0,0|0,0|0,0|0,0|0,0|0,0|0
21,31666034,.,C,A,.,PASS,AC=1261;AN=5096;DP=15928;AF=0.25;EAS_AF=0.51;EUR_AF=0.07;AFR_AF=0.2;AMR_AF=0.23;SAS_AF=0.23;VT=SNP;NS=2548,GT,1|1,0|1,0|1,1|0,1|0,1|0,1|0,0|1,1|1,0|0,0|0,0|1,0|1,0|1,1|1,1|1,0|0,0|1,0|1,1|0,1|0,1|1,0|1,0|1,1|1,0|1,1|0,0|1,0|0,1|0,0|1,0|1,0|1,0|1,0|0,1|0,1|0,1|0,0|1,1|1,0|1,1|0,0|0,1|0,0|0,1|0,1|1,0|0,0|1,1|1,1|1,0|0,0|0,1|1,1|0,1|0,1|0,0|0,0|1,0|1,0|0,1|0,0|1,0|1,1|1,1|1,0|0,0|0,1|1,1|1,1|1,0|1,1|1,0|1,1|1,0|1,1|0,1|0,0|0,1|0,1|0,1|1,1|1,1|1,1|1,1|1,1|0,1|0,1|1,0|0,1|1,1|1,1|0,0|1,1|1,0|1,1|1,0|1,0|0
21,31666162,.,CAG,C,.,PASS,AC=81;AN=5096;DP=24404;AF=0.02;EAS_AF=0;EUR_AF=0.06;AFR_AF=0;AMR_AF=0.02;SAS_AF=0.01;VT=INDEL;NS=2548,GT,0|0,0|0,0|0,0|0,0|0,0|0,0|0,0|0,0|0,0|0,0|0,0|0,0|0,0|0,0|0,0|0,0|0,0|0,0|0,0|0,0|0,0|0,0|0,0|0,0|0,0|0,0|0,0|0,0|0,0|0,0|0,0|0,0|0,0|0,0|0,0|0,0|0,0|1,0|0,0|0,0|0,0|0,0|0,0|0,0|0,0|0,0|0,0|0,0|0,0|0,0|0,0|0,0|0,0|0,0|1,0|0,0|0,0|0,0|0,0|0,0|0,0|0,0|0,0|0,0|0,0|0,0|0,0|0,0|0,0|0,0|0,0|0,0|0,0|0,0|0,0|0,0|0,0|0,0|0,0|0,0|0,0|0,0|0,0|0,0|0,0|0,0|0,0|0,0|0,0|0,0|0,0|0,0|0,0|0,0|0,0|0,0|0,0|0,0|0
21,31666200,.,C,T,.,PASS,AC=4;AN=5096;DP=27688;AF=0;EAS_AF=0;EUR_AF=0;AFR_AF=0;AMR_AF=0;SAS_AF=0;VT=SNP;NS=2548,GT,0|0,0|0,0|0,0|0,0|0,0|0,0|0,0|0,0|0,0|0,0|0,0|0,0|0,0|0,0|0,0|0,0|0,0|0,0|0,0|0,0|0,0|0,0|0,0|0,0|0,0|0,0|0,0|0,0|0,0|0,0|0,0|0,0|0,0|0,0|0,0|0,0|0,0|0,0|0,0|0,0|0,0|0,0|0,0|0,0|0,0|0,0|0,0|0,0|0,0|0,0|0,0|0,0|0,0|0,0|0,0|0,0|0,0|0,0|0,0|0,0|0,0|0,0|0,0|0,0|0,0|0,0|0,0|0,0|0,0|0,0|0,0|0,0|0,0|0,0|0,0|0,0|0,0|0,0|0,0|0,0|0,0|0,0|0,0|0,0|0,0|0,0|0,0|0,0|0,0|0,0|0,0|0,0|0,0|0,0|0,0|0,0|0,0|0,0|1
21,31666552,.,A,C,.,PASS,AC=81;AN=5096;DP=183780;AF=0.02;EAS_AF=0;EUR_AF=0.06;AFR_AF=0;AMR_AF=0.02;SAS_AF=0.01;VT=SNP;NS=2548,GT,0|0,0|0,0|0,0|0,0|0,0|0,0|0,0|0,0|0,0|0,0|0,0|0,0|0,0|0,0|0,0|0,0|0,0|0,0|0,0|0,0|0,0|0,0|0,0|0,0|0,0|0,0|0,0|0,0|0,0|0,0|0,0|0,0|0,0|0,0|0,0|0,0|0,0|1,0|0,0|0,0|0,0|0,0|0,0|0,0|0,0|0,0|0,0|0,0|0,0|0,0|0,0|0,0|0,0|0,0|1,0|0,0|0,0|0,0|0,0|0,0|0,0|0,0|0,0|0,0|0,0|0,0|0,0|0,0|0,0|0,0|0,0|0,0|0,0|0,0|0,0|0,0|0,0|0,0|0,0|0,0|0,0|0,0|0,0|0,0|0,0|0,0|0,0|0,0|0,0|0,0|0,0|0,0|0,0|0,0|0,0|0,0|0,0|0,0|0
21,31667007,.,A,G,.,PASS,AC=1264;AN=5096;DP=41290;AF=0.25;EAS_AF=0.51;EUR_AF=0.07;AFR_AF=0.2;AMR_AF=0.23;SAS_AF=0.23;VT=SNP;NS=2548,GT,1|1,0|1,0|1,1|0,1|0,1|0,1|0,0|1,1|1,0|0,0|0,0|1,0|1,0|1,1|1,1|1,0|0,0|1,0|1,1|0,1|0,1|1,0|1,0|1,1|1,0|1,1|0,0|1,0|0,1|0,0|1,0|1,0|1,0|1,0|0,1|0,1|0,1|0,0|1,1|1,0|1,1|0,0|0,1|0,0|0,1|0,1|1,0|0,0|1,1|1,1|1,0|0,0|0,1|1,1|0,1|0,1|0,0|0,0|1,0|1,0|0,1|0,0|1,0|1,1|1,1|1,0|0,0|0,1|1,1|1,1|1,0|1,1|1,0|1,1|1,0|1,1|0,1|0,0|0,1|0,1|0,1|1,1|1,1|1,1|1,1|1,1|0,1|0,1|1,0|0,1|1,1|1,1|0,0|1,1|1,0|1,1|1,0|1,0|0
21,31667461,.,TA,T,.,PASS,AC=1247;AN=5096;DP=174884;AF=0.24;EAS_AF=0.51;EUR_AF=0.07;AFR_AF=0.2;AMR_AF=0.22;SAS_AF=0.23;VT=INDEL;NS=2548,GT,1|1,0|1,0|1,1|0,1|0,1|0,1|0,0|1,1|1,0|0,0|0,0|1,0|1,0|1,1|1,1|1,0|0,0|1,0|1,1|0,1|0,1|1,0|1,0|1,1|1,0|1,1|0,0|1,0|0,1|0,0|1,0|1,0|1,0|1,0|0,1|0,1|0,1|0,0|1,1|1,0|1,1|0,0|0,1|0,0|0,1|0,1|1,0|0,0|1,1|1,1|1,0|0,0|0,1|1,1|0,1|0,1|0,0|0,0|1,0|1,0|0,1|0,0|1,0|1,1|1,1|1,0|0,0|0,1|1,1|1,1|1,0|1,1|1,0|1,1|1,0|1,1|0,1|0,0|0,1|0,1|0,1|1,1|1,1|1,1|1,1|1,1|0,1|0,1|1,0|0,1|1,1|1,1|0,0|1,1|1,0|1,1|1,0|1,0|0
21,31667513,.,T,C,.,PASS,AC=2;AN=5096;DP=103950;AF=0;EAS_AF=0;EUR_AF=0;AFR_AF=0;AMR_AF=0;SAS_AF=0;VT=SNP;NS=2548,GT,0|0,0|0,0|0,0|0,0|0,0|0,0|0,0|0,0|0,0|0,0|0,0|0,0|0,0|0,0|0,0|0,0|0,0|0,0|0,0|0,0|0,0|0,0|0,0|0,0|0,0|0,0|0,0|0,0|0,0|0,0|0,0|0,0|0,0|0,0|0,0|0,0|0,0|0,0|0,0|0,0|0,0|0,0|0,0|0,0|0,0|0,0|0,0|0,0|0,0|0,0|0,0|0,0|0,0|0,0|0,0|0,0|0,0|0,0|0,0|0,0|0,0|0,0|0,0|0,0|0,0|0,0|0,0|0,0|0,0|0,0|0,0|0,0|1,0|0,0|0,0|0,0|0,0|0,0|0,0|0,0|0,0|0,0|0,0|0,0|0,0|0,0|0,0|0,0|0,0|0,0|0,0|0,0|0,0|0,0|0,0|0,0|0,0|0,0|0
21,31667686,.,A,G,.,PASS,AC=2;AN=5096;DP=27880;AF=0;EAS_AF=0;EUR_AF=0;AFR_AF=0;AMR_AF=0;SAS_AF=0;VT=SNP;NS=2548,GT,0|0,0|0,0|0,0|0,0|0,0|0,0|0,0|1,0|0,0|0,0|0,0|0,0|0,0|0,0|0,0|0,0|0,0|0,0|0,0|0,0|0,0|0,0|0,0|0,0|0,0|0,0|0,0|0,0|0,0|0,0|0,0|0,0|0,0|0,0|0,0|0,0|0,0|0,0|1,0|0,0|0,0|0,0|0,0|0,0|0,0|0,0|0,0|0,0|0,0|0,0|0,0|0,0|0,0|0,0|0,0|0,0|0,0|0,0|0,0|0,0|0,0|0,0|0,0|0,0|0,0|0,0|0,0|0,0|0,0|0,0|0,0|0,0|0,0|0,0|0,0|0,0|0,0|0,0|0,0|0,0|0,0|0,0|0,0|0,0|0,0|0,0|0,0|0,0|0,0|0,0|0,0|0,0|0,0|0,0|0,0|0,0|0,0|0,0|0
21,31667716,.,A,G,.,PASS,AC=1403;AN=5096;DP=24559;AF=0.28;EAS_AF=0.51;EUR_AF=0.07;AFR_AF=0.31;AMR_AF=0.23;SAS_AF=0.23;VT=SNP;NS=2548,GT,1|1,0|1,0|1,1|0,1|0,1|0,1|0,0|1,1|1,0|0,0|0,0|1,0|1,0|1,1|1,1|1,0|0,0|1,0|1,1|0,1|0,1|1,0|1,0|1,1|1,0|1,1|0,0|1,0|0,1|0,0|1,0|1,0|1,0|1,0|0,1|0,1|0,1|0,0|1,1|1,0|1,1|0,0|0,1|0,0|0,1|0,1|1,0|0,0|1,1|1,1|1,0|0,0|0,1|1,1|0,1|0,1|0,0|0,0|1,0|1,0|0,1|0,0|1,0|1,1|1,1|1,0|0,0|0,1|1,1|1,1|1,0|1,1|1,0|1,1|1,0|1,1|0,1|0,0|0,1|0,1|0,1|1,1|1,1|1,1|1,1|1,1|0,1|0,1|1,0|0,1|1,1|1,1|0,0|1,1|1,0|1,1|1,0|1,0|0
21,31667849,.,C,T,.,PASS,AC=1237;AN=5096;DP=21281;AF=0.24;EAS_AF=0.31;EUR_AF=0.3;AFR_AF=0.05;AMR_AF=0.32;SAS_AF=0.32;VT=SNP;NS=2548,GT,0|0,1|0,0|0,0|1,0|0,0|0,0|1,0|0,0|0,0|0,0|1,1|0,0|0,0|0,0|0,0|0,0|1,0|0,1|0,0|0,0|0,0|0,0|0,0|0,0|0,1|0,0|1,1|0,0|0,0|1,0|0,0|0,1|0,1|0,0|0,0|0,0|1,0|0,0|0,0|0,0|0,0|1,0|0,0|0,0|0,0|1,0|0,0|0,0|0,0|0,0|0,0|0,1|0,0|0,0|0,0|0,0|0,1|0,1|0,0|0,0|0,0|1,0|0,0|0,0|0,0|0,0|1,0|1,0|0,0|0,0|0,1|0,0|0,0|0,0|0,0|0,0|0,0|1,1|0,0|0,0|0,0|0,0|0,0|0,0|0,0|0,0|1,0|1,0|0,1|1,0|0,0|0,0|0,1|0,0|0,1|0,0|0,0|0,1|1
21,31668013,.,CT,C,.,PASS,AC=2960;AN=5096;DP=20291;AF=0.58;EAS_AF=0.83;EUR_AF=0.43;AFR_AF=0.53;AMR_AF=0.58;SAS_AF=0.55;VT=INDEL;NS=2548,GT,1|1,1|1,0|1,1|1,1|0,1|0,1|1,0|1,1|1,0|0,0|1,1|1,0|1,0|1,1|1,1|1,0|1,0|1,1|1,1|0,1|0,1|1,0|1,0|1,1|1,1|1,1|1,1|1,0|0,1|1,0|1,0|1,1|1,1|1,0|0,1|0,1|1,1|1,0|1,1|1,0|1,1|1,0|0,1|0,0|0,1|1,1|1,0|0,0|1,1|1,1|1,0|0,1|0,1|1,1|1,1|0,1|0,1|0,1|1,0|1,0|0,1|1,0|1,0|1,1|1,1|1,0|1,0|1,1|1,1|1,1|1,1|1,1|1,0|1,1|1,0|1,1|0,1|1,1|0,1|0,1|0,1|1,1|1,1|1,1|1,1|1,1|1,1|1,1|1,1|1,1|1,1|1,1|0,1|1,1|1,1|1,1|1,0|1,1|1
21,31668058,.,C,T,.,PASS,AC=1240;AN=5096;DP=20970;AF=0.24;EAS_AF=0.31;EUR_AF=0.3;AFR_AF=0.05;AMR_AF=0.32;SAS_AF=0.32;VT=SNP;NS=2548,GT,0|0,1|0,0|0,0|1,0|0,0|0,0|1,0|0,0|0,0|0,0|1,1|0,0|0,0|0,0|0,0|0,0|1,0|0,1|0,0|0,0|0,0|0,0|0,0|0,0|0,1|0,0|1,1|0,0|0,0|1,0|0,0|0,1|0,1|0,0|0,0|0,0|1,0|0,0|0,0|0,0|0,0|1,0|0,0|0,0|0,0|1,0|0,0|0,0|0,0|0,0|0,0|0,1|0,0|0,0|0,0|0,0|0,1|0,1|0,0|0,0|0,0|1,0|0,0|0,0|0,0|0,0|1,0|1,0|0,0|0,0|0,1|0,0|0,0|0,0|0,0|0,0|0,0|1,1|0,0|0,0|0,0|0,0|0,0|0,0|0,0|0,0|1,0|1,0|0,1|1,0|0,0|0,0|0,1|0,0|0,1|0,0|0,0|0,1|1
21,31668895,.,T,C,.,PASS,AC=3;AN=5096;DP=23655;AF=0;EAS_AF=0;EUR_AF=0;AFR_AF=0;AMR_AF=0;SAS_AF=0;VT=SNP;NS=2548,GT,0|0,0|0,0|0,0|0,0|0,0|0,0|0,0|0,0|0,0|0,0|0,0|0,0|0,0|0,0|0,0|0,0|0,0|0,0|0,0|0,0|0,0|0,0|0,0|0,0|0,0|0,0|0,0|0,0|0,0|0,0|0,0|0,0|0,0|0,0|0,0|0,0|0,0|0,0|0,0|0,0|0,0|0,0|0,0|0,0|0,0|0,0|0,0|0,0|0,0|0,0|0,0|0,0|0,0|0,0|0,0|0,0|0,0|0,0|0,0|0,0|0,0|0,0|0,0|0,0|0,0|0,0|0,0|0,0|0,0|0,0|0,0|0,0|0,0|0,0|0,0|1,0|0,0|0,0|0,0|0,0|0,0|0,0|0,0|0,0|0,0|0,0|0,0|0,0|0,0|0,0|0,0|0,0|0,0|0,0|0,0|0,0|0,0|0,0|0
21,31668917,.,C,T,.,PASS,AC=72;AN=5096;DP=22194;AF=0.01;EAS_AF=0.05;EUR_AF=0;AFR_AF=0;AMR_AF=0.02;SAS_AF=0;VT=SNP;NS=2548,GT,0|0,0|0,0|0,0|0,0|0,0|0,0|0,0|0,0|0,0|0,0|0,0|0,0|0,0|0,0|0,0|0,0|0,0|0,0|0,0|0,0|0,0|0,0|0,0|0,0|0,0|0,0|0,0|0,0|0,0|0,0|0,0|0,0|0,0|0,0|0,0|0,0|0,0|0,0|0,0|0,0|0,0|0,0|0,0|0,0|0,0|0,0|0,0|0,0|0,1|0,0|0,0|0,0|0,1|0,0|0,0|0,0|0,0|0,0|0,0|0,0|0,0|0,0|0,0|0,0|0,0|0,0|0,0|0,0|0,0|0,0|0,0|0,0|0,0|0,0|0,0|0,0|0,0|0,0|0,0|0,0|0,0|0,0|0,0|0,0|0,0|0,1|0,0|0,0|0,0|0,0|0,1|1,0|0,0|0,0|1,0|0,0|0,0|0,0|0
