#CHROM,POS,ID,REF,ALT,QUAL,FILTER,INFO,FORMAT,HG01595,HG01596,HG01597,HG01598,HG01599,HG01600,HG01840,HG01841,HG01842,HG01843,HG01844,HG01845,HG01846,HG01847,HG01848,HG01849,HG01850,HG01851,HG01852,HG01853,HG01855,HG01857,HG01858,HG01859,HG01860,HG01861,HG01862,HG01863,HG01864,HG01865,HG01866,HG01867,HG01868,HG01869,HG01870,HG01871,HG01872,HG01873,HG01874,HG01878,HG02016,HG02017,HG02019,HG02020,HG02023,HG02025,HG02026,HG02028,HG02029,HG02031,HG02032,HG02035,HG02040,HG02047,HG02048,HG02049,HG02050,HG02057,HG02058,HG02060,HG02061,HG02064,HG02067,HG02069,HG02070,HG02072,HG02073,HG02075,HG02076,HG02078,HG02079,HG02081,HG02082,HG02084,HG02085,HG02086,HG02087,HG02088,HG02113,HG02116,HG02121,HG02122,HG02127,HG02128,HG02130,HG02131,HG02133,HG02134,HG02136,HG02137,HG02138,HG02139,HG02140,HG02141,HG02142,HG02512,HG02513,HG02521,HG02522
5,179806559,.,G,A,.,PASS,AC=1;AN=5096;DP=48770;AF=0;EAS_AF=0;EUR_AF=0;AFR_AF=0;AMR_AF=0;SAS_AF=0;EX_TARGET;VT=SNP;NS=2548,GT,0|0,0|0,0|0,0|0,0|0,0|0,0|0,0|0,0|0,0|0,0|0,0|0,0|0,0|0,0|0,1|0,0|0,0|0,0|0,0|0,0|0,0|0,0|0,0|0,0|0,0|0,0|0,0|0,0|0,0|0,0|0,0|0,0|0,0|0,0|0,0|0,0|0,0|0,0|0,0|0,0|0,0|0,0|0,0|0,0|0,0|0,0|0,0|0,0|0,0|0,0|0,0|0,0|0,0|0,0|0,0|0,0|0,0|0,0|0,0|0,0|0,0|0,0|0,0|0,0|0,0|0,0|0,0|0,0|0,0|0,0|0,0|0,0|0,0|0,0|0,0|0,0|0,0|0,0|0,0|0,0|0,0|0,0|0,0|0,0|0,0|0,0|0,0|0,0|0,0|0,0|0,0|0,0|0,0|0,0|0,0|0,0|0,0|0,0|0
5,179806907,.,T,C,.,PASS,AC=9;AN=5096;DP=4184;AF=0;EAS_AF=0;EUR_AF=0;AFR_AF=0;AMR_AF=0;SAS_AF=0;VT=SNP;NS=2548,GT,0|0,0|0,0|0,0|0,0|0,0|0,0|0,0|0,0|0,0|0,0|0,0|0,0|0,0|0,0|0,0|0,0|0,0|0,0|0,0|0,0|0,0|0,0|0,0|0,0|0,0|0,0|0,0|0,0|0,0|0,0|0,0|0,0|0,0|0,0|0,0|0,0|0,0|0,0|0,0|0,0|0,0|0,0|0,1|0,0|0,0|0,0|0,0|0,0|0,0|0,0|0,0|0,0|0,0|0,0|0,0|0,0|0,0|0,0|0,0|0,0|0,0|0,0|0,0|0,0|0,0|0,0|0,0|0,0|0,0|0,0|0,0|0,0|0,0|0,0|0,0|0,0|0,0|0,0|0,0|0,0|0,0|0,0|0,0|0,0|0,0|0,0|0,0|0,0|0,0|0,0|0,0|0,0|0,0|0,0|0,0|0,0|0,0|0,1|0
5,179806980,.,G,A,.,PASS,AC=1;AN=5096;DP=4474;AF=0;EAS_AF=0;EUR_AF=0;AFR_AF=0;AMR_AF=0;SAS_AF=0;VT=SNP;NS=2548,GT,0|0,0|0,0|0,0|0,0|0,0|0,0|0,0|0,0|0,0|0,0|0,0|0,0|0,0|0,0|0,0|0,0|0,0|0,0|0,0|0,0|0,0|0,0|0,0|0,0|0,0|0,0|0,0|0,0|0,0|0,0|0,0|0,0|0,0|0,0|0,0|0,0|0,1|0,0|0,0|0,0|0,0|0,0|0,0|0,0|0,0|0,0|0,0|0,0|0,0|0,0|0,0|0,0|0,0|0,0|0,0|0,0|0,0|0,0|0,0|0,0|0,0|0,0|0,0|0,0|0,0|0,0|0,0|0,0|0,0|0,0|0,0|0,0|0,0|0,0|0,0|0,0|0,0|0,0|0,0|0,0|0,0|0,0|0,0|0,0|0,0|0,0|0,0|0,0|0,0|0,0|0,0|0,0|0,0|0,0|0,0|0,0|0,0|0,0|0
5,179807050,.,T,G,.,PASS,AC=5;AN=5096;DP=5434;AF=0;EAS_AF=0;EUR_AF=0;AFR_AF=0;AMR_AF=0;SAS_AF=0;VT=SNP;NS=2548,GT,0|0,0|0,0|0,0|1,0|0,0|0,0|0,0|0,0|0,0|0,0|0,0|0,0|0,0|0,0|0,0|0,0|0,0|0,0|0,0|0,0|0,0|0,0|0,0|0,0|0,0|0,0|0,0|0,0|0,0|0,0|0,0|0,0|0,0|0,0|0,0|0,0|0,0|0,0|0,0|0,0|0,0|0,0|0,0|0,0|0,0|0,0|0,0|0,0|0,0|0,0|0,0|0,0|0,0|0,0|0,0|0,0|0,0|0,0|0,0|0,0|0,0|0,0|0,0|0,0|0,0|0,0|0,0|0,0|0,0|0,0|0,0|0,0|0,0|0,0|0,0|0,0|0,0|0,0|0,0|0,0|0,0|0,0|0,0|0,0|0,0|0,0|0,0|0,0|0,0|0,0|0,0|0,0|0,0|0,0|0,0|0,0|0,0|0,0|0
5,179807122,.,A,T,.,PASS,AC=462;AN=5096;DP=5859;AF=0.09;EAS_AF=0.17;EUR_AF=0.1;AFR_AF=0.01;AMR_AF=0.14;SAS_AF=0.07;VT=SNP;NS=2548,GT,0|0,0|0,1|0,0|1,0|0,0|0,0|1,1|0,1|0,1|0,0|0,0|0,0|0,0|1,0|0,0|0,0|0,0|0,0|1,0|0,0|0,0|0,0|0,0|0,1|0,0|1,0|0,1|1,0|0,0|0,0|0,0|0,0|0,0|1,0|0,0|0,1|0,0|0,0|0,0|0,1|0,1|0,1|0,1|0,1|0,0|0,0|0,0|0,0|1,0|0,0|1,0|0,1|0,0|0,0|0,0|0,0|0,0|0,0|1,0|0,1|0,0|0,0|0,0|0,1|0,1|0,0|1,0|1,0|0,0|0,0|0,0|0,0|0,0|0,0|0,0|0,0|1,1|0,0|1,0|1,0|0,1|0,0|0,0|0,0|0,0|0,0|0,0|0,0|0,0|0,0|0,0|0,0|0,0|0,0|0,1|0,1|0,0|0,0|0
5,179807522,.,A,C,.,PASS,AC=4275;AN=5096;DP=11210;AF=0.84;EAS_AF=0.75;EUR_AF=0.86;AFR_AF=0.87;AMR_AF=0.86;SAS_AF=0.85;VT=SNP;NS=2548,GT,1|0,1|1,1|0,1|1,0|1,0|1,0|1,1|1,1|1,1|1,1|1,1|0,0|1,0|1,1|1,0|1,0|1,1|1,1|1,0|1,0|0,1|0,1|1,1|1,1|1,1|1,1|1,1|1,1|1,1|1,1|0,1|1,1|1,0|1,1|1,0|1,1|0,0|1,0|1,1|0,1|1,1|1,1|1,1|1,1|1,1|1,1|0,1|1,0|1,0|0,1|1,1|1,1|1,1|0,1|1,1|1,1|1,0|1,0|1,1|1,1|1,1|1,1|0,1|1,1|1,1|1,1|1,1|1,1|1,1|1,1|0,1|0,1|1,1|1,0|1,1|1,0|1,1|0,1|1,1|1,0|0,1|1,0|1,0|1,1|1,0|1,1|1,1|1,1|1,1|1,1|1,1|1,1|1,0|1,1|1,1|1,1|1,1|1,1|0
5,179807687,.,C,G,.,PASS,AC=12;AN=5096;DP=18271;AF=0;EAS_AF=0.01;EUR_AF=0;AFR_AF=0;AMR_AF=0;SAS_AF=0;VT=SNP;NS=2548,GT,0|0,0|0,0|0,0|0,0|0,0|0,0|0,0|0,0|0,0|0,0|0,0|0,0|0,0|0,0|0,0|0,0|0,0|0,0|0,0|0,0|0,0|0,0|0,0|0,0|0,0|0,0|0,0|0,0|0,0|0,0|0,0|0,0|0,0|0,0|0,0|0,0|0,0|0,0|0,0|0,0|1,0|0,0|0,0|0,0|0,0|0,0|0,0|0,0|0,0|0,0|0,0|0,0|0,0|0,0|0,0|0,0|0,0|0,0|0,0|0,0|0,0|0,0|0,0|0,0|0,0|0,0|0,0|0,0|0,0|0,0|0,0|0,0|0,0|0,0|1,0|0,0|0,0|0,0|0,0|0,0|0,0|0,0|0,0|0,0|0,0|0,0|0,0|0,0|0,0|0,0|0,0|0,0|0,0|0,0|0,0|0,0|0,0|0,0|0
5,179808864,.,A,AT,.,PASS,AC=3705;AN=5096;DP=12063;AF=0.73;EAS_AF=0.75;EUR_AF=0.85;AFR_AF=0.48;AMR_AF=0.81;SAS_AF=0.84;VT=INDEL;NS=2548,GT,1|0,1|1,1|0,1|1,0|1,0|1,0|1,1|1,1|1,1|1,1|1,1|0,0|1,0|1,1|1,0|1,0|1,1|1,1|1,0|1,0|0,1|0,1|1,1|1,1|1,1|1,1|1,1|1,1|1,1|1,1|0,1|1,1|1,0|1,1|1,0|1,1|0,0|1,0|1,1|0,1|1,1|1,1|1,1|1,1|1,1|1,1|0,1|1,0|1,0|0,1|1,1|1,1|1,1|0,1|1,1|1,1|1,0|1,0|1,1|1,1|1,1|1,1|0,1|1,1|1,1|1,1|1,1|1,1|1,1|1,1|0,1|0,1|1,1|1,0|1,1|1,0|1,1|0,1|1,1|1,0|0,1|1,0|1,0|1,1|1,0|1,1|1,1|1,1|1,1|1,1|1,1|1,1|1,0|1,1|1,1|1,1|1,1|1,1|0
5,179808983,.,G,A,.,PASS,AC=1;AN=5096;DP=10795;AF=0;EAS_AF=0;EUR_AF=0;AFR_AF=0;AMR_AF=0;SAS_AF=0;VT=SNP;NS=2548,GT,0|0,0|0,0|0,0|0,0|0,0|0,0|0,0|0,0|0,0|0,0|0,0|0,0|0,0|0,0|0,0|0,0|0,0|0,0|0,0|0,0|0,0|0,0|0,0|0,0|0,0|0,0|0,0|0,0|0,0|0,0|0,0|0,0|0,0|0,0|0,0|0,0|0,0|0,0|0,0|0,0|0,0|1,0|0,0|0,0|0,0|0,0|0,0|0,0|0,0|0,0|0,0|0,0|0,0|0,0|0,0|0,0|0,0|0,0|0,0|0,0|0,0|0,0|0,0|0,0|0,0|0,0|0,0|0,0|0,0|0,0|0,0|0,0|0,0|0,0|0,0|0,0|0,0|0,0|0,0|0,0|0,0|0,0|0,0|0,0|0,0|0,0|0,0|0,0|0,0|0,0|0,0|0,0|0,0|0,0|0,0|0,0|0,0|0,0|0
5,179809092,.,C,T,.,PASS,AC=3;AN=5096;DP=11691;AF=0;EAS_AF=0;EUR_AF=0;AFR_AF=0;AMR_AF=0;SAS_AF=0;VT=SNP;NS=2548,GT,0|0,0|0,0|0,0|0,0|0,0|0,0|0,0|0,0|0,0|0,0|0,0|0,0|0,0|0,0|0,0|0,0|0,0|0,0|0,0|0,0|0,0|0,0|0,0|0,0|0,0|0,0|0,0|0,0|0,0|0,0|0,0|0,0|0,1|0,0|0,0|0,0|0,0|0,0|0,0|0,0|0,0|0,0|0,0|0,0|0,0|0,0|0,0|0,0|0,0|0,0|0,0|0,0|0,0|0,0|0,0|0,0|0,0|0,0|0,0|0,0|0,0|0,0|0,0|0,0|0,0|0,0|0,0|0,0|0,0|0,0|0,0|0,0|0,0|0,0|0,0|0,0|0,0|0,0|0,0|0,0|0,0|0,0|0,0|0,0|0,0|0,0|0,0|0,0|0,0|0,0|0,0|0,0|0,0|0,0|0,0|0,0|0,0|0,0|0
5,179809717,.,C,T,.,PASS,AC=205;AN=5096;DP=13414;AF=0.04;EAS_AF=0.13;EUR_AF=0.02;AFR_AF=0.01;AMR_AF=0.02;SAS_AF=0.03;VT=SNP;NS=2548,GT,0|1,0|0,0|0,0|0,1|0,1|0,1|0,0|0,0|0,0|0,0|0,0|0,1|0,0|0,0|0,1|0,1|0,0|0,0|0,0|0,0|0,0|1,0|0,0|0,0|0,0|0,0|0,0|0,0|0,0|0,0|1,0|0,0|0,0|0,0|0,1|0,0|0,1|0,1|0,0|0,0|0,0|0,0|0,0|0,0|0,0|0,0|1,0|0,1|0,0|1,0|0,0|0,0|0,0|1,0|0,0|0,0|0,0|0,1|0,0|0,0|0,0|0,0|0,0|0,0|0,0|0,0|0,0|0,0|0,0|0,0|0,0|1,0|0,0|0,1|0,0|0,0|0,0|0,0|0,0|0,0|0,0|0,0|0,1|0,0|0,1|0,0|0,0|0,0|0,0|0,0|0,0|0,0|0,0|0,0|0,0|0,0|0,0|0,0|0
5,179809990,.,T,G,.,PASS,AC=4169;AN=5096;DP=11931;AF=0.82;EAS_AF=0.75;EUR_AF=0.86;AFR_AF=0.8;AMR_AF=0.85;SAS_AF=0.85;VT=SNP;NS=2548,GT,1|0,1|1,1|0,1|1,0|1,0|1,0|1,1|1,1|1,1|1,1|1,1|0,0|1,0|1,1|1,0|1,0|1,1|1,1|1,0|1,0|0,1|0,1|1,1|1,1|1,1|1,1|1,1|1,1|1,1|1,1|0,1|1,1|1,0|1,1|1,0|1,1|0,0|1,0|1,1|0,1|1,1|1,1|1,1|1,1|1,1|1,1|0,1|1,0|1,0|0,1|1,1|1,1|1,1|0,1|1,1|1,1|1,0|1,0|1,1|1,1|1,1|1,1|0,1|1,1|1,1|1,1|1,1|1,1|1,1|1,1|0,1|0,1|1,1|1,0|1,1|1,0|1,1|0,1|1,1|1,0|0,1|1,0|1,0|1,1|1,0|1,1|1,1|1,1|1,1|1,1|1,1|1,1|1,0|1,1|1,1|1,1|1,1|1,1|0
5,179810896,.,G,A,.,PASS,AC=3333;AN=5096;DP=20413;AF=0.65;EAS_AF=0.72;EUR_AF=0.83;AFR_AF=0.28;AMR_AF=0.78;SAS_AF=0.83;VT=SNP;NS=2548,GT,1|0,1|1,1|0,1|1,0|1,0|1,0|1,1|1,1|1,1|1,1|1,1|0,0|1,0|1,1|1,0|0,0|1,1|1,1|1,0|1,0|0,1|0,1|1,1|1,1|1,1|0,1|1,1|1,1|1,1|1,1|0,1|1,1|1,0|1,1|1,0|0,1|0,0|1,0|1,1|0,1|1,1|1,1|1,1|1,0|1,1|1,1|0,1|1,0|0,0|0,1|1,1|1,1|0,1|0,1|1,1|0,1|1,0|1,0|1,1|1,0|1,1|1,1|0,1|1,1|1,0|1,1|1,1|1,1|1,1|1,1|0,1|0,1|1,1|1,0|1,1|1,0|1,1|0,1|0,1|1,0|0,1|1,0|1,0|1,1|1,0|1,1|1,1|1,1|1,1|1,1|1,1|1,1|1,0|1,1|1,1|1,1|1,1|1,1|0
5,179810968,.,G,T,.,PASS,AC=875;AN=5096;DP=18189;AF=0.17;EAS_AF=0.09;EUR_AF=0.32;AFR_AF=0.02;AMR_AF=0.19;SAS_AF=0.29;VT=SNP;NS=2548,GT,0|0,0|1,0|0,1|0,0|0,0|0,0|0,0|0,0|0,0|0,0|0,0|0,0|1,0|0,0|0,0|0,0|0,0|0,1|0,0|0,0|0,1|0,0|0,0|0,0|0,0|0,0|1,0|0,0|0,0|0,0|0,0|0,0|0,0|0,1|0,0|0,0|0,0|0,0|0,0|0,0|0,0|0,0|0,0|1,0|0,0|0,0|0,0|0,0|0,0|0,0|0,0|0,0|0,0|0,0|0,0|0,0|0,0|0,0|0,0|0,0|0,0|0,0|0,1|0,0|0,0|0,0|0,1|0,0|0,0|0,1|0,0|0,0|1,0|0,0|0,0|0,0|0,0|0,0|0,0|0,0|0,0|0,0|1,0|1,0|0,0|1,0|0,0|0,1|0,0|0,1|0,1|0,0|0,0|0,0|0,0|1,0|1,0|0,0|0
5,179811125,.,C,G,.,PASS,AC=11;AN=5096;DP=15263;AF=0;EAS_AF=0.01;EUR_AF=0;AFR_AF=0;AMR_AF=0;SAS_AF=0;VT=SNP;NS=2548,GT,0|0,0|0,0|0,0|0,0|0,0|0,0|0,0|0,0|0,0|0,0|0,0|0,0|0,0|0,0|0,0|0,0|0,0|0,0|0,0|0,0|0,0|0,0|0,0|0,0|0,0|0,0|0,0|0,0|0,0|0,0|0,0|0,0|0,0|0,0|0,0|0,0|0,0|0,0|0,0|0,0|1,0|0,0|0,0|0,0|0,0|0,0|0,0|0,0|0,0|0,0|0,0|0,0|0,0|0,0|0,0|0,0|0,0|0,0|0,0|0,0|0,0|0,0|0,0|0,0|0,0|0,0|0,0|0,0|0,0|0,0|0,0|0,0|0,0|0,0|1,0|0,0|0,0|0,0|0,0|0,0|0,0|0,0|0,0|0,0|0,0|0,0|0,0|0,0|0,0|0,0|0,0|0,0|0,0|0,0|0,0|0,0|0,0|0,0|0
5,179811228,.,G,A,.,PASS,AC=843;AN=5096;DP=13844;AF=0.17;EAS_AF=0.15;EUR_AF=0.31;AFR_AF=0.02;AMR_AF=0.21;SAS_AF=0.18;VT=SNP;NS=2548,GT,0|0,0|0,0|0,0|0,0|1,0|0,0|0,0|1,0|1,0|0,1|0,0|0,0|0,0|0,0|1,0|0,0|1,0|1,0|0,0|0,0|0,0|0,1|0,0|1,0|1,0|0,1|0,0|0,0|1,1|1,0|0,0|0,0|0,0|0,0|1,0|0,0|0,0|0,0|0,0|0,0|1,0|1,0|0,0|0,0|0,0|0,0|0,0|0,0|0,0|0,0|0,1|1,0|0,1|0,0|1,0|0,0|1,0|0,0|0,1|0,0|0,1|0,1|0,0|1,0|0,0|1,0|0,0|0,0|0,0|1,0|0,0|0,1|0,0|0,0|1,0|0,0|0,0|0,1|0,0|0,0|0,0|0,0|0,0|0,1|0,0|0,1|0,0|1,0|1,0|0,0|1,0|0,1|0,0|0,1|0,0|0,0|0,0|0,1|0
5,179811241,.,A,G,.,PASS,AC=40;AN=5096;DP=14338;AF=0.01;EAS_AF=0;EUR_AF=0.01;AFR_AF=0;AMR_AF=0.01;SAS_AF=0.02;VT=SNP;NS=2548,GT,0|0,0|0,0|0,0|0,0|0,0|0,0|0,0|0,0|0,0|0,0|0,0|0,0|0,0|0,0|0,0|1,0|0,0|0,0|0,0|0,0|0,0|0,0|0,0|0,0|0,0|0,0|0,0|0,0|0,0|0,0|0,0|0,0|0,0|0,0|0,0|1,0|0,0|0,0|0,0|0,0|0,0|0,0|0,0|0,0|0,0|0,0|0,0|0,0|0,0|0,0|0,0|0,0|1,0|0,0|0,0|1,0|0,0|0,0|0,0|0,0|0,0|0,0|0,0|0,0|0,0|0,0|0,0|0,0|0,0|0,0|0,0|0,0|0,0|0,0|0,0|0,0|0,0|0,0|0,0|0,0|0,0|0,0|0,0|0,0|0,0|0,0|0,0|0,0|0,0|0,0|0,0|0,0|0,0|0,0|0,0|0,0|0,0|0,0|0
5,179811251,.,A,G,.,PASS,AC=847;AN=5096;DP=14422;AF=0.17;EAS_AF=0.15;EUR_AF=0.31;AFR_AF=0.02;AMR_AF=0.22;SAS_AF=0.18;VT=SNP;NS=2548,GT,0|0,0|0,0|0,0|0,0|1,0|0,0|0,0|1,0|1,0|0,1|0,0|0,0|0,0|0,0|1,0|0,0|1,0|1,0|0,0|0,0|0,0|0,1|0,0|1,0|1,0|0,1|0,0|0,0|1,1|1,0|0,0|0,0|0,0|0,0|1,0|0,0|0,0|0,0|0,0|0,0|1,0|1,0|0,0|0,0|0,0|0,0|0,0|0,0|0,0|0,0|0,1|1,0|0,1|0,0|1,0|0,0|1,0|0,0|0,1|0,0|0,1|0,1|0,0|1,0|0,0|1,0|0,0|0,0|0,0|1,0|0,0|0,1|0,0|0,0|1,0|0,0|0,0|0,1|0,0|0,0|0,0|0,0|0,0|0,1|0,0|0,1|0,0|1,0|1,0|0,0|1,0|0,1|0,0|0,1|0,0|0,0|0,0|0,1|0
5,179811261,.,C,T,.,PASS,AC=73;AN=5096;DP=14372;AF=0.01;EAS_AF=0;EUR_AF=0.02;AFR_AF=0.02;AMR_AF=0.01;SAS_AF=0.02;VT=SNP;NS=2548,GT,0|0,0|0,0|0,0|0,0|0,0|0,0|0,0|0,0|0,0|0,0|0,0|0,0|0,0|0,0|0,0|1,0|0,0|0,0|0,0|0,0|0,0|0,0|0,0|0,0|0,0|0,0|0,0|0,0|0,0|0,0|0,0|0,0|0,0|0,0|0,0|1,0|0,0|0,0|0,0|0,0|0,0|0,0|0,0|0,0|0,0|0,0|0,0|0,0|0,0|0,0|0,0|0,0|1,0|0,0|0,0|1,0|0,0|0,0|0,0|0,0|0,0|0,0|0,0|0,0|0,0|0,0|0,0|0,0|0,0|0,0|0,0|0,0|0,0|0,0|0,0|0,0|0,0|0,0|0,0|0,0|0,0|0,0|0,0|0,0|0,0|0,0|0,0|0,0|0,0|0,0|0,0|0,0|0,0|0,0|0,0|0,0|0,0|0,0|0
5,179811415,.,AG,A,.,PASS,AC=26;AN=5096;DP=10705;AF=0.01;EAS_AF=0.01;EUR_AF=0;AFR_AF=0.01;AMR_AF=0;SAS_AF=0;VT=INDEL;NS=2548,GT,0|0,0|0,0|0,0|0,0|0,0|0,0|0,0|0,0|0,0|0,0|0,0|0,0|0,0|0,0|0,0|0,0|0,0|0,0|0,0|0,0|0,0|0,0|0,0|0,0|0,0|0,0|0,0|0,0|0,0|0,0|0,0|0,0|0,0|0,0|0,0|0,0|0,0|0,0|0,0|0,0|0,0|0,0|0,0|0,0|0,0|0,0|0,0|0,0|0,0|0,0|0,0|0,0|0,0|0,0|0,0|0,0|0,0|0,0|0,0|0,0|0,0|0,0|0,0|0,0|1,0|0,0|0,0|0,0|0,0|0,0|0,0|0,0|0,0|0,0|0,0|0,0|0,0|0,0|0,0|0,0|0,0|0,0|0,0|0,0|0,0|0,0|0,0|0,0|0,0|1,0|0,0|0,0|0,0|0,0|0,0|0,0|0,0|0,0|0
5,179811794,.,G,A,.,PASS,AC=4364;AN=5096;DP=18084;AF=0.86;EAS_AF=0.74;EUR_AF=0.87;AFR_AF=0.94;AMR_AF=0.88;SAS_AF=0.83;VT=SNP;NS=2548,GT,1|0,1|1,1|0,1|1,0|1,0|1,0|1,1|1,1|1,1|1,1|1,1|0,0|1,0|1,1|1,0|0,0|1,1|1,1|1,0|1,0|0,1|0,1|1,1|1,1|1,1|1,1|1,1|1,1|1,1|1,1|0,1|1,1|1,0|1,1|1,0|1,1|0,0|1,0|1,1|0,1|1,1|1,1|1,1|1,1|1,1|1,1|0,1|1,0|1,0|0,1|1,1|1,1|1,1|0,1|1,1|1,1|1,0|1,0|1,1|1,1|1,1|1,1|0,1|1,1|1,1|1,1|1,1|1,1|1,1|1,1|0,1|0,1|1,1|1,0|1,1|1,0|1,1|0,1|1,1|1,0|0,1|1,0|1,0|1,1|1,0|1,1|1,1|1,1|1,1|1,1|1,1|1,1|1,0|1,1|1,1|1,1|1,1|1,1|0
5,179811954,.,G,A,.,PASS,AC=1015;AN=5096;DP=16235;AF=0.2;EAS_AF=0.15;EUR_AF=0.34;AFR_AF=0.09;AMR_AF=0.23;SAS_AF=0.22;VT=SNP;NS=2548,GT,0|0,0|0,0|0,0|0,0|1,0|0,0|0,0|1,0|1,0|0,1|0,0|0,0|0,0|0,0|1,0|1,0|1,0|1,0|0,0|0,0|0,0|0,1|0,0|1,0|1,0|0,0|0,0|0,0|1,1|1,0|0,0|0,0|0,0|0,0|1,0|0,0|0,0|0,0|0,0|0,0|1,0|1,0|0,0|0,0|0,0|0,0|0,0|0,0|0,0|0,0|0,1|1,0|0,1|0,0|1,0|0,0|1,0|0,0|0,1|0,0|0,1|0,1|0,0|1,0|0,0|1,0|0,0|0,0|0,0|1,0|0,0|0,1|0,0|0,0|1,0|0,0|0,0|0,1|0,0|0,0|0,0|0,0|0,0|0,1|0,0|0,1|0,0|1,0|1,0|0,0|1,0|0,1|0,0|0,1|0,0|0,0|0,0|0,1|0
5,179812037,.,T,C,.,PASS,AC=3349;AN=5096;DP=14525;AF=0.66;EAS_AF=0.57;EUR_AF=0.72;AFR_AF=0.59;AMR_AF=0.67;SAS_AF=0.77;VT=SNP;NS=2548,GT,1|0,1|1,0|0,1|0,0|1,0|1,0|0,0|1,0|1,0|1,1|1,1|0,0|1,0|0,1|1,0|1,0|1,1|1,1|0,0|1,0|0,1|0,1|1,1|1,0|1,1|0,0|1,0|0,1|1,1|1,1|0,1|1,1|1,0|0,1|1,0|1,0|0,0|1,0|1,1|0,0|1,0|1,0|1,0|1,0|1,1|1,1|0,1|1,0|0,0|0,1|0,1|1,0|1,1|0,1|1,1|1,1|1,0|1,0|0,1|1,0|1,1|1,1|0,1|1,0|1,0|1,1|0,1|0,1|1,1|1,1|0,1|0,1|1,1|1,0|1,1|1,0|0,0|0,1|0,1|0,0|0,0|1,0|1,0|1,1|1,0|1,1|1,1|1,1|1,1|1,1|1,1|1,1|1,0|1,1|1,0|1,0|1,1|1,1|0
5,179812055,.,C,T,.,PASS,AC=3176;AN=5096;DP=17251;AF=0.62;EAS_AF=0.55;EUR_AF=0.72;AFR_AF=0.49;AMR_AF=0.66;SAS_AF=0.76;VT=SNP;NS=2548,GT,1|0,1|1,0|0,0|0,0|1,0|1,0|0,0|1,0|1,0|1,1|1,1|0,0|0,0|0,1|1,0|1,0|1,1|1,1|0,0|1,0|0,1|0,1|1,1|1,0|1,1|0,0|0,0|0,1|1,0|1,1|0,1|1,1|1,0|0,1|1,0|1,0|0,0|1,0|1,1|0,0|1,0|1,0|1,0|1,0|1,1|1,1|0,1|1,0|0,0|0,1|0,1|1,0|1,1|0,1|1,1|1,1|1,0|1,0|0,1|1,0|1,1|1,1|0,0|1,0|1,0|1,1|0,0|0,1|1,1|1,0|0,1|0,1|1,1|1,0|1,1|1,0|0,0|0,1|0,1|0,0|0,0|1,0|1,0|1,1|1,0|1,1|1,1|1,1|1,1|1,1|1,1|1,1|1,0|1,1|1,0|0,0|0,1|1,1|0
5,179812985,.,TCC,T,.,PASS,AC=3499;AN=5096;DP=17626;AF=0.69;EAS_AF=0.59;EUR_AF=0.77;AFR_AF=0.61;AMR_AF=0.72;SAS_AF=0.78;VT=INDEL;NS=2548,GT,1|0,1|1,0|1,1|0,0|1,0|1,0|0,0|1,0|1,0|1,1|1,1|0,0|1,0|0,1|1,0|1,0|1,1|1,1|0,0|1,0|0,1|0,1|1,1|1,0|1,1|0,1|1,0|0,1|1,1|1,1|0,1|1,1|1,0|0,1|1,0|1,0|0,0|1,0|1,1|0,0|1,0|1,0|1,0|1,0|1,1|1,1|0,1|1,0|0,0|0,1|0,1|1,0|1,1|0,1|1,1|1,1|1,0|1,0|0,1|1,0|1,1|1,1|1,1|1,0|1,0|1,1|0,1|0,1|1,1|1,1|0,1|0,1|1,1|1,0|1,1|1,0|0,0|0,1|0,1|0,0|0,0|1,0|1,0|1,1|1,0|1,1|1,1|1,1|1,1|1,1|1,1|1,1|1,0|1,1|1,0|1,0|1,1|1,1|0
5,179812997,.,C,A,.,PASS,AC=611;AN=5096;DP=18055;AF=0.12;EAS_AF=0.08;EUR_AF=0.08;AFR_AF=0.24;AMR_AF=0.1;SAS_AF=0.05;VT=SNP;NS=2548,GT,0|0,0|0,0|1,0|0,0|0,0|1,0|0,0|0,0|0,0|0,0|0,0|0,0|0,0|0,0|0,0|0,0|0,0|0,0|0,0|0,0|0,0|0,1|0,0|0,0|1,0|0,0|0,0|0,0|0,0|0,0|0,0|0,0|0,0|0,0|0,0|0,0|0,0|0,0|0,0|0,0|0,0|0,0|1,0|0,0|0,0|0,1|0,0|0,0|0,0|0,0|0,0|0,1|0,0|0,0|0,0|0,0|0,0|0,0|0,0|0,0|0,0|0,0|1,1|0,0|0,0|0,0|0,0|0,1|0,0|0,0|0,0|0,0|0,0|0,0|0,1|0,0|0,0|0,0|0,0|0,0|0,0|0,0|0,0|0,0|1,0|0,0|0,0|0,0|0,0|0,0|0,0|0,0|0,0|0,0|1,0|1,0|0,0|1,1|0
5,179813164,.,A,G,.,PASS,AC=1;AN=5096;DP=20061;AF=0;EAS_AF=0;EUR_AF=0;AFR_AF=0;AMR_AF=0;SAS_AF=0;VT=SNP;NS=2548,GT,0|0,0|0,0|0,0|0,0|0,0|0,0|0,0|0,0|0,0|0,0|0,0|0,0|0,0|0,0|0,0|0,0|0,0|0,0|0,0|0,0|0,0|0,0|0,0|0,0|0,0|0,0|0,0|0,0|0,0|0,0|0,0|0,0|0,0|0,0|0,0|0,0|1,0|0,0|0,0|0,0|0,0|0,0|0,0|0,0|0,0|0,0|0,0|0,0|0,0|0,0|0,0|0,0|0,0|0,0|0,0|0,0|0,0|0,0|0,0|0,0|0,0|0,0|0,0|0,0|0,0|0,0|0,0|0,0|0,0|0,0|0,0|0,0|0,0|0,0|0,0|0,0|0,0|0,0|0,0|0,0|0,0|0,0|0,0|0,0|0,0|0,0|0,0|0,0|0,0|0,0|0,0|0,0|0,0|0,0|0,0|0,0|0,0|0,0|0
5,179813499,.,A,G,.,PASS,AC=785;AN=5096;DP=22039;AF=0.15;EAS_AF=0.17;EUR_AF=0.12;AFR_AF=0.21;AMR_AF=0.17;SAS_AF=0.09;VT=SNP;NS=2548,GT,0|0,0|0,1|0,0|1,0|0,0|0,0|1,1|0,1|0,1|0,0|0,0|0,0|0,0|1,0|0,0|1,0|0,0|0,0|1,0|0,0|0,0|0,0|0,0|0,1|0,0|1,0|0,1|1,0|0,0|0,0|0,0|0,0|0,0|1,0|0,0|0,1|0,0|0,0|0,0|0,1|0,1|0,1|0,1|0,1|0,0|0,0|0,0|0,0|1,0|0,0|1,0|0,1|0,0|0,0|0,0|0,0|0,0|0,0|1,0|0,1|0,0|0,0|0,0|0,1|0,1|0,0|1,0|1,0|0,0|0,0|0,0|0,0|0,0|0,0|0,0|0,0|1,1|0,0|1,0|1,0|0,1|0,0|0,0|0,0|0,0|0,0|0,0|0,0|0,0|0,0|0,0|0,0|0,0|0,0|0,1|0,1|0,0|0,0|0
5,179813598,.,T,TA,.,PASS,AC=548;AN=5096;DP=19957;AF=0.11;EAS_AF=0.17;EUR_AF=0.1;AFR_AF=0.07;AMR_AF=0.14;SAS_AF=0.07;VT=INDEL;NS=2548,GT,0|0,0|0,1|0,0|1,0|0,0|0,0|1,1|0,1|0,1|0,0|0,0|0,0|0,0|1,0|0,0|0,0|0,0|0,0|1,0|0,0|0,0|0,0|0,0|0,1|0,0|1,0|0,1|1,0|0,0|0,0|0,0|0,0|0,0|1,0|0,0|0,1|0,0|0,0|0,0|0,1|0,1|0,1|0,1|0,1|0,0|0,0|0,0|0,0|1,0|0,0|1,0|0,1|0,0|0,0|0,0|0,0|0,0|0,0|1,0|0,1|0,0|0,0|0,0|0,1|0,1|0,0|1,0|1,0|0,0|0,0|0,0|0,0|0,0|0,0|0,0|0,0|1,1|0,0|1,0|1,0|0,1|0,0|0,0|0,0|0,0|0,0|0,0|0,0|0,0|0,0|0,0|0,0|0,0|0,0|0,1|0,1|0,0|0,0|0
5,179813655,.,G,C,.,PASS,AC=1741;AN=5096;DP=19920;AF=0.34;EAS_AF=0.43;EUR_AF=0.39;AFR_AF=0.03;AMR_AF=0.41;SAS_AF=0.57;VT=SNP;NS=2548,GT,1|0,1|1,0|0,1|0,0|0,0|1,0|0,0|0,0|0,0|1,0|1,1|0,0|1,0|0,1|0,0|0,0|0,1|0,1|0,0|1,0|0,1|0,0|1,1|0,0|0,1|0,0|1,0|0,1|0,0|0,1|0,1|1,1|1,0|0,1|0,0|1,0|0,0|1,0|1,1|0,0|0,0|1,0|1,0|1,0|1,1|1,1|0,1|1,0|0,0|0,1|0,0|0,0|1,0|0,1|0,1|1,1|0,0|1,0|0,0|1,0|1,0|1,0|0,1|0,0|1,0|0,1|0,1|0,1|1,1|0,1|0,1|0,0|1,1|1,0|0,1|1,0|0,0|0,0|0,1|0,0|0,0|1,0|1,0|1,0|1,0|1,0|1,1|0,1|0,1|1,1|0,1|1,0|1,0|1,0|1,0|1,0|1,1|1,0|0
5,179813712,.,G,A,.,PASS,AC=543;AN=5096;DP=19738;AF=0.11;EAS_AF=0.17;EUR_AF=0.1;AFR_AF=0.07;AMR_AF=0.14;SAS_AF=0.07;VT=SNP;NS=2548,GT,0|0,0|0,1|0,0|1,0|0,0|0,0|1,1|0,1|0,1|0,0|0,0|0,0|0,0|1,0|0,0|0,0|0,0|0,0|1,0|0,0|0,0|0,0|0,0|0,1|0,0|1,0|0,1|1,0|0,0|0,0|0,0|0,0|0,0|1,0|0,0|0,1|0,0|0,0|0,0|0,1|0,1|0,1|0,1|0,1|0,0|0,0|0,0|0,0|1,0|0,0|1,0|0,1|0,0|0,0|0,0|0,0|0,0|0,0|1,0|0,1|0,0|0,0|0,0|0,1|0,1|0,0|1,0|1,0|0,0|0,0|0,0|0,0|0,0|0,0|0,0|0,0|1,1|0,0|1,0|1,0|0,1|0,0|0,0|0,0|0,0|0,0|0,0|0,0|0,0|0,0|0,0|0,0|0,0|0,0|0,1|0,1|0,0|0,0|0
5,179813754,.,C,CAAAAT,.,PASS,AC=3141;AN=5096;DP=17226;AF=0.62;EAS_AF=0.58;EUR_AF=0.75;AFR_AF=0.4;AMR_AF=0.67;SAS_AF=0.77;VT=INDEL;NS=2548,GT,1|0,1|1,0|0,1|0,0|1,0|1,0|0,0|1,0|1,0|1,1|1,1|0,0|1,0|0,1|1,0|1,0|1,1|1,1|0,0|1,0|0,1|0,1|1,1|1,0|1,1|0,1|1,0|0,1|1,1|1,1|0,1|1,1|1,0|0,1|1,0|1,0|0,0|1,0|1,1|0,0|1,0|1,0|1,0|1,0|1,1|1,1|0,1|1,0|0,0|0,1|0,1|1,0|1,1|0,1|1,1|1,1|1,0|1,0|0,1|1,0|1,1|1,1|0,1|1,0|1,0|1,1|0,1|0,1|1,1|1,1|0,1|0,1|1,1|1,0|1,1|1,0|0,0|0,1|0,1|0,0|0,0|1,0|1,0|1,1|1,0|1,1|1,1|1,1|1,1|1,1|1,1|1,1|1,0|1,1|1,0|1,0|1,1|1,1|0
5,179813910,.,A,C,.,PASS,AC=3772;AN=5096;DP=20254;AF=0.74;EAS_AF=0.75;EUR_AF=0.86;AFR_AF=0.52;AMR_AF=0.83;SAS_AF=0.85;VT=SNP;NS=2548,GT,1|0,1|1,1|0,1|1,0|1,0|1,0|1,1|1,1|1,1|1,1|1,1|0,0|1,0|1,1|1,0|1,0|1,1|1,1|1,0|1,0|0,1|0,1|1,1|1,1|1,1|1,1|1,1|1,1|1,1|1,1|0,1|1,1|1,0|1,1|1,0|1,1|0,0|1,0|1,1|0,1|1,1|1,1|1,1|1,1|1,1|1,1|0,1|1,0|1,0|0,1|1,1|1,1|1,1|0,1|1,1|1,1|1,0|1,0|1,1|1,1|1,1|1,1|0,1|1,1|1,1|1,1|1,1|1,1|1,1|1,1|0,1|0,1|1,1|1,0|1,1|1,0|1,1|0,1|1,1|1,0|0,1|1,0|1,0|1,1|1,0|1,1|1,1|1,1|1,1|1,1|1,1|1,1|1,0|1,1|1,1|1,1|1,1|1,1|0
5,179814108,.,C,G,.,PASS,AC=1;AN=5096;DP=21672;AF=0;EAS_AF=0;EUR_AF=0;AFR_AF=0;AMR_AF=0;SAS_AF=0;VT=SNP;NS=2548,GT,0|0,0|0,0|0,0|0,0|0,0|0,0|0,0|0,0|0,0|0,0|0,0|0,0|0,0|0,0|1,0|0,0|0,0|0,0|0,0|0,0|0,0|0,0|0,0|0,0|0,0|0,0|0,0|0,0|0,0|0,0|0,0|0,0|0,0|0,0|0,0|0,0|0,0|0,0|0,0|0,0|0,0|0,0|0,0|0,0|0,0|0,0|0,0|0,0|0,0|0,0|0,0|0,0|0,0|0,0|0,0|0,0|0,0|0,0|0,0|0,0|0,0|0,0|0,0|0,0|0,0|0,0|0,0|0,0|0,0|0,0|0,0|0,0|0,0|0,0|0,0|0,0|0,0|0,0|0,0|0,0|0,0|0,0|0,0|0,0|0,0|0,0|0,0|0,0|0,0|0,0|0,0|0,0|0,0|0,0|0,0|0,0|0,0|0,0|0
5,179814706,.,C,T,.,PASS,AC=5;AN=5096;DP=22250;AF=0;EAS_AF=0;EUR_AF=0;AFR_AF=0;AMR_AF=0;SAS_AF=0;VT=SNP;NS=2548,GT,0|0,0|0,0|0,0|0,0|0,0|0,0|0,0|0,0|0,0|0,0|0,0|0,0|0,0|0,0|0,0|0,0|0,0|0,0|0,0|0,0|0,0|0,0|0,0|0,0|0,0|0,0|0,0|0,0|0,0|0,0|0,0|0,0|0,0|0,0|0,0|0,0|0,0|0,0|0,0|0,0|0,0|0,0|0,0|0,0|0,0|0,0|0,0|0,0|0,0|0,0|0,0|0,0|0,0|0,0|0,0|0,0|0,0|0,0|0,0|0,0|0,0|0,0|0,0|0,0|0,0|0,0|0,0|0,0|0,0|0,0|0,0|0,0|0,0|0,0|0,0|0,0|0,0|0,0|0,0|0,0|0,0|0,0|0,0|0,0|0,0|0,0|0,0|0,0|0,0|0,0|0,0|0,0|0,0|0,0|0,1|0,0|0,0|0,0|0
5,179814725,.,A,T,.,PASS,AC=9;AN=5096;DP=22253;AF=0;EAS_AF=0.01;EUR_AF=0;AFR_AF=0;AMR_AF=0;SAS_AF=0;VT=SNP;NS=2548,GT,0|0,0|0,0|0,0|0,0|0,0|0,0|0,0|0,0|0,0|0,0|0,0|0,0|0,0|0,0|0,0|0,0|0,0|0,0|0,0|0,0|0,0|0,0|0,0|0,1|0,0|0,0|0,0|1,0|0,0|0,0|0,0|0,0|0,0|0,0|0,0|0,0|0,0|0,0|0,0|0,0|0,0|0,0|0,0|0,0|0,0|0,0|0,0|0,0|0,0|0,0|0,0|0,0|0,0|0,0|0,0|0,0|0,0|0,0|0,0|0,0|0,0|0,0|0,0|0,0|0,0|0,0|1,0|0,0|0,0|0,0|0,0|0,0|0,0|0,0|0,0|0,0|0,0|0,0|0,0|0,0|0,0|0,0|0,0|0,0|0,0|0,0|0,0|0,0|0,0|0,0|0,0|0,0|0,0|0,0|0,0|0,0|0,0|0,0|0
5,179814816,.,G,A,.,PASS,AC=1;AN=5096;DP=20429;AF=0;EAS_AF=0;EUR_AF=0;AFR_AF=0;AMR_AF=0;SAS_AF=0;VT=SNP;NS=2548,GT,0|0,0|0,0|0,0|0,0|0,0|0,0|0,0|0,0|0,0|0,0|0,0|0,0|0,0|0,0|0,0|0,0|0,0|0,0|0,0|0,0|0,0|0,0|0,0|0,0|0,0|0,0|0,0|0,0|0,0|0,0|0,0|0,0|0,0|0,0|0,0|0,0|0,0|0,0|0,0|0,0|0,0|0,0|0,0|0,0|0,0|0,0|0,0|0,0|0,0|0,0|0,0|0,0|0,0|0,0|0,0|0,0|0,0|0,0|0,0|0,0|0,0|0,0|0,0|0,1|0,0|0,0|0,0|0,0|0,0|0,0|0,0|0,0|0,0|0,0|0,0|0,0|0,0|0,0|0,0|0,0|0,0|0,0|0,0|0,0|0,0|0,0|0,0|0,0|0,0|0,0|0,0|0,0|0,0|0,0|0,0|0,0|0,0|0,0|0
5,179815274,.,A,G,.,PASS,AC=833;AN=5096;DP=19692;AF=0.16;EAS_AF=0.17;EUR_AF=0.12;AFR_AF=0.24;AMR_AF=0.17;SAS_AF=0.09;VT=SNP;NS=2548,GT,0|0,0|0,1|0,0|1,0|0,0|0,0|1,1|0,1|0,1|0,0|0,0|0,0|0,0|1,0|0,0|1,0|0,0|0,0|1,0|0,0|0,0|0,0|0,0|0,1|0,0|1,0|0,1|1,0|0,0|0,0|0,0|0,0|0,0|1,0|0,0|0,1|0,0|0,0|0,0|0,1|0,1|0,1|0,1|0,1|0,0|0,0|0,0|0,0|1,0|0,0|1,0|0,1|0,0|0,0|0,0|0,0|0,0|0,0|1,0|0,1|0,0|0,0|0,0|0,1|0,1|0,0|1,0|1,0|0,0|0,0|0,0|0,0|0,0|0,0|0,0|0,0|1,1|0,0|1,0|1,0|0,1|0,0|0,0|0,0|0,0|0,0|0,0|0,0|0,0|0,0|0,0|0,0|0,0|0,0|0,1|0,1|0,0|0,0|0
5,179815418,.,A,G,.,PASS,AC=1883;AN=5096;DP=21307;AF=0.37;EAS_AF=0.43;EUR_AF=0.41;AFR_AF=0.11;AMR_AF=0.43;SAS_AF=0.57;VT=SNP;NS=2548,GT,1|0,1|1,0|0,1|0,0|0,0|1,0|0,0|0,0|0,0|1,0|1,1|0,0|1,0|0,1|0,0|0,0|0,1|0,1|0,0|1,0|0,1|0,0|1,1|0,0|0,1|0,0|1,0|0,1|0,0|0,1|0,1|1,1|1,0|0,1|0,0|1,0|0,0|1,0|1,1|0,0|0,0|1,0|1,0|1,0|1,1|1,1|0,1|1,0|0,0|0,1|0,0|0,0|1,0|0,1|0,1|1,1|0,0|1,0|0,0|1,0|1,0|1,0|0,1|0,0|1,0|0,1|0,1|0,1|1,1|0,1|0,1|0,0|1,1|1,0|0,1|1,0|0,0|0,0|0,1|0,0|0,0|1,0|1,0|1,0|1,0|1,0|1,1|0,1|0,1|1,1|0,1|1,0|1,0|1,0|1,0|1,0|1,1|1,0|0
5,179815742,.,A,G,.,PASS,AC=22;AN=5096;DP=22747;AF=0;EAS_AF=0.02;EUR_AF=0;AFR_AF=0;AMR_AF=0;SAS_AF=0;VT=SNP;NS=2548,GT,0|0,0|0,0|0,0|0,0|0,0|0,0|0,0|0,0|0,0|0,0|0,0|0,0|0,0|0,0|0,0|0,0|0,0|0,0|0,0|0,0|0,0|0,0|0,0|0,0|0,0|0,0|0,0|0,0|0,0|0,0|0,0|0,0|0,0|0,0|0,0|0,0|0,0|0,0|0,0|0,0|0,0|0,0|0,0|0,0|0,0|0,0|0,0|0,0|0,0|0,0|0,0|0,0|0,0|0,0|0,0|0,0|0,0|0,1|0,0|0,0|0,0|0,0|0,0|0,0|0,0|0,0|0,0|0,0|0,0|0,0|0,0|0,0|0,0|0,0|0,0|0,0|0,0|0,0|0,0|0,0|0,0|0,0|0,0|0,0|0,0|0,0|0,0|0,0|0,0|0,0|0,0|0,0|0,0|0,0|0,0|0,0|0,0|0,0|0
5,179815923,.,TAGTC,T,.,PASS,AC=194;AN=5096;DP=21627;AF=0.04;EAS_AF=0;EUR_AF=0;AFR_AF=0.14;AMR_AF=0.01;SAS_AF=0;VT=INDEL;NS=2548,GT,0|0,0|0,1|0,0|0,0|0,0|0,0|0,0|0,0|0,0|0,0|0,0|0,0|0,0|0,0|0,0|0,0|0,0|0,0|0,0|0,0|0,0|0,0|0,0|0,0|0,0|0,0|0,0|0,0|0,0|0,0|0,0|0,0|0,0|0,0|0,0|0,0|0,0|0,0|0,0|0,0|0,0|0,0|0,0|0,0|0,0|0,0|0,0|0,0|0,0|0,0|0,0|0,0|0,0|0,0|0,0|0,0|0,0|0,0|0,0|0,0|0,0|0,0|0,0|0,0|0,0|0,0|0,0|0,0|0,0|0,0|0,0|0,0|0,0|0,0|0,0|0,0|0,0|0,0|0,0|0,0|0,0|0,0|0,0|0,0|0,0|0,0|0,0|0,0|0,0|0,0|0,0|0,0|0,0|0,0|0,0|0,0|0,0|0,0|0
5,179815999,.,C,T,.,PASS,AC=7;AN=5096;DP=19592;AF=0;EAS_AF=0.01;EUR_AF=0;AFR_AF=0;AMR_AF=0;SAS_AF=0;VT=SNP;NS=2548,GT,0|0,0|0,0|0,0|0,0|0,0|0,0|0,0|0,0|0,0|0,0|0,0|0,0|0,0|0,0|0,0|0,0|0,0|0,0|0,0|0,0|0,0|0,0|0,0|0,0|0,0|0,0|0,0|0,0|0,0|0,0|0,0|0,0|0,0|0,0|0,0|0,0|0,0|0,0|0,0|0,0|0,0|0,0|0,0|0,0|0,0|0,0|0,0|0,0|0,0|0,0|0,0|0,0|0,0|0,0|0,0|0,0|0,0|0,0|0,0|0,0|0,0|0,0|0,0|0,0|0,0|0,0|0,0|0,0|0,0|0,0|0,0|0,0|0,0|0,0|0,0|0,0|0,0|0,0|0,0|0,0|0,0|0,0|0,0|0,0|0,0|0,0|0,0|0,0|0,0|0,0|1,0|0,0|0,0|0,0|0,0|0,0|0,0|0,0|0
5,179816000,.,G,A,.,PASS,AC=820;AN=5096;DP=19545;AF=0.16;EAS_AF=0.17;EUR_AF=0.12;AFR_AF=0.23;AMR_AF=0.17;SAS_AF=0.09;VT=SNP;NS=2548,GT,0|0,0|0,1|0,0|1,0|0,0|0,0|1,1|0,1|0,1|0,0|0,0|0,0|0,0|1,0|0,0|1,0|0,0|0,0|1,0|0,0|0,0|0,0|0,0|0,1|0,0|1,0|0,1|1,0|0,0|0,0|0,0|0,0|0,0|1,0|0,0|0,1|0,0|0,0|0,0|0,1|0,1|0,1|0,1|0,1|0,0|0,0|0,0|0,0|1,0|0,0|1,0|0,1|0,0|0,0|0,0|0,0|0,0|0,0|1,0|0,1|0,0|0,0|0,0|0,1|0,1|0,0|1,0|1,0|0,0|0,0|0,0|0,0|0,0|0,0|0,0|0,0|1,1|0,0|1,0|1,0|0,1|0,0|0,0|0,0|0,0|0,0|0,0|0,0|0,0|0,0|0,0|0,0|0,0|0,0|0,1|0,1|0,0|0,0|0
5,179816112,.,G,T,.,PASS,AC=3;AN=5096;DP=20159;AF=0;EAS_AF=0;EUR_AF=0;AFR_AF=0;AMR_AF=0;SAS_AF=0;VT=SNP;NS=2548,GT,0|0,0|0,0|0,0|0,0|0,0|0,0|0,0|0,0|0,0|0,1|0,0|0,0|0,0|0,0|0,0|0,0|0,0|0,0|0,0|0,0|0,0|0,0|0,0|0,0|0,0|0,0|0,0|0,0|0,0|0,0|0,0|0,0|0,0|0,0|0,0|0,0|0,0|0,0|0,0|0,0|0,0|0,0|0,0|0,0|0,0|0,0|0,0|0,0|0,0|0,0|0,0|0,0|0,0|0,0|0,0|0,0|0,0|0,0|0,0|0,0|0,0|0,0|0,0|0,0|0,0|0,0|0,0|0,0|0,0|0,0|0,0|0,0|0,0|0,0|0,0|0,0|0,0|0,0|0,0|0,0|0,0|0,0|0,0|0,0|0,0|0,0|0,0|0,0|0,0|0,0|0,0|0,0|0,0|0,0|0,0|0,0|0,0|0,0|0
5,179816113,.,C,T,.,PASS,AC=3;AN=5096;DP=20150;AF=0;EAS_AF=0;EUR_AF=0;AFR_AF=0;AMR_AF=0;SAS_AF=0;VT=SNP;NS=2548,GT,0|0,0|0,0|0,0|0,0|0,0|0,0|0,0|0,0|0,0|0,1|0,0|0,0|0,0|0,0|0,0|0,0|0,0|0,0|0,0|0,0|0,0|0,0|0,0|0,0|0,0|0,0|0,0|0,0|0,0|0,0|0,0|0,0|0,0|0,0|0,0|0,0|0,0|0,0|0,0|0,0|0,0|0,0|0,0|0,0|0,0|0,0|0,0|0,0|0,0|0,0|0,0|0,0|0,0|0,0|0,0|0,0|0,0|0,0|0,0|0,0|0,0|0,0|0,0|0,0|0,0|0,0|0,0|0,0|0,0|0,0|0,0|0,0|0,0|0,0|0,0|0,0|0,0|0,0|0,0|0,0|0,0|0,0|0,0|0,0|0,0|0,0|0,0|0,0|0,0|0,0|0,0|0,0|0,0|0,0|0,0|0,0|0,0|0,0|0
5,179816161,.,C,CTTTGT,.,PASS,AC=8;AN=5096;DP=19572;AF=0;EAS_AF=0;EUR_AF=0;AFR_AF=0;AMR_AF=0;SAS_AF=0;VT=INDEL;NS=2548,GT,0|0,0|0,0|0,0|0,0|0,0|0,0|0,0|0,0|0,0|0,0|0,0|0,0|0,0|0,0|0,0|0,0|0,0|0,0|0,0|0,0|0,0|0,0|0,0|0,0|0,0|0,0|0,0|0,0|0,0|0,0|0,0|0,0|0,0|0,0|0,0|0,0|0,0|0,0|0,0|0,0|0,0|0,0|0,0|0,0|0,0|0,0|0,0|0,0|0,0|0,0|0,0|0,0|0,0|0,0|0,0|0,0|0,0|0,0|0,0|0,0|0,0|0,0|0,0|0,0|0,0|0,0|0,0|0,0|0,0|0,0|0,0|0,0|0,0|0,1|0,0|0,0|0,0|0,0|0,0|0,0|0,0|0,0|0,0|1,0|0,0|0,0|0,0|0,0|0,0|0,0|0,0|0,0|0,0|0,0|0,0|0,0|0,0|0,0|0
5,179816315,.,A,AT,.,PASS,AC=70;AN=5096;DP=17976;AF=0.01;EAS_AF=0;EUR_AF=0.02;AFR_AF=0.02;AMR_AF=0.01;SAS_AF=0.02;VT=INDEL;NS=2548,GT,0|0,0|0,0|0,0|0,0|0,0|0,0|0,0|0,0|0,0|0,0|0,0|0,0|0,0|0,0|0,0|1,0|0,0|0,0|0,0|0,0|0,0|0,0|0,0|0,0|0,0|0,0|0,0|0,0|0,0|0,0|0,0|0,0|0,0|0,0|0,0|0,0|0,0|0,0|0,0|0,0|0,0|0,0|0,0|0,0|0,0|0,0|0,0|0,0|0,0|0,0|0,0|0,0|0,0|0,0|0,0|0,0|0,0|0,0|0,0|0,0|0,0|0,0|0,0|0,0|0,0|0,0|0,0|0,0|0,0|0,0|0,0|0,0|0,0|0,0|0,0|0,0|0,0|0,0|0,0|0,0|0,0|0,0|0,0|0,0|0,0|0,0|0,0|0,0|0,0|0,0|0,0|0,0|0,0|0,0|0,0|0,0|0,0|0,0|0
5,179816412,.,CT,C,.,PASS,AC=805;AN=5096;DP=18886;AF=0.16;EAS_AF=0.17;EUR_AF=0.12;AFR_AF=0.23;AMR_AF=0.16;SAS_AF=0.09;VT=INDEL;NS=2548,GT,0|0,0|0,1|0,0|1,0|0,0|0,0|1,1|0,1|0,1|0,0|0,0|0,0|0,0|1,0|0,0|1,0|0,0|0,0|1,0|0,0|0,0|0,0|0,0|0,1|0,0|1,0|0,1|1,0|0,0|0,0|0,0|0,0|0,0|1,0|0,0|0,1|0,0|0,0|0,0|0,1|0,1|0,1|0,1|0,1|0,0|0,0|0,0|0,0|1,0|0,0|1,0|0,1|0,0|0,0|0,0|0,0|0,0|0,0|1,0|0,1|0,0|0,0|0,0|0,1|0,1|0,0|1,0|1,0|0,0|0,0|0,0|0,0|0,0|0,0|0,0|0,0|1,1|0,0|1,0|1,0|0,1|0,0|0,0|0,0|0,0|0,0|0,0|0,0|0,0|0,0|0,0|0,0|0,0|0,0|0,1|0,1|0,0|0,0|0
5,179816773,.,CT,C,.,PASS,AC=547;AN=5096;DP=16486;AF=0.11;EAS_AF=0.17;EUR_AF=0.1;AFR_AF=0.07;AMR_AF=0.14;SAS_AF=0.08;VT=INDEL;NS=2548,GT,0|0,0|0,1|0,0|1,0|0,0|0,0|1,1|0,1|0,1|0,0|0,0|0,0|0,0|1,0|0,0|0,0|0,0|0,0|1,0|0,0|0,0|0,0|0,0|0,1|0,0|1,0|0,1|1,0|0,0|0,0|0,0|0,0|0,0|1,0|0,0|0,1|0,0|0,0|0,0|0,1|0,1|0,1|0,1|0,1|0,0|0,0|0,0|0,0|1,0|0,0|1,0|0,1|0,0|0,0|0,0|0,0|0,0|0,0|1,0|0,1|0,0|0,0|0,0|0,1|0,1|0,0|1,0|1,0|0,0|0,0|0,0|0,0|0,0|0,0|0,0|0,0|1,1|0,0|1,0|1,0|0,1|0,0|0,0|0,0|0,0|0,0|0,0|0,0|0,0|0,0|0,0|0,0|0,0|0,0|0,1|0,1|0,0|0,0|0
5,179816774,.,T,C,.,PASS,AC=2;AN=5096;DP=16358;AF=0;EAS_AF=0;EUR_AF=0;AFR_AF=0;AMR_AF=0;SAS_AF=0;VT=SNP;NS=2548,GT,0|0,0|0,0|0,0|0,0|0,0|0,0|0,0|0,0|0,0|0,0|0,0|0,0|0,0|0,0|0,0|0,0|0,0|0,0|0,0|0,0|0,0|0,0|0,0|0,0|0,0|0,0|0,0|1,0|0,0|0,0|0,0|0,0|0,0|0,0|0,0|0,0|0,0|0,0|0,0|0,0|0,0|0,0|0,0|0,0|0,0|0,0|0,0|0,0|0,0|0,0|0,0|0,0|0,0|0,0|0,0|0,0|0,0|0,0|0,0|0,0|0,0|0,0|0,0|0,0|0,0|0,0|0,0|0,0|0,0|0,0|0,0|0,0|0,0|0,0|0,0|0,0|0,0|0,0|0,0|0,0|0,0|0,0|0,0|0,0|0,0|0,0|0,0|0,0|0,0|0,0|0,0|0,0|0,0|0,0|0,0|0,0|0,0|0,0|0
5,179816798,.,C,T,.,PASS,AC=3123;AN=5096;DP=15676;AF=0.61;EAS_AF=0.58;EUR_AF=0.75;AFR_AF=0.4;AMR_AF=0.67;SAS_AF=0.75;VT=SNP;NS=2548,GT,1|0,1|1,0|0,1|0,0|1,0|1,0|0,0|1,0|1,0|1,0|1,1|0,0|1,0|0,1|1,0|1,0|1,1|1,1|0,0|1,0|0,1|0,1|1,1|1,0|1,1|0,1|1,0|0,1|1,1|1,1|0,1|1,1|1,0|0,1|1,0|1,0|0,0|1,0|1,1|0,0|1,0|1,0|1,0|1,0|1,1|1,1|1,1|1,0|0,0|0,1|0,1|1,0|1,1|0,1|1,1|1,1|1,0|1,0|0,1|1,0|1,1|1,1|0,1|1,0|1,0|1,1|0,1|0,1|1,1|1,1|0,1|0,1|1,1|1,0|1,1|1,0|0,0|0,1|0,1|0,0|0,0|1,0|1,0|1,1|1,0|1,1|1,1|1,1|1,1|1,1|1,1|1,1|0,0|1,1|1,0|1,0|1,1|1,1|0
5,179817132,.,G,A,.,PASS,AC=553;AN=5096;DP=10785;AF=0.11;EAS_AF=0.17;EUR_AF=0.1;AFR_AF=0.08;AMR_AF=0.14;SAS_AF=0.07;VT=SNP;NS=2548,GT,0|0,0|0,1|0,0|1,0|0,0|0,0|1,1|0,1|0,1|0,0|0,0|0,0|0,0|1,0|0,0|0,0|0,0|0,0|1,0|0,0|0,0|0,0|0,0|0,1|0,0|1,0|0,1|1,0|0,0|0,0|0,0|0,0|0,0|1,0|0,0|0,1|0,0|0,0|0,0|0,1|0,1|0,1|0,1|0,1|0,0|0,0|0,0|0,0|1,0|0,0|1,0|0,1|0,0|0,0|0,0|0,0|0,0|0,0|1,0|0,1|0,0|0,0|0,0|0,1|0,1|0,0|1,0|1,0|0,0|0,0|0,0|0,0|0,0|0,0|0,0|0,0|1,1|0,0|1,0|1,0|0,1|0,0|0,0|0,0|0,0|0,0|0,0|0,0|0,0|0,0|0,0|0,0|0,0|0,0|0,1|0,1|0,0|0,0|0
5,179817302,.,C,T,.,PASS,AC=3834;AN=5096;DP=14039;AF=0.75;EAS_AF=0.77;EUR_AF=0.85;AFR_AF=0.56;AMR_AF=0.82;SAS_AF=0.85;VT=SNP;NS=2548,GT,1|1,1|1,1|0,1|1,0|1,1|1,0|1,1|1,1|1,1|1,1|1,1|0,0|1,0|1,1|1,0|1,0|1,1|1,1|1,0|1,0|0,1|1,1|1,1|1,1|1,1|1,1|1,1|1,1|1,1|1,1|0,1|1,1|1,1|1,1|1,0|1,1|0,0|1,0|1,1|0,1|1,1|1,1|1,1|1,1|1,1|1,1|0,1|1,0|1,0|0,1|1,1|1,1|1,1|0,1|1,1|1,1|1,0|1,0|1,1|1,1|1,1|1,1|0,1|1,1|1,1|1,1|1,1|1,1|1,1|1,1|0,1|0,1|1,1|1,0|1,1|1,0|1,1|0,1|1,1|1,0|0,1|1,0|1,1|1,1|1,0|1,1|1,1|1,1|1,1|1,1|1,1|1,1|1,0|1,1|1,1|1,1|1,1|1,1|0
5,179817590,.,C,G,.,PASS,AC=7;AN=5096;DP=19502;AF=0;EAS_AF=0.01;EUR_AF=0;AFR_AF=0;AMR_AF=0;SAS_AF=0;VT=SNP;NS=2548,GT,0|0,0|0,0|0,0|0,0|0,0|0,0|0,0|0,0|0,0|0,0|0,0|0,0|0,0|0,0|0,0|0,0|0,0|0,0|0,0|1,0|0,0|0,0|0,0|0,0|0,0|0,0|0,0|0,0|0,0|0,0|0,0|0,0|0,0|0,0|0,0|0,0|0,0|0,0|0,1|0,0|0,0|0,0|0,0|0,0|0,0|0,0|0,0|0,0|0,0|0,0|0,0|0,0|0,0|0,0|0,0|0,0|0,0|0,0|0,0|0,0|0,0|0,0|0,0|0,0|0,0|0,0|0,0|0,0|0,0|0,0|0,0|0,0|0,0|0,0|0,0|0,0|0,0|0,0|0,0|0,0|0,0|0,0|0,0|0,0|0,0|0,0|0,0|0,0|0,0|0,0|0,0|0,0|0,0|0,0|0,0|0,0|0,0|0,0|0
5,179817672,.,C,T,.,PASS,AC=85;AN=5096;DP=20253;AF=0.02;EAS_AF=0;EUR_AF=0.02;AFR_AF=0.03;AMR_AF=0.01;SAS_AF=0.02;VT=SNP;NS=2548,GT,0|0,0|0,0|0,0|0,0|0,0|0,0|0,0|0,0|0,0|0,0|0,0|0,0|0,0|0,0|0,0|1,0|0,0|0,0|0,0|0,0|0,0|0,0|0,0|0,0|0,0|0,0|0,0|0,0|0,0|0,0|0,0|0,0|0,0|0,0|0,0|0,0|0,0|0,0|0,0|0,0|0,0|0,0|0,0|0,0|0,0|0,0|0,0|0,0|0,0|0,0|0,0|0,0|0,0|0,0|0,0|0,0|0,0|0,0|0,0|0,0|0,0|0,0|0,0|0,0|0,0|0,0|0,0|0,0|0,0|0,0|0,0|0,0|0,0|0,0|0,0|0,0|0,0|0,0|0,0|0,0|0,0|0,0|0,0|0,0|0,0|0,0|0,0|0,0|0,0|0,0|0,0|0,0|0,0|0,0|0,0|0,0|0,0|0,0|0
5,179818093,.,G,A,.,PASS,AC=577;AN=5096;DP=19170;AF=0.11;EAS_AF=0.14;EUR_AF=0.1;AFR_AF=0.11;AMR_AF=0.15;SAS_AF=0.07;VT=SNP;NS=2548,GT,0|0,0|0,1|0,0|1,0|0,0|0,0|1,1|0,1|0,1|0,0|0,0|0,0|0,0|0,0|0,0|0,0|0,0|0,0|0,0|0,0|0,0|0,0|0,0|0,0|0,0|1,0|0,1|0,0|0,0|0,0|0,0|0,0|0,1|0,0|0,0|0,1|0,0|0,0|0,0|0,1|0,0|0,1|0,1|0,1|0,0|0,0|0,0|0,0|1,0|0,0|1,0|0,1|0,0|0,0|0,0|0,0|0,0|0,0|1,0|0,1|0,0|0,0|0,0|0,1|0,1|0,0|0,0|0,0|0,0|0,0|0,0|0,0|0,0|0,0|0,0|0,0|1,1|0,0|1,0|1,0|0,1|0,0|0,0|0,0|0,0|0,0|0,0|0,0|0,0|0,0|0,0|0,0|0,0|0,0|0,1|0,1|0,0|0,0|0
5,179818215,.,T,C,.,PASS,AC=3829;AN=5096;DP=18401;AF=0.75;EAS_AF=0.72;EUR_AF=0.87;AFR_AF=0.56;AMR_AF=0.84;SAS_AF=0.87;VT=SNP;NS=2548,GT,1|0,1|1,1|0,1|1,0|1,0|1,0|1,1|1,1|1,1|1,0|1,1|0,0|1,0|0,1|1,0|1,0|1,1|1,1|0,0|1,0|0,1|0,1|1,1|1,1|1,1|1,1|1,1|1,1|1,1|1,1|0,1|1,1|1,1|0,1|1,0|1,1|0,0|1,0|1,1|0,1|1,0|1,1|1,1|1,1|1,1|1,1|0,0|1,0|1,0|0,0|1,1|1,1|1,1|0,1|1,1|1,1|1,0|1,0|1,1|1,1|1,1|1,1|0,1|1,1|1,1|1,1|1,1|0,1|1,1|1,1|0,1|0,1|1,1|1,0|1,1|1,0|1,1|0,1|1,1|1,0|0,1|1,0|1,0|1,1|1,0|1,1|1,1|1,1|1,1|1,1|1,1|1,1|0,0|1,1|1,1|1,1|1,0|1,1|0
5,179818330,.,C,T,.,PASS,AC=530;AN=5096;DP=20614;AF=0.1;EAS_AF=0;EUR_AF=0.01;AFR_AF=0.35;AMR_AF=0.04;SAS_AF=0.01;VT=SNP;NS=2548,GT,0|0,0|0,0|0,0|0,0|0,0|0,0|0,0|0,0|0,0|0,0|0,0|0,0|0,0|0,0|0,0|1,0|0,0|0,0|0,0|0,0|0,0|0,0|0,0|0,0|0,0|0,0|0,0|0,0|0,0|0,0|0,0|0,0|0,0|0,0|0,0|0,0|0,0|0,0|0,0|0,0|0,0|0,0|0,0|0,0|0,0|0,0|0,0|0,0|0,0|0,0|0,0|0,0|0,0|0,0|0,0|0,0|0,0|0,0|0,0|0,0|0,0|0,0|0,0|0,0|0,0|0,0|0,0|0,0|0,0|0,0|0,0|0,0|0,0|0,0|0,0|0,0|0,0|0,0|0,0|0,0|0,0|0,0|0,0|0,0|0,0|0,0|0,0|0,0|0,0|0,0|0,0|0,0|0,0|0,0|0,0|0,0|0,0|0,0|0
5,179818730,.,A,T,.,PASS,AC=4;AN=5096;DP=20436;AF=0;EAS_AF=0;EUR_AF=0;AFR_AF=0;AMR_AF=0;SAS_AF=0;VT=SNP;NS=2548,GT,0|0,0|0,0|0,0|0,0|0,0|0,0|0,0|0,0|0,0|0,0|0,0|0,0|0,0|0,0|0,0|0,0|0,0|0,0|0,0|0,0|0,0|0,0|0,0|0,0|0,0|0,0|0,0|0,0|0,0|0,0|0,0|0,0|0,0|0,0|0,0|0,0|0,0|0,0|0,0|0,0|0,0|0,0|0,0|0,1|0,0|0,0|0,0|0,0|0,0|0,0|0,0|0,0|0,0|0,0|0,0|0,0|0,0|0,0|0,0|0,1|0,0|0,0|0,0|0,0|0,0|0,0|0,0|0,0|0,0|0,0|0,0|0,0|0,0|0,0|0,0|0,0|0,0|0,0|0,0|0,0|0,0|0,0|0,0|0,0|0,0|0,0|0,0|0,0|0,0|0,0|0,0|0,0|0,0|0,0|0,0|0,0|0,0|0,0|0
5,179818749,.,C,G,.,PASS,AC=2364;AN=5096;DP=20289;AF=0.46;EAS_AF=0.51;EUR_AF=0.43;AFR_AF=0.31;AMR_AF=0.5;SAS_AF=0.64;VT=SNP;NS=2548,GT,1|0,1|1,0|0,1|0,0|0,0|1,0|0,0|0,0|1,0|1,0|0,1|0,0|1,0|0,1|0,0|1,0|0,1|0,1|0,0|1,0|0,1|0,0|1,1|1,0|0,1|1,0|1,1|0,1|1,0|0,1|0,1|1,1|1,0|0,1|1,0|1,0|0,0|1,0|1,1|0,1|0,0|1,0|1,0|1,0|1,0|1,1|0,0|1,0|0,0|0,0|0,0|1,0|1,1|0,1|0,1|1,1|0,0|1,0|1,0|1,0|1,1|1,1|0,1|1,1|1,0|0,1|0,1|0,1|1,1|1,1|0,1|0,1|1,1|1,0|0,1|1,0|0,0|0,1|0,1|1,0|0,0|1,0|1,0|1,1|1,0|1,0|1,1|0,1|0,1|1,1|1,1|1,0|0,0|1,0|1,0|1,0|1,1|1,1|0
5,179818959,.,C,T,.,PASS,AC=5076;AN=5096;DP=16678;AF=1;EAS_AF=1;EUR_AF=0.99;AFR_AF=1;AMR_AF=1;SAS_AF=0.99;VT=SNP;NS=2548,GT,1|1,1|1,1|1,1|1,1|1,1|1,1|1,1|1,1|1,1|1,1|1,1|1,1|1,1|1,1|1,1|1,1|1,1|1,1|1,1|1,1|1,1|1,1|1,1|1,1|1,1|1,1|1,1|1,1|1,1|1,1|1,1|1,1|1,1|1,1|1,1|1,1|1,1|1,1|1,1|1,1|1,1|1,1|1,1|1,1|1,1|1,1|1,1|1,1|1,1|1,1|1,1|1,1|1,1|1,1|1,1|1,1|1,1|1,1|1,1|1,1|1,1|1,1|1,1|1,1|1,1|1,1|1,1|1,1|1,1|1,1|1,1|1,1|1,1|1,1|1,1|1,1|1,1|1,1|1,1|1,1|1,1|1,1|1,1|1,1|1,1|1,1|1,1|1,1|1,1|1,1|1,1|1,1|1,1|1,1|1,1|1,1|1,1|1,1|1
5,179819275,.,C,A,.,PASS,AC=13;AN=5096;DP=12372;AF=0;EAS_AF=0.01;EUR_AF=0;AFR_AF=0;AMR_AF=0;SAS_AF=0;VT=SNP;NS=2548,GT,0|0,0|0,0|0,0|0,0|0,0|0,0|0,0|0,0|0,0|0,0|0,0|0,0|0,0|0,0|0,0|0,0|0,0|0,0|0,0|0,1|0,0|0,0|0,0|0,0|0,0|0,0|0,0|0,0|0,0|0,0|0,0|0,0|0,0|0,0|0,0|0,0|0,0|0,0|0,0|1,0|0,0|0,0|0,0|0,0|0,0|0,0|0,0|0,0|0,0|0,0|0,0|0,0|0,0|0,0|0,0|0,0|0,0|0,0|0,0|0,0|0,0|0,0|0,0|0,0|0,0|0,0|0,0|0,0|0,0|0,0|0,0|0,0|0,0|0,0|0,0|0,0|0,0|0,0|0,0|0,0|0,0|0,0|0,0|0,0|0,0|0,0|0,0|0,0|0,0|0,0|0,0|0,0|0,0|0,0|0,0|0,0|0,0|0,0|0
5,179819326,.,GC,G,.,PASS,AC=5015;AN=5096;DP=11710;AF=0.98;EAS_AF=0.99;EUR_AF=0.97;AFR_AF=0.99;AMR_AF=0.99;SAS_AF=0.98;VT=INDEL;NS=2548,GT,1|1,1|1,1|1,1|1,1|1,1|1,1|1,1|1,1|1,1|1,1|1,1|1,1|1,1|1,1|1,1|1,1|1,1|1,1|1,1|1,1|1,1|1,1|1,1|1,1|1,1|1,1|1,1|1,1|1,1|1,1|1,1|1,1|1,1|1,1|1,1|1,1|1,1|1,1|1,1|1,1|1,1|1,1|1,1|1,1|1,1|1,1|1,1|1,1|1,1|1,1|1,1|1,1|1,1|1,1|1,1|1,1|1,1|1,1|1,1|1,1|1,1|1,1|1,1|1,1|1,1|1,1|1,1|1,1|1,1|1,1|1,1|1,1|1,1|1,1|1,1|1,1|1,1|1,1|1,1|1,1|1,1|1,1|1,1|1,1|1,1|1,1|1,1|1,1|1,1|1,1|1,1|1,1|1,1|1,1|1,1|1,1|1,1|1,1|1
5,179819336,.,CA,C,.,PASS,AC=244;AN=5096;DP=11952;AF=0.05;EAS_AF=0.04;EUR_AF=0.06;AFR_AF=0.03;AMR_AF=0.03;SAS_AF=0.08;VT=INDEL;NS=2548,GT,0|1,0|0,0|0,0|0,0|0,0|0,0|0,0|0,0|0,0|0,0|0,0|0,0|0,0|0,0|0,0|0,0|0,0|0,0|0,0|1,0|0,0|0,0|0,0|0,0|0,0|0,0|0,0|0,0|0,0|0,0|0,1|0,0|0,0|0,0|0,0|0,0|0,0|0,0|0,1|0,0|0,0|0,0|0,0|0,0|0,0|0,0|0,0|0,0|0,1|0,0|0,0|1,0|0,0|0,0|0,0|0,0|0,0|0,0|0,0|0,0|0,0|0,0|0,0|0,0|0,0|0,0|0,0|0,0|0,0|0,0|0,0|0,0|0,0|0,0|0,0|0,0|0,1|0,0|0,0|0,0|0,1|0,0|0,0|0,0|0,0|0,0|0,0|0,0|0,0|0,0|0,0|0,0|0,0|0,0|0,0|0,0|0,0|0,0|0
5,179821642,.,A,G,.,PASS,AC=17;AN=5096;DP=16029;AF=0;EAS_AF=0.02;EUR_AF=0;AFR_AF=0;AMR_AF=0;SAS_AF=0;VT=SNP;NS=2548,GT,0|0,0|0,0|0,0|0,0|0,0|0,0|0,0|0,0|0,0|0,0|0,0|0,0|0,0|0,0|0,0|0,0|0,0|0,0|0,0|0,0|0,0|0,0|0,0|0,0|0,0|0,0|0,0|0,0|0,0|0,0|0,0|0,0|0,0|0,0|0,0|0,0|0,0|0,0|0,0|0,0|0,0|0,0|0,0|1,0|0,0|0,0|0,0|0,0|0,0|0,0|0,0|0,0|0,0|0,0|0,0|0,0|0,0|0,0|0,0|0,0|0,0|0,0|0,0|0,0|0,0|0,0|0,0|0,0|0,1|0,0|0,0|0,0|0,0|0,0|0,0|0,0|0,0|0,0|0,0|0,0|0,0|0,0|0,0|0,0|0,0|0,0|0,0|0,0|0,0|0,0|0,0|0,0|0,0|0,0|0,0|0,0|0,0|0,0|0
5,179821774,.,A,C,.,PASS,AC=2523;AN=5096;DP=18559;AF=0.5;EAS_AF=0.8;EUR_AF=0.42;AFR_AF=0.22;AMR_AF=0.6;SAS_AF=0.55;VT=SNP;NS=2548,GT,1|0,1|1,1|1,1|1,0|1,1|1,1|1,0|1,1|1,1|1,1|1,1|1,0|1,1|1,1|0,0|0,0|0,1|0,1|1,1|1,1|0,1|0,0|1,1|1,1|1,1|1,1|1,1|1,1|1,1|0,1|0,1|1,1|1,1|1,1|0,0|1,1|0,0|1,1|1,0|1,1|1,1|0,1|1,1|1,1|1,1|1,1|1,0|0,1|0,1|0,0|1,0|1,1|1,1|0,1|0,1|1,1|0,0|1,1|1,0|1,1|1,1|1,1|1,1|1,1|1,0|0,1|1,1|1,1|1,1|1,1|1,1|0,1|1,1|1,1|1,1|1,1|1,1|1,1|1,0|1,0|1,1|0,0|1,1|0,1|1,0|1,0|1,1|0,1|0,1|1,1|0,1|1,0|1,1|1,0|1,1|0,1|1,1|1,1|0
5,179821921,.,A,C,.,PASS,AC=6;AN=5096;DP=18192;AF=0;EAS_AF=0.01;EUR_AF=0;AFR_AF=0;AMR_AF=0;SAS_AF=0;VT=SNP;NS=2548,GT,0|0,0|0,0|0,0|0,0|0,0|0,0|0,0|0,0|0,0|0,0|0,0|0,0|0,0|0,0|0,0|0,0|0,0|0,0|0,0|0,0|0,0|0,0|0,0|0,0|0,0|0,0|0,0|0,0|0,0|0,0|0,0|0,0|0,0|0,0|0,0|0,0|0,0|0,0|0,0|0,0|0,0|0,0|0,0|0,1|0,0|0,0|0,0|0,0|0,0|0,0|0,0|0,0|0,0|0,0|0,0|0,0|0,0|0,0|0,0|0,1|0,0|0,1|0,0|0,0|0,0|0,0|0,0|0,0|0,0|0,0|0,0|0,0|0,0|0,0|0,0|0,0|0,0|0,0|0,0|0,0|0,0|0,0|0,0|0,0|0,0|0,0|0,0|0,0|0,0|0,0|0,0|0,0|0,0|0,0|0,0|0,0|0,0|0,0|0
5,179821922,.,G,C,.,PASS,AC=6;AN=5096;DP=18133;AF=0;EAS_AF=0.01;EUR_AF=0;AFR_AF=0;AMR_AF=0;SAS_AF=0;VT=SNP;NS=2548,GT,0|0,0|0,0|0,0|0,0|0,0|0,0|0,0|0,0|0,0|0,0|0,0|0,0|0,0|0,0|0,0|0,0|0,0|0,0|0,0|0,0|0,0|0,0|0,0|0,0|0,0|0,0|0,0|0,0|0,0|0,0|0,0|0,0|0,0|0,0|0,0|0,0|0,0|0,0|0,0|0,0|0,0|0,0|0,0|0,1|0,0|0,0|0,0|0,0|0,0|0,0|0,0|0,0|0,0|0,0|0,0|0,0|0,0|0,0|0,0|0,1|0,0|0,1|0,0|0,0|0,0|0,0|0,0|0,0|0,0|0,0|0,0|0,0|0,0|0,0|0,0|0,0|0,0|0,0|0,0|0,0|0,0|0,0|0,0|0,0|0,0|0,0|0,0|0,0|0,0|0,0|0,0|0,0|0,0|0,0|0,0|0,0|0,0|0,0|0
5,179821946,.,TA,T,.,PASS,AC=934;AN=5096;DP=18645;AF=0.18;EAS_AF=0.19;EUR_AF=0.24;AFR_AF=0.07;AMR_AF=0.31;SAS_AF=0.19;VT=INDEL;NS=2548,GT,1|0,0|1,0|1,0|0,0|0,1|0,1|0,0|0,0|0,0|0,1|0,0|1,1|0,1|0,0|0,0|0,1|0,0|0,0|0,1|0,1|0,0|0,0|0,0|0,0|0,0|0,1|0,1|0,1|0,0|0,0|1,0|1,0|0,0|0,0|0,1|1,0|0,1|0,1|0,0|1,0|0,0|0,1|0,1|0,0|0,0|0,0|1,0|0,1|0,0|0,0|0,1|0,0|0,0|0,0|1,0|1,0|0,0|0,0|0,0|0,0|0,0|1,0|1,0|0,0|0,0|1,0|0,0|0,0|0,0|0,0|1,0|1,0|0,0|0,0|0,0|1,1|0,0|1,0|0,0|1,0|1,0|1,0|0,1|0,0|0,1|0,1|0,0|0,0|0,0|0,0|0,0|0,0|0,1|0,0|1,0|0,0|0,0|1,0|0
5,179822073,.,A,C,.,PASS,AC=2739;AN=5096;DP=21964;AF=0.54;EAS_AF=0.53;EUR_AF=0.25;AFR_AF=0.81;AMR_AF=0.52;SAS_AF=0.49;VT=SNP;NS=2548,GT,1|0,1|0,1|0,0|1,0|1,0|1,0|1,1|1,1|1,0|1,0|1,1|0,0|0,0|1,1|0,1|1,0|0,1|0,0|1,0|0,1|0,1|0,0|1,1|1,0|1,0|0,0|0,0|0,1|1,0|0,1|0,1|1,1|1,1|1,1|0,0|0,1|0,0|1,0|0,1|1,0|0,1|1,1|1,0|0,1|1,0|1,1|0,0|0,0|1,1|0,0|1,0|0,1|0,1|1,1|0,1|0,0|0,0|0,0|0,0|1,1|1,1|1,1|0,0|1,0|0,1|0,0|0,0|1,1|1,0|1,0|0,1|0,1|0,1|0,0|1,0|1,0|1,1|0,1|1,1|0,0|0,1|0,0|0,0|1,1|0,0|0,0|1,0|0,0|0,1|0,0|1,0|1,0|1,0|0,0|0,1|0,1|0,1|1,1|0
5,179822099,.,T,A,.,PASS,AC=2286;AN=5096;DP=22320;AF=0.45;EAS_AF=0.32;EUR_AF=0.54;AFR_AF=0.59;AMR_AF=0.36;SAS_AF=0.37;VT=SNP;NS=2548,GT,0|1,0|0,0|1,1|0,0|0,1|0,0|0,0|0,0|1,0|0,1|0,0|1,0|1,0|0,0|1,0|0,1|1,0|1,1|0,0|1,0|1,0|1,0|0,0|1,0|0,1|0,0|1,1|0,0|0,1|1,0|0,0|0,0|0,1|0,0|1,0|0,0|0,0|0,0|1,0|0,1|1,0|0,0|0,1|1,0|1,0|0,0|0,0|1,0|0,0|0,0|0,0|1,0|1,1|0,0|0,0|0,1|0,0|1,0|1,1|0,0|0,1|0,0|0,1|1,1|0,0|0,1|0,1|0,0|0,1|1,1|0,0|0,1|1,0|0,0|1,1|0,0|0,0|0,1|0,0|1,0|0,0|0,0|1,1|0,1|1,0|1,0|0,1|1,1|1,0|1,1|0,1|0,0|0,0|1,1|0,0|1,0|1,0|0,0|0
5,179822179,.,A,G,.,PASS,AC=1692;AN=5096;DP=23974;AF=0.33;EAS_AF=0.5;EUR_AF=0.21;AFR_AF=0.22;AMR_AF=0.4;SAS_AF=0.4;VT=SNP;NS=2548,GT,0|0,1|0,1|0,0|1,0|1,0|1,0|1,0|1,1|1,0|1,0|1,1|0,0|0,0|1,0|0,1|1,0|0,1|0,0|1,0|0,0|0,0|0,0|1,1|1,1|1,0|1,0|0,0|1,1|1,0|0,0|0,1|1,1|1,1|1,1|0,0|0,1|0,0|1,0|0,1|0,0|0,1|1,1|1,1|0,1|1,0|1,1|0,0|0,0|1,1|0,0|1,0|0,1|0,1|1,1|0,1|0,0|0,0|0,0|0,0|1,1|1,1|0,1|0,0|1,0|0,1|0,0|1,0|1,1|1,0|1,0|0,1|0,1|0,1|1,0|0,0|1,0|1,1|0,1|1,1|0,0|0,1|0,0|0,0|0,1|0,0|0,0|1,0|0,0|0,1|0,0|1,0|1,0|1,0|0,0|0,1|0,1|0,0|1,1|0
5,179822433,.,T,C,.,PASS,AC=3275;AN=5096;DP=28159;AF=0.64;EAS_AF=0.77;EUR_AF=0.48;AFR_AF=0.67;AMR_AF=0.71;SAS_AF=0.59;VT=SNP;NS=2548,GT,1|1,1|0,1|1,0|1,1|1,1|1,1|1,1|1,1|1,1|1,1|1,1|1,1|0,1|1,1|0,1|1,1|0,1|0,0|1,1|0,1|1,0|1,0|1,1|1,1|1,0|1,1|0,1|1,1|1,0|0,0|1,1|1,1|1,1|1,1|0,1|1,1|1,1|1,1|0,1|1,0|0,1|1,1|1,1|0,1|1,1|1,1|1,1|0,1|1,1|1,1|1,0|0,1|0,1|1,1|0,1|1,0|0,1|0,1|0,0|1,1|1,1|1,1|1,0|1,0|0,1|0,0|1,0|1,1|1,0|1,0|1,1|1,1|0,1|1,1|0,0|1,1|1,1|1,1|1,1|1,1|1,1|1,1|0,1|1,1|0,1|0,0|1,0|0,0|0,1|0,0|1,0|1,0|1,1|0,0|1,1|0,1|0,0|1,1|1
5,179822503,.,C,T,.,PASS,AC=7;AN=5096;DP=26059;AF=0;EAS_AF=0;EUR_AF=0;AFR_AF=0;AMR_AF=0;SAS_AF=0.01;VT=SNP;NS=2548,GT,0|0,0|0,0|0,0|0,0|0,0|0,0|0,0|0,0|0,0|0,0|0,0|0,0|0,0|0,1|0,0|0,0|0,0|0,0|0,0|0,0|0,0|0,0|0,0|0,0|0,0|0,0|0,0|0,0|0,0|0,0|0,0|0,0|0,0|0,0|0,0|0,0|0,0|0,0|0,0|0,0|0,0|0,0|0,0|0,0|0,0|0,0|0,0|0,0|0,0|0,0|0,0|0,0|0,0|0,0|0,0|0,0|0,0|0,0|0,0|0,0|0,0|0,0|0,0|0,0|0,0|0,0|0,0|0,0|0,0|0,0|0,0|0,0|0,0|0,0|0,0|0,0|0,0|0,0|0,0|0,0|0,0|0,0|0,0|0,0|0,0|0,0|0,0|0,0|0,0|0,0|0,0|0,0|0,0|0,0|0,0|0,0|0,0|0,0|0
5,179822903,.,T,A,.,PASS,AC=16;AN=5096;DP=195732;AF=0;EAS_AF=0.01;EUR_AF=0;AFR_AF=0;AMR_AF=0;SAS_AF=0;VT=SNP;NS=2548,GT,0|0,0|0,0|0,0|0,0|0,0|0,0|0,0|0,0|0,0|0,0|0,0|0,0|0,0|0,0|0,0|0,0|0,0|0,0|0,0|0,0|0,0|0,0|0,0|0,0|0,0|0,0|0,0|0,0|0,0|0,0|0,0|0,0|0,0|0,0|0,0|0,0|0,0|0,0|0,0|0,0|0,0|0,0|0,0|1,0|0,0|0,0|0,0|0,0|0,0|0,0|0,0|0,0|0,0|0,0|0,0|0,0|0,0|0,0|0,0|0,0|0,0|0,0|0,0|0,0|0,0|0,0|0,0|0,0|0,1|0,0|0,0|0,0|0,0|0,0|0,0|0,0|0,0|0,0|0,0|0,0|0,0|0,0|0,0|0,0|0,0|0,0|0,0|0,0|0,0|0,0|0,0|0,0|0,0|0,0|0,0|0,0|0,0|0,0|0
5,179823047,.,A,C,.,PASS,AC=2;AN=5096;DP=269443;AF=0;EAS_AF=0;EUR_AF=0;AFR_AF=0;AMR_AF=0;SAS_AF=0;EX_TARGET;VT=SNP;NS=2548,GT,0|0,0|0,0|0,0|0,0|0,0|0,0|0,0|0,0|0,0|0,0|0,0|0,0|0,0|0,0|0,0|0,0|0,0|0,0|0,0|0,0|0,0|0,0|0,0|0,0|0,0|0,0|0,0|0,0|0,0|0,0|0,0|0,0|0,0|0,0|0,0|0,0|0,0|0,0|0,0|0,0|0,0|0,0|0,0|0,0|0,0|0,0|0,0|0,0|0,0|0,0|0,0|0,0|0,0|0,0|0,0|0,0|0,0|0,0|0,0|0,0|0,0|0,0|0,0|0,0|0,0|0,0|0,0|0,0|0,0|0,0|0,0|0,0|0,0|0,0|0,0|0,0|0,0|0,0|0,0|0,0|0,0|0,0|0,0|0,0|0,0|1,0|0,0|0,0|0,0|0,0|0,1|0,0|0,0|0,0|0,0|0,0|0,0|0,0|0
5,179823065,.,C,G,.,PASS,AC=9;AN=5096;DP=221979;AF=0;EAS_AF=0.01;EUR_AF=0;AFR_AF=0;AMR_AF=0;SAS_AF=0;EX_TARGET;VT=SNP;NS=2548,GT,0|0,0|0,0|0,0|0,0|0,0|0,0|0,0|0,0|0,0|0,0|0,0|0,0|0,0|0,0|0,0|0,0|0,0|0,0|0,0|0,0|0,0|0,0|0,0|0,0|0,0|0,0|0,0|0,0|0,0|0,0|0,0|0,0|0,0|0,0|0,0|0,0|0,0|0,0|0,0|0,0|0,0|0,0|0,0|0,0|0,0|0,0|0,0|0,0|0,0|0,0|0,0|0,0|0,0|0,0|0,0|0,0|0,0|0,0|0,0|0,0|1,0|0,0|0,0|0,0|0,0|0,0|0,0|0,0|0,0|0,0|0,0|0,0|0,0|0,0|0,0|0,0|0,0|0,0|0,0|0,0|0,0|0,0|0,0|0,0|0,0|0,0|0,0|0,0|0,0|0,0|0,0|0,0|0,0|0,0|0,0|0,0|0,0|0,0|0
5,179823093,.,C,T,.,PASS,AC=92;AN=5096;DP=171133;AF=0.02;EAS_AF=0.02;EUR_AF=0;AFR_AF=0;AMR_AF=0.09;SAS_AF=0;VT=SNP;NS=2548,GT,0|0,0|0,0|0,0|0,0|0,0|0,0|0,0|0,0|0,1|0,0|0,0|0,0|0,0|0,0|0,0|0,0|0,0|0,0|0,0|0,0|0,0|0,0|0,0|0,0|0,0|0,0|0,0|0,0|0,0|0,0|0,0|0,0|0,0|0,0|0,0|0,1|0,0|0,0|0,0|0,0|0,0|0,0|0,0|0,0|0,0|0,0|0,0|0,0|0,0|0,0|0,0|0,1|0,0|0,0|0,0|0,0|0,0|0,0|0,0|0,0|0,0|0,0|0,0|0,0|0,0|0,0|0,0|0,0|0,0|0,0|0,0|0,0|0,0|0,0|0,0|0,0|0,0|0,0|0,0|0,0|0,0|0,0|0,0|0,0|0,0|0,0|0,0|0,0|0,0|0,0|0,0|0,0|0,0|0,0|0,0|0,0|0,0|0,0|0
5,179823392,.,G,A,.,PASS,AC=2923;AN=5096;DP=18964;AF=0.57;EAS_AF=0.77;EUR_AF=0.44;AFR_AF=0.47;AMR_AF=0.64;SAS_AF=0.6;VT=SNP;NS=2548,GT,1|1,1|0,1|1,0|1,1|1,1|1,1|1,0|1,1|1,1|1,1|1,1|1,1|0,1|1,1|0,1|1,1|0,1|0,0|1,1|0,1|1,0|1,0|1,1|1,1|1,0|1,1|0,1|1,1|1,0|0,0|1,1|1,1|1,1|1,1|0,1|0,1|1,1|1,1|0,0|1,0|0,1|1,1|1,1|0,1|1,1|1,1|1,1|0,1|1,1|1,1|1,0|0,1|0,1|1,1|0,1|0,0|0,1|0,1|0,0|1,1|1,1|1,1|1,0|1,0|0,0|0,0|1,0|1,1|1,0|1,0|1,1|1,1|0,1|1,1|0,0|1,1|1,1|1,1|1,1|1,1|1,1|1,1|0,1|1,1|0,1|0,0|1,0|0,0|0,1|0,0|1,0|1,0|1,1|0,0|1,1|0,1|0,0|1,1|1
5,179823416,.,A,G,.,PASS,AC=2476;AN=5096;DP=15532;AF=0.49;EAS_AF=0.76;EUR_AF=0.41;AFR_AF=0.19;AMR_AF=0.61;SAS_AF=0.59;VT=SNP;NS=2548,GT,1|1,1|0,1|1,0|1,1|1,1|1,1|1,0|1,1|1,1|1,1|1,1|1,1|0,1|1,1|0,1|1,1|0,1|0,0|1,1|0,1|1,0|1,0|1,1|1,1|1,0|1,1|0,1|1,1|1,0|0,0|1,1|1,1|1,1|1,1|0,1|0,1|1,1|1,1|0,0|1,0|0,1|1,1|1,1|0,1|1,1|1,1|1,1|0,1|1,1|1,1|1,0|0,1|0,1|1,1|0,1|0,0|0,1|0,1|0,0|1,1|1,1|1,1|1,0|1,0|0,0|0,0|1,0|1,1|1,0|1,0|1,1|1,1|0,1|1,1|0,0|1,1|1,1|1,1|1,1|1,1|1,1|1,1|0,1|1,1|0,1|0,0|1,0|0,0|0,1|0,0|1,0|1,0|1,1|0,0|1,1|0,1|0,0|1,1|1
5,179823439,.,A,C,.,PASS,AC=11;AN=5096;DP=12759;AF=0;EAS_AF=0.01;EUR_AF=0;AFR_AF=0;AMR_AF=0.01;SAS_AF=0;VT=SNP;NS=2548,GT,0|0,0|0,0|0,0|0,0|0,0|1,0|0,0|0,0|0,0|0,0|0,0|0,0|0,0|0,0|0,0|0,0|0,0|0,0|0,0|0,0|0,0|0,0|0,0|0,0|0,0|0,0|0,0|0,0|0,0|0,0|0,0|0,0|0,0|0,0|0,0|0,0|0,0|0,0|0,0|0,0|0,0|0,0|0,0|0,0|0,0|0,0|0,0|0,0|0,0|0,0|0,0|0,0|0,0|0,0|0,0|0,0|0,0|0,0|0,0|0,0|0,0|0,0|0,0|0,0|0,0|0,0|0,0|0,0|0,0|0,0|0,0|0,0|0,0|0,0|0,0|0,0|0,0|0,0|0,0|0,0|0,0|0,0|0,0|0,0|0,0|0,0|0,0|0,0|0,0|0,0|0,0|0,0|0,0|0,0|0,0|0,0|0,0|0,0|0
5,179823442,.,C,T,.,PASS,AC=8;AN=5096;DP=12185;AF=0;EAS_AF=0.01;EUR_AF=0;AFR_AF=0;AMR_AF=0;SAS_AF=0;VT=SNP;NS=2548,GT,0|0,0|0,0|0,0|0,0|0,0|0,0|0,0|0,0|0,0|0,0|0,0|0,0|0,0|0,0|0,0|0,0|0,0|0,0|0,0|1,0|0,0|0,0|0,0|0,0|0,0|0,0|0,0|0,0|0,0|0,0|0,0|0,0|0,0|0,0|0,0|0,0|0,0|0,0|0,0|0,0|0,0|0,0|0,0|0,0|0,0|0,0|0,0|0,0|0,0|0,0|0,0|0,0|0,0|0,0|0,0|0,0|0,0|0,0|0,0|0,0|0,0|0,0|0,0|0,0|0,0|0,0|0,0|0,0|0,0|0,0|0,0|0,0|0,0|0,0|0,0|0,0|0,0|0,0|0,0|0,0|0,0|0,0|0,0|0,0|0,0|0,0|0,0|0,0|0,0|0,0|0,0|0,0|0,0|0,0|0,0|0,0|0,0|0,0|0
5,179823500,.,C,T,.,PASS,AC=2459;AN=5096;DP=18064;AF=0.48;EAS_AF=0.76;EUR_AF=0.41;AFR_AF=0.19;AMR_AF=0.61;SAS_AF=0.59;VT=SNP;NS=2548,GT,1|1,1|0,1|1,0|1,1|1,1|1,1|1,0|1,1|1,1|1,1|1,1|1,1|0,1|1,1|0,1|1,1|0,1|0,0|1,1|0,1|1,0|1,0|1,1|1,1|1,0|1,1|0,1|1,1|1,0|0,0|1,1|1,1|1,1|1,1|0,1|0,1|1,1|1,1|0,0|1,0|0,1|1,1|1,1|0,1|1,1|1,1|1,1|0,1|0,1|1,1|1,0|0,1|0,1|1,1|0,1|0,0|0,1|0,1|0,0|1,1|1,1|1,1|1,0|1,0|0,0|0,0|1,0|1,1|1,0|1,0|1,1|1,1|0,1|1,1|0,0|1,1|1,1|1,1|1,1|1,1|1,1|1,1|0,1|1,1|0,1|0,0|1,0|0,0|0,1|0,0|1,0|1,0|1,1|0,0|1,1|0,1|0,0|1,1|1
5,179823552,.,G,A,.,PASS,AC=3;AN=5096;DP=23659;AF=0;EAS_AF=0;EUR_AF=0;AFR_AF=0;AMR_AF=0;SAS_AF=0;VT=SNP;NS=2548,GT,0|0,0|0,0|0,0|0,0|0,0|0,0|0,0|0,0|0,0|0,0|0,0|0,0|0,0|0,0|0,0|0,0|0,0|0,0|0,0|0,0|0,0|0,0|0,0|0,0|0,0|0,0|0,0|0,0|0,0|0,0|0,0|0,0|0,0|0,0|0,0|0,0|0,0|0,0|1,0|0,0|0,0|0,0|0,0|0,0|0,0|0,0|0,0|0,0|0,0|0,0|0,0|0,0|0,0|0,0|0,0|0,0|0,0|0,0|0,0|0,0|0,0|0,0|0,0|0,0|0,0|0,0|0,0|0,0|0,0|0,0|0,0|0,0|0,0|0,0|0,0|0,0|0,0|0,0|0,0|0,0|0,0|0,0|0,0|0,0|0,0|0,0|0,0|0,0|0,0|0,0|0,0|0,0|0,0|0,0|0,0|0,0|0,0|0,0|0
5,179823589,.,C,T,.,PASS,AC=125;AN=5096;DP=20994;AF=0.02;EAS_AF=0;EUR_AF=0.05;AFR_AF=0;AMR_AF=0.03;SAS_AF=0.05;VT=SNP;NS=2548,GT,0|0,0|0,0|0,0|0,0|0,0|0,0|0,0|0,0|0,0|0,0|0,0|0,0|0,0|0,0|0,0|0,0|0,0|0,0|0,0|0,0|0,0|0,0|0,0|0,0|0,0|0,1|0,0|0,0|0,0|0,0|0,0|0,0|0,0|0,0|0,0|0,0|0,0|0,0|0,0|0,0|0,0|0,0|0,0|0,0|0,0|0,0|0,0|0,0|0,0|0,0|0,0|0,0|0,0|0,0|0,0|0,0|0,0|0,0|0,0|0,0|0,0|0,0|0,0|0,0|0,0|0,0|0,0|0,0|0,0|0,0|0,0|0,0|0,0|0,0|0,0|0,0|0,0|0,0|0,0|0,0|0,0|0,0|0,0|0,0|0,0|0,0|0,0|0,0|0,0|0,0|0,0|0,0|0,0|0,0|0,0|0,0|0,0|0,0|0
5,179823986,.,G,A,.,PASS,AC=1;AN=5096;DP=218417;AF=0;EAS_AF=0;EUR_AF=0;AFR_AF=0;AMR_AF=0;SAS_AF=0;EX_TARGET;VT=SNP;NS=2548,GT,0|0,0|0,0|0,0|0,0|0,0|0,0|0,0|0,0|0,0|0,0|0,0|0,0|0,0|0,0|0,0|0,0|0,0|0,0|0,0|0,0|0,0|0,0|0,0|0,0|0,0|0,0|0,0|0,0|0,0|0,0|0,0|0,0|0,0|0,0|0,0|0,0|0,0|0,0|0,0|0,0|0,0|0,0|0,0|0,0|0,0|0,0|0,0|0,0|0,0|0,0|0,0|0,0|0,0|0,0|1,0|0,0|0,0|0,0|0,0|0,0|0,0|0,0|0,0|0,0|0,0|0,0|0,0|0,0|0,0|0,0|0,0|0,0|0,0|0,0|0,0|0,0|0,0|0,0|0,0|0,0|0,0|0,0|0,0|0,0|0,0|0,0|0,0|0,0|0,0|0,0|0,0|0,0|0,0|0,0|0,0|0,0|0,0|0,0|0
5,179824475,.,T,G,.,PASS,AC=2903;AN=5096;DP=41497;AF=0.57;EAS_AF=0.79;EUR_AF=0.45;AFR_AF=0.43;AMR_AF=0.65;SAS_AF=0.61;VT=SNP;NS=2548,GT,1|1,1|0,1|1,1|1,1|1,1|1,1|1,0|1,1|1,1|1,1|1,1|1,1|1,1|1,1|0,1|1,1|0,1|0,0|1,1|0,1|1,0|1,1|1,1|1,1|1,1|1,1|1,1|1,1|1,0|1,0|1,1|1,1|1,1|1,1|0,1|0,1|1,1|1,1|0,0|1,0|0,1|1,1|1,1|0,1|1,1|1,1|1,1|0,1|1,1|1,1|1,0|0,1|0,1|1,1|0,1|0,0|0,1|0,1|0,1|1,1|1,1|1,1|1,0|1,0|0,0|0,0|1,1|1,1|1,0|1,1|1,1|1,1|0,1|1,1|0,0|1,1|1,1|1,1|1,1|1,1|1,1|1,1|0,1|1,1|0,1|0,0|1,0|0,0|0,1|0,0|1,0|1,0|1,1|0,0|1,1|1,1|1,0|1,1|1
5,179824704,.,T,C,.,PASS,AC=8;AN=5096;DP=25783;AF=0;EAS_AF=0.01;EUR_AF=0;AFR_AF=0;AMR_AF=0;SAS_AF=0;VT=SNP;NS=2548,GT,0|0,0|0,0|0,0|0,0|0,0|0,0|0,0|0,0|0,0|0,0|0,0|0,1|0,0|0,0|0,0|0,1|0,0|0,0|0,0|0,0|0,0|0,0|0,0|0,0|0,0|0,0|0,0|0,0|0,0|0,0|1,0|0,0|0,0|0,0|0,1|0,0|0,0|0,0|0,0|0,0|0,0|0,0|0,0|0,0|0,0|0,0|0,0|0,0|0,0|0,0|0,0|0,0|0,0|0,0|0,0|0,0|0,0|0,0|0,0|0,0|0,0|0,0|0,0|0,0|0,0|0,0|0,0|0,0|0,0|0,0|0,0|1,0|0,0|0,0|0,0|0,0|0,0|0,0|0,0|0,0|0,0|0,0|0,0|0,0|0,1|0,0|0,0|0,0|0,0|0,0|0,0|0,0|0,0|0,0|0,0|0,0|0,0|0,0|0
5,179824772,.,T,G,.,PASS,AC=17;AN=5096;DP=27527;AF=0;EAS_AF=0;EUR_AF=0;AFR_AF=0;AMR_AF=0;SAS_AF=0.02;VT=SNP;NS=2548,GT,0|0,0|0,0|0,0|0,0|0,0|0,0|0,0|0,0|0,0|0,0|0,0|0,0|0,0|0,0|0,0|0,0|0,0|0,0|0,0|0,0|0,0|0,0|0,0|0,0|0,0|0,0|0,0|0,0|0,0|0,0|0,1|0,0|0,0|0,0|0,0|0,0|0,0|0,0|0,0|0,0|0,0|0,0|0,0|0,0|0,0|0,0|0,0|0,0|0,0|0,0|0,0|0,0|0,0|0,0|0,0|0,0|0,0|0,0|0,0|0,0|0,0|0,0|0,0|0,0|0,0|0,0|0,0|0,0|0,0|0,0|0,0|0,0|0,0|0,0|0,0|0,0|0,0|0,0|0,0|0,0|0,0|0,0|0,0|0,0|0,0|0,0|0,0|0,0|0,0|0,0|0,0|0,0|0,0|0,0|0,0|0,0|0,0|0,0|0
5,179825052,.,G,A,.,PASS,AC=221;AN=5096;DP=103854;AF=0.04;EAS_AF=0;EUR_AF=0.02;AFR_AF=0.13;AMR_AF=0.02;SAS_AF=0.01;VT=SNP;NS=2548,GT,0|0,0|0,0|0,0|0,0|0,0|0,0|0,0|0,0|0,0|0,0|0,0|0,0|0,0|0,0|0,0|0,0|0,0|0,0|0,0|0,0|0,0|0,0|0,0|0,0|0,0|0,0|0,0|0,0|0,0|0,0|0,0|0,0|0,0|0,0|0,0|0,0|0,0|0,0|0,0|0,1|0,0|0,0|0,0|0,0|0,0|0,0|0,0|0,0|0,0|0,0|0,0|0,0|0,0|0,0|0,0|0,0|0,0|0,0|0,0|0,0|0,0|0,0|0,0|0,0|0,0|0,0|0,0|0,0|0,0|0,0|0,0|0,0|0,0|0,0|0,0|0,0|0,0|0,0|0,0|0,0|0,0|0,0|0,0|0,0|0,0|0,0|0,0|0,0|0,0|0,0|0,0|0,0|0,0|0,0|0,0|0,0|0,0|0,0|0
5,179825537,.,A,G,.,PASS,AC=2971;AN=5096;DP=30699;AF=0.58;EAS_AF=0.79;EUR_AF=0.45;AFR_AF=0.47;AMR_AF=0.65;SAS_AF=0.6;VT=SNP;NS=2548,GT,1|1,1|0,1|1,1|1,1|1,1|1,1|1,0|1,1|1,1|1,1|1,1|1,1|1,1|1,1|0,1|1,1|0,1|0,0|1,1|0,1|1,0|1,1|1,1|1,1|1,1|1,1|1,1|1,1|1,0|1,0|1,1|1,1|1,1|1,1|0,1|0,1|1,1|1,1|0,0|1,0|0,1|1,1|1,1|0,1|1,1|1,1|1,1|0,1|1,1|1,1|1,0|0,1|0,1|1,1|0,1|0,0|0,1|0,1|0,1|1,1|1,1|1,1|1,0|1,0|0,0|0,0|1,1|1,1|1,0|1,1|1,1|1,1|0,1|1,1|0,0|1,1|1,1|1,1|1,1|1,1|1,1|1,1|0,1|1,1|0,1|0,0|1,0|0,0|0,1|0,0|1,0|1,0|1,1|0,0|1,1|1,1|1,0|1,1|1
5,179825562,.,T,G,.,PASS,AC=1;AN=5096;DP=30049;AF=0;EAS_AF=0;EUR_AF=0;AFR_AF=0;AMR_AF=0;SAS_AF=0;VT=SNP;NS=2548,GT,0|0,0|0,0|0,0|0,0|0,0|0,0|0,0|0,0|0,0|0,0|0,0|0,0|0,0|0,0|0,0|0,0|0,0|0,0|0,0|0,0|0,0|0,0|0,0|0,0|0,0|0,0|0,0|0,0|0,0|1,0|0,0|0,0|0,0|0,0|0,0|0,0|0,0|0,0|0,0|0,0|0,0|0,0|0,0|0,0|0,0|0,0|0,0|0,0|0,0|0,0|0,0|0,0|0,0|0,0|0,0|0,0|0,0|0,0|0,0|0,0|0,0|0,0|0,0|0,0|0,0|0,0|0,0|0,0|0,0|0,0|0,0|0,0|0,0|0,0|0,0|0,0|0,0|0,0|0,0|0,0|0,0|0,0|0,0|0,0|0,0|0,0|0,0|0,0|0,0|0,0|0,0|0,0|0,0|0,0|0,0|0,0|0,0|0,0|0
5,179826246,.,C,T,.,PASS,AC=4;AN=5096;DP=20161;AF=0;EAS_AF=0;EUR_AF=0;AFR_AF=0;AMR_AF=0;SAS_AF=0;VT=SNP;NS=2548,GT,0|0,0|0,0|0,0|0,0|0,0|0,0|0,0|0,0|0,0|0,0|1,0|0,0|0,0|0,0|0,0|0,0|0,0|0,0|0,0|0,0|0,0|0,0|0,0|0,0|0,0|0,0|0,0|0,0|0,0|0,0|0,0|0,0|0,0|0,0|0,0|0,0|0,0|0,0|0,0|0,0|0,0|0,0|0,0|0,0|0,0|0,0|0,0|0,0|0,0|0,0|0,0|0,0|0,0|0,0|0,0|0,0|0,0|0,0|0,0|0,0|0,0|0,0|0,0|0,0|0,0|0,0|0,0|0,0|0,0|0,0|0,0|0,0|0,0|0,0|0,0|0,0|0,0|0,0|0,0|0,0|0,0|0,0|0,0|0,0|0,0|0,0|0,0|0,0|0,0|0,0|0,0|0,0|1,0|0,0|0,0|0,0|0,0|0,0|0
5,179826458,.,C,A,.,PASS,AC=1;AN=5096;DP=19391;AF=0;EAS_AF=0;EUR_AF=0;AFR_AF=0;AMR_AF=0;SAS_AF=0;VT=SNP;NS=2548,GT,0|0,0|0,0|0,0|0,0|0,0|0,0|0,0|0,0|0,0|0,0|0,0|0,0|0,0|0,0|0,0|0,0|0,0|0,0|0,0|0,0|0,0|0,0|0,0|0,0|0,0|0,0|0,0|0,0|0,0|0,0|0,0|0,0|0,0|0,0|0,0|0,0|0,0|0,0|0,0|0,0|0,0|0,0|0,0|0,0|0,0|0,0|0,0|0,0|0,0|0,0|0,0|0,0|0,0|0,0|0,0|0,0|0,0|0,0|0,0|0,0|0,0|0,0|0,0|0,0|0,0|0,0|0,0|1,0|0,0|0,0|0,0|0,0|0,0|0,0|0,0|0,0|0,0|0,0|0,0|0,0|0,0|0,0|0,0|0,0|0,0|0,0|0,0|0,0|0,0|0,0|0,0|0,0|0,0|0,0|0,0|0,0|0,0|0,0|0
5,179826875,.,C,T,.,PASS,AC=2486;AN=5096;DP=19922;AF=0.49;EAS_AF=0.76;EUR_AF=0.41;AFR_AF=0.2;AMR_AF=0.61;SAS_AF=0.59;VT=SNP;NS=2548,GT,1|1,1|0,1|1,0|1,1|1,1|1,1|1,0|1,1|1,1|1,1|1,1|1,1|0,1|1,1|0,1|1,1|0,1|0,0|1,1|0,1|1,0|1,0|1,1|1,1|0,0|1,1|0,1|1,1|1,0|0,0|1,1|1,1|1,1|1,1|0,1|0,1|1,1|1,1|0,0|1,0|0,1|1,1|1,1|0,1|1,1|1,1|1,1|0,1|1,1|1,1|1,0|0,1|0,1|1,1|0,1|0,0|0,1|0,1|0,0|1,1|1,1|1,1|1,0|1,0|0,0|0,0|1,0|1,1|1,0|1,0|1,1|1,1|0,1|1,1|0,0|1,1|1,1|1,1|1,1|1,1|1,1|1,1|0,1|1,1|0,1|0,0|1,0|0,0|0,1|0,0|1,0|1,0|1,1|0,0|1,1|0,1|0,0|1,1|1
5,179826926,.,A,G,.,PASS,AC=3580;AN=5096;DP=20967;AF=0.7;EAS_AF=0.77;EUR_AF=0.51;AFR_AF=0.85;AMR_AF=0.73;SAS_AF=0.62;VT=SNP;NS=2548,GT,1|1,1|0,1|1,0|1,1|1,1|1,1|1,0|1,1|1,1|1,1|1,1|1,1|0,1|1,1|0,1|1,1|0,1|0,0|1,1|0,1|1,0|1,0|1,1|1,1|0,0|1,1|0,1|1,1|1,0|0,0|1,1|1,1|1,1|1,1|0,1|0,1|1,1|1,1|0,0|1,0|0,1|1,1|1,1|0,1|1,1|1,1|1,1|0,1|1,1|1,1|1,0|0,1|0,1|1,1|0,1|0,0|0,1|0,1|0,0|1,1|1,1|1,1|1,0|1,0|0,0|0,0|1,0|1,1|1,0|1,0|1,1|1,1|0,1|1,1|0,0|1,1|1,1|1,1|1,1|1,1|1,1|1,1|0,1|1,1|0,1|0,0|1,0|0,0|0,1|0,0|1,0|1,0|1,1|0,0|1,1|0,1|0,0|1,1|1
5,179827206,.,TCA,T,.,PASS,AC=2853;AN=5096;DP=19196;AF=0.56;EAS_AF=0.77;EUR_AF=0.45;AFR_AF=0.41;AMR_AF=0.65;SAS_AF=0.6;VT=INDEL;NS=2548,GT,1|1,1|0,1|1,0|1,1|1,1|1,1|1,0|1,1|1,1|1,1|1,1|1,1|0,1|1,1|0,1|1,1|0,1|0,0|1,1|0,1|1,0|1,0|1,1|1,1|0,0|1,1|0,1|1,1|1,0|0,0|1,1|1,1|1,1|1,1|0,1|0,1|1,1|1,1|0,0|1,0|0,1|1,1|1,1|0,1|1,1|1,1|1,1|0,1|1,1|1,1|1,0|0,1|0,1|1,1|0,1|0,0|0,1|0,1|0,0|1,1|1,1|1,1|1,0|1,0|0,0|0,0|1,0|1,1|1,0|1,0|1,1|1,1|0,1|1,1|0,0|1,1|1,1|1,1|1,1|1,1|1,1|1,1|0,1|1,1|0,1|0,0|1,0|0,0|0,1|0,0|1,0|1,0|1,1|0,0|1,1|0,1|0,0|1,1|1
5,179827225,.,A,C,.,PASS,AC=11;AN=5096;DP=20566;AF=0;EAS_AF=0.01;EUR_AF=0;AFR_AF=0;AMR_AF=0;SAS_AF=0;VT=SNP;NS=2548,GT,0|0,0|0,0|0,0|0,0|0,0|0,0|0,0|0,0|0,0|0,0|0,0|0,0|0,0|0,0|0,0|0,0|0,0|0,0|0,0|0,0|0,0|0,0|0,0|0,0|0,0|0,0|0,0|0,0|0,0|0,0|0,0|0,0|0,0|0,0|0,0|0,0|0,0|1,0|0,0|0,0|0,0|0,0|0,0|0,0|0,0|0,0|0,0|0,0|0,0|0,0|0,0|0,0|0,0|0,0|0,0|0,0|0,0|0,0|0,0|0,0|0,0|0,0|0,0|0,0|0,0|0,0|0,0|0,0|0,0|0,0|0,0|0,0|0,0|0,0|0,0|0,0|0,0|0,0|0,0|0,0|0,0|0,0|0,0|0,0|0,0|0,0|0,0|0,0|0,0|0,0|0,0|0,0|0,0|0,0|0,0|0,0|0,0|0,0|0
5,179827247,.,G,A,.,PASS,AC=2941;AN=5096;DP=20504;AF=0.58;EAS_AF=0.77;EUR_AF=0.45;AFR_AF=0.47;AMR_AF=0.65;SAS_AF=0.6;VT=SNP;NS=2548,GT,1|1,1|0,1|1,0|1,1|1,1|1,1|1,0|1,1|1,1|1,1|1,1|1,1|0,1|1,1|0,1|1,1|0,1|0,0|1,1|0,1|1,0|1,0|1,1|1,1|0,0|1,1|0,1|1,1|1,0|0,0|1,1|1,1|1,1|1,1|0,1|0,1|1,1|1,1|0,0|1,0|0,1|1,1|1,1|0,1|1,1|1,1|1,1|0,1|1,1|1,1|1,0|0,1|0,1|1,1|0,1|0,0|0,1|0,1|0,0|1,1|1,1|1,1|1,0|1,0|0,0|0,0|1,0|1,1|1,0|1,0|1,1|1,1|0,1|1,1|0,0|1,1|1,1|1,1|1,1|1,1|1,1|1,1|0,1|1,1|0,1|0,0|1,0|0,0|0,1|0,0|1,0|1,0|1,1|0,0|1,1|0,1|0,0|1,1|1
5,179827340,.,T,C,.,PASS,AC=3579;AN=5096;DP=19477;AF=0.7;EAS_AF=0.77;EUR_AF=0.51;AFR_AF=0.85;AMR_AF=0.73;SAS_AF=0.62;VT=SNP;NS=2548,GT,1|1,1|0,1|1,0|1,1|1,1|1,1|1,0|1,1|1,1|1,1|1,1|1,1|0,1|1,1|0,1|1,1|0,1|0,0|1,1|0,1|1,0|1,0|1,1|1,1|0,0|1,1|0,1|1,1|1,0|0,0|1,1|1,1|1,1|1,1|0,1|0,1|1,1|1,1|0,0|1,0|0,1|1,1|1,1|0,1|1,1|1,1|1,1|0,1|1,1|1,1|1,0|0,1|0,1|1,1|0,1|0,0|0,1|0,1|0,0|1,1|1,1|1,1|1,0|1,0|0,0|0,0|1,0|1,1|1,0|1,0|1,1|1,1|0,1|1,1|0,0|1,1|1,1|1,1|1,1|1,1|1,1|1,1|0,1|1,1|0,1|0,0|1,0|0,0|0,1|0,0|1,0|1,0|1,1|0,0|1,1|0,1|0,0|1,1|1
5,179827519,.,C,T,.,PASS,AC=27;AN=5096;DP=17767;AF=0.01;EAS_AF=0.03;EUR_AF=0;AFR_AF=0;AMR_AF=0;SAS_AF=0;VT=SNP;NS=2548,GT,0|0,0|0,1|0,0|0,0|0,0|0,0|0,0|0,1|0,0|0,0|0,0|0,0|0,0|1,0|0,0|0,0|0,0|0,0|1,0|0,0|0,0|0,0|0,0|0,0|0,0|0,0|0,0|0,0|0,0|0,0|0,0|0,0|0,0|1,0|0,0|0,0|0,0|0,0|0,0|0,0|0,1|0,0|0,0|0,0|0,0|0,0|0,0|0,0|0,0|0,0|0,0|0,0|0,0|0,0|0,0|0,0|0,0|0,0|0,0|0,0|0,0|0,0|0,0|0,0|0,0|0,0|0,0|1,0|0,0|0,0|0,0|0,0|0,0|0,0|0,0|0,0|1,1|0,0|0,0|0,0|0,0|0,0|0,0|0,0|0,0|0,0|0,0|0,0|0,0|0,0|0,0|0,0|0,0|0,0|0,0|0,0|0,0|0,0|0
5,179827657,.,C,A,.,PASS,AC=5;AN=5096;DP=21711;AF=0;EAS_AF=0;EUR_AF=0;AFR_AF=0;AMR_AF=0;SAS_AF=0;VT=SNP;NS=2548,GT,0|0,0|0,0|0,0|0,0|0,0|0,0|0,0|0,0|0,0|0,0|0,0|0,0|0,0|0,0|1,0|0,0|1,0|0,0|0,0|0,0|0,0|0,0|0,0|0,0|0,0|0,0|0,0|0,0|0,0|0,0|0,0|0,0|0,0|0,0|0,0|0,0|0,0|0,0|0,0|0,0|0,0|0,0|0,0|0,0|0,0|0,0|0,0|0,0|0,0|0,0|0,0|0,0|0,0|0,0|0,0|0,0|0,0|0,0|0,0|0,0|0,0|0,0|0,0|0,0|0,0|0,0|0,0|0,0|0,0|0,0|0,0|0,0|0,0|0,0|0,0|0,0|0,0|0,0|0,0|0,0|0,0|0,0|0,0|0,0|0,0|0,0|0,0|1,0|0,0|0,0|0,0|0,0|0,0|0,0|0,0|0,0|0,0|0,0|0
5,179827745,.,T,C,.,PASS,AC=4;AN=5096;DP=22298;AF=0;EAS_AF=0;EUR_AF=0;AFR_AF=0;AMR_AF=0;SAS_AF=0;VT=SNP;NS=2548,GT,0|0,0|0,0|0,0|0,0|0,0|0,0|0,0|0,0|0,0|0,0|0,0|0,0|0,0|0,0|0,0|0,0|0,0|0,0|0,0|0,0|0,0|0,0|0,0|0,0|0,0|0,0|0,0|0,0|0,0|0,0|0,0|0,0|0,0|0,0|0,0|0,0|0,0|0,0|0,0|0,0|0,0|0,0|0,0|0,0|0,0|0,0|0,0|0,0|0,0|0,0|0,0|0,0|0,0|0,0|0,0|0,0|0,0|0,0|0,0|0,0|0,0|0,0|0,0|0,0|0,0|0,0|0,0|0,0|0,0|0,0|0,0|0,0|0,0|0,0|0,0|0,0|0,0|0,0|0,0|0,0|0,0|1,0|0,0|0,0|0,0|0,0|0,0|0,0|0,0|0,0|0,0|0,0|0,0|0,0|0,0|0,0|0,0|0,0|0
5,179827846,.,A,G,.,PASS,AC=2459;AN=5096;DP=22436;AF=0.48;EAS_AF=0.76;EUR_AF=0.42;AFR_AF=0.17;AMR_AF=0.61;SAS_AF=0.58;VT=SNP;NS=2548,GT,1|1,1|0,1|1,0|1,1|1,1|1,1|1,0|1,1|1,1|1,1|1,1|1,1|0,1|1,1|0,1|1,1|0,1|0,0|1,1|0,1|1,0|1,0|1,1|1,1|0,0|1,1|0,1|1,1|1,0|0,0|1,1|1,1|1,1|1,1|0,1|0,1|1,1|1,1|0,0|1,0|0,1|1,1|1,1|0,1|1,1|1,1|1,1|0,1|1,1|1,1|1,0|0,1|0,1|1,1|0,1|0,0|0,1|0,1|0,0|1,1|1,1|1,1|1,0|1,0|0,0|0,0|1,0|1,1|1,0|1,0|1,1|1,1|0,1|1,1|0,0|1,1|1,1|1,1|1,1|1,1|1,1|1,1|0,1|1,1|0,1|0,0|1,0|0,0|0,1|0,0|1,0|1,0|1,1|0,0|1,1|0,1|0,0|1,1|1
5,179828103,.,T,C,.,PASS,AC=1;AN=5096;DP=23234;AF=0;EAS_AF=0;EUR_AF=0;AFR_AF=0;AMR_AF=0;SAS_AF=0;VT=SNP;NS=2548,GT,0|0,0|0,0|0,0|0,0|0,0|0,0|0,0|0,0|0,0|0,0|0,0|0,0|0,0|0,0|0,0|0,0|0,0|0,0|0,0|0,0|0,0|0,0|0,0|0,0|0,0|0,0|0,0|0,0|0,0|0,0|0,0|0,0|0,0|0,0|0,0|0,0|0,0|0,0|0,0|0,0|0,0|0,0|0,0|0,0|0,0|0,0|0,0|0,0|0,0|0,0|0,0|0,0|0,0|0,0|0,0|0,0|0,0|0,0|0,0|0,0|0,0|0,0|0,0|0,0|0,0|0,0|0,0|0,0|0,0|0,0|0,0|0,0|0,0|0,0|0,0|0,0|0,0|0,0|0,0|0,0|0,0|0,0|0,0|0,0|0,0|0,0|0,0|0,0|0,1|0,0|0,0|0,0|0,0|0,0|0,0|0,0|0,0|0,0|0
5,179828408,.,T,C,.,PASS,AC=43;AN=5096;DP=11744;AF=0.01;EAS_AF=0.04;EUR_AF=0;AFR_AF=0;AMR_AF=0;SAS_AF=0;VT=SNP;NS=2548,GT,0|0,0|0,0|0,0|0,1|0,0|0,0|0,0|0,0|0,0|0,0|0,0|0,0|0,0|0,0|0,0|0,0|0,0|0,0|0,0|0,0|1,0|0,0|0,0|0,0|0,0|0,0|0,0|0,0|0,0|0,0|0,0|0,0|0,0|0,0|0,0|0,0|1,0|0,0|0,0|0,0|0,0|0,0|0,0|0,0|0,0|0,0|0,1|0,0|0,0|0,1|0,0|0,0|0,0|0,0|0,0|0,0|0,1|0,0|0,0|0,0|0,0|0,0|0,0|0,0|0,0|0,0|0,0|0,0|0,0|0,0|0,0|0,0|0,0|0,1|0,0|0,0|0,0|0,0|0,0|0,1|0,0|0,1|0,0|0,0|0,0|0,0|0,0|0,0|0,0|0,0|0,0|0,0|0,0|0,0|0,0|0,0|0,0|0,0|1
5,179828819,.,C,CA,.,PASS,AC=2475;AN=5096;DP=20762;AF=0.49;EAS_AF=0.76;EUR_AF=0.42;AFR_AF=0.19;AMR_AF=0.61;SAS_AF=0.59;VT=INDEL;NS=2548,GT,1|1,1|0,1|1,0|1,1|1,1|1,1|1,0|1,1|1,1|1,1|1,1|1,1|0,1|1,1|0,1|1,1|0,1|0,0|1,1|0,1|1,0|1,0|1,1|1,1|0,0|1,1|0,1|1,1|1,0|0,0|1,1|1,1|1,1|1,1|0,1|0,1|1,1|1,1|0,0|1,0|0,1|1,1|1,1|0,1|1,1|1,1|1,1|0,1|1,1|1,1|1,0|0,1|0,1|1,1|0,1|0,0|0,1|0,1|0,0|1,1|1,1|1,1|1,0|1,0|0,0|0,0|1,0|1,1|1,0|1,0|1,1|1,1|0,1|1,1|0,0|1,1|1,1|1,1|1,1|1,1|1,1|1,1|0,1|1,1|0,1|0,0|1,0|0,0|0,1|0,0|1,0|1,0|1,1|0,0|1,1|0,1|0,0|1,1|1
5,179828878,.,G,T,.,PASS,AC=1;AN=5096;DP=20732;AF=0;EAS_AF=0;EUR_AF=0;AFR_AF=0;AMR_AF=0;SAS_AF=0;VT=SNP;NS=2548,GT,0|0,0|0,0|0,0|0,0|0,0|0,0|0,0|0,0|0,0|0,0|0,0|0,0|0,0|0,0|0,0|0,0|0,0|0,0|0,0|0,0|0,0|0,0|0,0|0,0|0,0|0,0|0,0|0,0|0,0|0,0|0,0|0,0|0,0|0,0|0,0|0,0|0,0|0,0|0,0|0,0|0,0|0,0|0,0|0,0|0,0|0,0|0,0|0,0|0,0|0,0|0,0|0,0|0,0|0,0|0,0|0,0|0,0|0,0|0,0|0,0|0,0|0,0|0,0|0,0|0,0|0,0|0,0|0,0|0,0|0,0|0,0|0,0|0,0|1,0|0,0|0,0|0,0|0,0|0,0|0,0|0,0|0,0|0,0|0,0|0,0|0,0|0,0|0,0|0,0|0,0|0,0|0,0|0,0|0,0|0,0|0,0|0,0|0,0|0
5,179828970,.,G,C,.,PASS,AC=2946;AN=5096;DP=20061;AF=0.58;EAS_AF=0.77;EUR_AF=0.46;AFR_AF=0.48;AMR_AF=0.65;SAS_AF=0.6;VT=SNP;NS=2548,GT,1|1,1|0,1|1,0|1,1|1,1|1,1|1,0|1,1|1,1|1,1|1,1|1,1|0,1|1,1|0,1|1,1|0,1|0,0|1,1|0,1|1,0|1,0|1,1|1,1|0,0|1,1|0,1|1,1|1,0|0,0|1,1|1,1|1,1|1,1|0,1|0,1|1,1|1,1|0,0|1,0|0,1|1,1|1,1|0,1|1,1|1,1|1,1|0,1|1,1|1,1|1,0|0,1|0,1|1,1|0,1|0,0|0,1|0,1|0,0|1,1|1,1|1,1|1,0|1,0|0,0|0,0|1,0|1,1|1,0|1,0|1,1|1,1|0,1|1,1|0,0|1,1|1,1|1,1|1,1|1,1|1,1|1,1|0,1|1,1|0,1|0,0|1,0|0,0|0,1|0,0|1,0|1,0|1,1|0,0|1,1|0,1|0,0|1,1|1
5,179829373,.,C,A,.,PASS,AC=7;AN=5096;DP=19891;AF=0;EAS_AF=0;EUR_AF=0;AFR_AF=0;AMR_AF=0;SAS_AF=0.01;VT=SNP;NS=2548,GT,0|0,0|0,0|0,0|0,0|0,0|0,0|0,0|0,0|0,0|0,0|0,0|0,0|0,0|0,0|0,0|0,0|0,0|0,0|0,0|0,0|0,0|0,0|0,0|0,0|0,0|0,0|0,0|0,0|0,0|0,0|0,0|0,0|0,0|0,0|0,0|0,0|0,0|0,0|0,0|0,0|0,0|0,0|0,0|0,0|0,0|0,0|0,0|0,0|0,0|0,0|0,0|0,0|0,0|0,0|0,0|0,0|0,0|0,0|0,0|0,0|0,0|0,0|0,0|0,0|0,0|0,0|0,0|0,0|0,0|0,0|0,0|0,0|0,0|0,0|0,0|0,0|0,0|0,0|0,0|0,0|0,0|0,0|0,0|0,0|0,0|0,0|0,0|0,0|0,0|0,0|0,0|1,0|0,0|0,0|0,0|0,0|0,0|0,0|0
5,179829645,.,T,C,.,PASS,AC=1;AN=5096;DP=20855;AF=0;EAS_AF=0;EUR_AF=0;AFR_AF=0;AMR_AF=0;SAS_AF=0;VT=SNP;NS=2548,GT,0|0,0|0,0|0,0|0,0|0,0|0,0|0,0|0,0|0,0|0,0|0,0|0,0|0,0|0,0|0,0|0,0|0,0|0,0|0,0|0,0|0,0|0,0|0,0|0,0|0,0|0,0|0,0|0,0|0,0|0,0|0,0|0,0|0,0|0,0|0,0|0,0|0,0|0,0|0,0|0,0|0,0|0,0|0,0|0,0|0,0|0,0|0,0|0,0|0,0|0,0|0,0|0,0|0,0|0,0|0,0|0,0|0,0|0,0|0,0|0,0|0,0|0,0|0,0|0,0|0,0|0,0|0,0|0,0|0,0|0,0|0,0|0,0|0,0|0,0|0,0|0,0|0,0|0,1|0,0|0,0|0,0|0,0|0,0|0,0|0,0|0,0|0,0|0,0|0,0|0,0|0,0|0,0|0,0|0,0|0,0|0,0|0,0|0,0|0
5,179829684,.,T,G,.,PASS,AC=101;AN=5096;DP=6558;AF=0.02;EAS_AF=0.01;EUR_AF=0.01;AFR_AF=0.05;AMR_AF=0.01;SAS_AF=0.01;VT=SNP;NS=2548,GT,0|0,0|0,0|0,0|0,0|0,0|0,0|0,0|0,0|0,0|0,0|0,0|0,0|0,0|0,0|0,0|0,0|0,0|0,0|0,0|0,0|0,0|0,0|0,0|0,0|0,0|0,0|0,0|0,0|0,0|0,0|0,0|0,0|0,0|0,0|0,0|0,0|0,0|0,0|0,0|0,0|0,0|0,0|0,0|0,0|0,0|0,0|0,0|0,0|0,0|0,0|0,0|0,0|0,0|0,0|0,0|0,0|0,0|0,0|0,0|0,0|0,0|0,0|0,0|0,0|0,0|0,1|0,0|0,0|0,0|0,0|0,0|0,0|0,0|0,0|0,0|0,0|0,0|0,0|0,0|0,0|0,0|0,0|0,0|0,0|0,0|0,0|0,0|0,0|0,0|0,0|0,0|0,0|0,0|0,0|0,0|0,0|0,0|0,0|0
5,179829705,.,C,A,.,PASS,AC=145;AN=5096;DP=6815;AF=0.03;EAS_AF=0.02;EUR_AF=0.01;AFR_AF=0.07;AMR_AF=0.02;SAS_AF=0;VT=SNP;NS=2548,GT,0|0,0|0,0|0,0|0,0|0,0|0,0|0,0|0,0|0,0|0,0|0,0|0,0|0,0|0,0|0,0|0,0|0,0|0,0|0,0|0,0|0,0|0,0|0,0|0,0|0,0|0,0|0,0|0,0|0,0|0,0|0,0|0,0|0,0|0,0|0,0|0,0|0,0|0,0|0,0|0,0|0,0|0,0|0,0|0,0|0,0|0,0|0,0|0,0|0,0|0,0|0,0|0,0|0,0|0,0|0,0|0,0|0,0|0,0|0,0|0,0|0,0|0,0|0,0|0,0|0,0|0,0|0,0|0,1|0,0|0,0|0,0|0,0|0,0|0,0|0,0|0,0|0,0|0,0|0,0|0,0|0,0|0,0|0,0|0,0|0,0|0,0|0,0|0,0|0,0|0,0|0,0|0,0|0,0|0,0|0,0|0,0|0,0|0,0|0
5,179829790,.,A,G,.,PASS,AC=5;AN=5096;DP=22519;AF=0;EAS_AF=0;EUR_AF=0;AFR_AF=0;AMR_AF=0;SAS_AF=0;VT=SNP;NS=2548,GT,0|0,0|0,0|0,0|0,0|0,0|0,0|0,0|0,0|0,1|0,0|0,0|0,0|0,0|0,0|0,0|0,0|0,0|0,0|0,0|0,0|0,0|0,0|0,0|0,0|0,0|0,0|0,0|0,0|0,0|0,0|0,0|0,0|0,0|0,0|0,0|0,0|0,0|0,0|0,0|0,0|0,0|0,0|0,0|0,0|0,0|0,0|0,0|0,0|0,0|0,0|0,0|0,0|0,0|0,0|0,0|0,0|0,0|0,0|0,0|0,0|0,0|0,0|0,0|0,0|0,0|0,0|0,0|0,0|0,0|0,0|0,0|0,0|0,0|0,0|0,0|0,0|0,0|0,0|0,0|0,0|0,0|0,0|0,0|0,0|0,0|0,0|0,0|0,0|0,0|0,0|0,0|0,0|0,0|0,0|0,0|0,0|0,0|0,0|0
5,179829838,.,G,A,.,PASS,AC=3;AN=5096;DP=22648;AF=0;EAS_AF=0;EUR_AF=0;AFR_AF=0;AMR_AF=0;SAS_AF=0;VT=SNP;NS=2548,GT,0|0,0|0,0|0,0|0,0|0,0|0,0|0,0|0,0|0,0|0,0|0,0|0,0|0,0|0,0|0,0|0,0|0,0|0,0|0,0|0,0|0,0|0,0|0,0|0,0|0,0|0,0|0,0|0,0|0,1|0,0|0,0|0,0|0,0|0,0|0,0|0,0|0,0|0,0|0,0|0,0|0,0|0,0|0,0|0,0|0,0|0,0|0,0|0,0|0,0|0,0|0,0|0,0|0,0|0,0|0,0|0,0|0,0|0,0|0,0|0,0|0,0|0,0|0,0|0,0|0,0|0,0|0,0|0,0|0,0|0,0|0,0|0,0|0,0|0,0|0,0|0,0|0,0|0,0|0,0|0,0|0,0|0,0|0,0|0,0|0,0|0,0|0,0|0,0|0,0|0,0|0,0|0,0|0,0|0,0|0,0|0,0|0,0|0,0|0
5,179829923,.,C,A,.,PASS,AC=455;AN=5096;DP=21748;AF=0.09;EAS_AF=0.15;EUR_AF=0.11;AFR_AF=0.01;AMR_AF=0.14;SAS_AF=0.08;VT=SNP;NS=2548,GT,0|0,0|0,1|0,0|1,0|0,0|0,0|1,0|1,1|0,1|0,0|0,0|0,0|0,0|1,0|0,0|0,0|0,0|0,0|1,0|0,0|0,0|0,0|0,0|0,1|0,0|0,0|0,0|1,0|0,0|0,0|0,0|0,0|0,1|1,0|0,0|0,1|0,0|0,0|0,0|0,0|0,1|0,0|0,0|0,1|0,0|0,0|0,0|0,0|1,1|0,0|1,0|0,1|0,0|0,0|0,0|0,0|0,0|0,0|0,0|0,1|0,0|0,1|0,0|0,0|0,0|0,0|1,0|1,0|0,0|0,0|0,0|0,0|0,0|0,0|0,0|0,0|1,1|0,0|1,0|0,0|0,1|0,0|0,0|0,0|0,0|0,0|0,0|0,0|0,0|0,0|1,0|0,0|0,0|0,0|0,1|0,1|0,0|0,0|0
5,179830135,.,A,AAAAC,.,PASS,AC=3485;AN=5096;DP=24386;AF=0.68;EAS_AF=0.76;EUR_AF=0.51;AFR_AF=0.79;AMR_AF=0.73;SAS_AF=0.61;VT=INDEL;NS=2548,GT,1|1,1|0,1|1,0|1,1|1,1|1,1|1,0|1,1|1,1|1,1|1,1|1,1|0,1|1,1|0,1|1,1|0,1|0,0|1,1|0,1|1,0|1,0|1,1|1,1|0,0|1,1|0,1|1,1|1,0|0,0|1,1|1,1|1,1|1,1|0,1|0,1|1,1|1,1|0,0|1,0|0,1|1,0|1,1|0,1|1,1|1,1|1,1|0,1|1,1|1,1|1,0|0,1|0,1|1,1|0,1|0,0|0,1|0,1|0,0|1,1|1,1|1,1|1,0|1,0|0,0|0,0|1,0|1,1|1,0|1,0|1,1|1,1|0,1|1,1|0,0|1,1|1,1|1,1|1,1|1,1|1,1|1,1|0,1|1,1|0,1|0,0|1,0|0,0|0,1|0,0|1,0|1,0|1,1|0,0|1,1|0,1|0,0|1,1|1
5,179830171,.,C,A,.,PASS,AC=3578;AN=5096;DP=23445;AF=0.7;EAS_AF=0.77;EUR_AF=0.51;AFR_AF=0.85;AMR_AF=0.73;SAS_AF=0.61;VT=SNP;NS=2548,GT,1|1,1|0,1|1,0|1,1|1,1|1,1|1,0|1,1|1,1|1,1|1,1|1,1|0,1|1,1|0,1|1,1|0,1|0,0|1,1|0,1|1,0|1,0|1,1|1,1|0,0|1,1|0,1|1,1|1,0|0,0|1,1|1,1|1,1|1,1|0,1|0,1|1,1|1,1|0,0|1,0|0,1|1,1|1,1|0,1|1,1|1,1|1,1|0,1|1,1|1,1|1,0|0,1|0,1|1,1|0,1|0,0|0,1|0,1|0,0|1,1|1,1|1,1|1,0|1,0|0,0|0,0|1,0|1,1|1,0|1,0|1,1|1,1|0,1|1,1|0,0|1,1|1,1|1,1|1,1|1,1|1,1|1,1|0,1|1,1|0,1|0,0|1,0|0,0|0,1|0,0|1,0|1,0|1,1|0,0|1,1|0,1|0,0|1,1|1
5,179830395,.,C,A,.,PASS,AC=3;AN=5096;DP=18881;AF=0;EAS_AF=0;EUR_AF=0;AFR_AF=0;AMR_AF=0;SAS_AF=0;VT=SNP;NS=2548,GT,0|0,0|0,0|0,0|0,0|0,0|0,0|0,0|0,0|0,0|0,0|0,0|0,0|0,0|0,0|0,0|0,0|0,0|0,0|0,0|0,0|0,0|0,1|0,0|0,0|0,0|0,0|0,0|0,0|0,0|1,0|0,0|0,0|0,0|0,0|0,0|0,0|0,0|0,0|0,0|0,0|0,0|0,0|0,0|0,0|0,0|0,0|0,0|0,0|0,0|0,0|0,0|0,0|0,0|0,0|0,0|0,0|0,0|0,0|0,1|0,0|0,0|0,0|0,0|0,0|0,0|0,0|0,0|0,0|0,0|0,0|0,0|0,0|0,0|0,0|0,0|0,0|0,0|0,0|0,0|0,0|0,0|0,0|0,0|0,0|0,0|0,0|0,0|0,0|0,0|0,0|0,0|0,0|0,0|0,0|0,0|0,0|0,0|0,0|0
5,179831176,.,C,A,.,PASS,AC=558;AN=5096;DP=21006;AF=0.11;EAS_AF=0.2;EUR_AF=0.04;AFR_AF=0.18;AMR_AF=0.04;SAS_AF=0.04;VT=SNP;NS=2548,GT,0|1,0|0,0|1,0|0,0|0,1|0,0|0,0|0,0|0,0|1,0|0,0|1,1|1,0|0,0|0,0|0,1|0,0|0,0|0,0|0,1|1,0|1,0|0,0|0,0|0,1|0,0|0,0|0,0|0,0|0,0|1,0|0,0|0,0|0,0|0,1|0,0|1,0|0,0|0,0|1,0|0,0|0,0|0,0|0,0|0,0|0,0|1,0|0,0|0,0|0,0|0,0|0,0|0,0|1,0|0,0|0,0|0,1|0,0|0,0|0,0|0,0|1,0|0,1|0,0|0,0|0,0|0,1|0,0|0,0|0,0|0,0|1,0|0,0|0,1|0,1|0,1|0,0|0,0|0,0|0,1|1,0|1,1|0,1|0,0|1,1|0,0|0,0|0,0|0,0|0,1|0,0|0,0|0,1|0,0|0,0|0,0|0,0|0,1|1
5,179831184,.,G,C,.,PASS,AC=1008;AN=5096;DP=20868;AF=0.2;EAS_AF=0.3;EUR_AF=0.02;AFR_AF=0.3;AMR_AF=0.34;SAS_AF=0.03;VT=SNP;NS=2548,GT,0|1,0|0,0|0,0|0,1|0,0|0,0|0,0|0,0|1,0|1,0|0,0|1,1|0,0|0,1|0,0|0,1|0,0|0,0|0,0|0,1|1,1|0,0|0,0|1,0|0,1|0,0|0,0|0,1|0,0|0,0|1,0|0,0|0,0|0,0|0,1|0,0|1,0|0,0|0,0|1,0|0,0|0,0|0,0|0,0|0,1|0,0|1,0|0,0|0,0|0,0|0,0|0,1|0,1|1,0|0,0|0,0|0,1|0,0|0,0|0,0|0,1|1,0|1,1|1,0|0,0|0,0|0,0|1,0|0,0|1,0|1,0|1,0|0,0|0,1|0,0|0,1|0,0|1,1|0,0|0,1|0,1|0,1|0,0|0,1|0,1|0,0|0,0|1,0|0,0|0,1|0,0|0,0|0,1|0,0|0,0|0,1|0,0|0,1|1
5,179831523,.,G,A,.,PASS,AC=3137;AN=5096;DP=16875;AF=0.62;EAS_AF=0.76;EUR_AF=0.49;AFR_AF=0.59;AMR_AF=0.69;SAS_AF=0.59;VT=SNP;NS=2548,GT,1|1,1|0,1|1,0|1,1|1,1|1,1|1,0|1,1|1,1|1,1|1,1|1,1|0,1|1,1|0,1|0,1|0,1|0,0|1,1|0,1|1,0|1,0|1,1|1,1|0,0|1,1|0,1|1,1|1,1|0,0|1,1|1,1|1,1|1,1|0,1|0,1|1,1|1,1|0,0|1,0|0,1|1,1|1,1|0,1|1,1|1,1|1,1|0,1|1,1|1,1|1,0|0,1|0,1|1,1|0,1|0,0|0,1|0,1|0,0|1,1|1,1|1,1|1,0|1,0|0,0|0,0|1,0|1,1|1,0|1,0|1,1|1,1|0,1|1,1|0,0|1,1|1,1|1,1|1,1|1,1|1,1|1,1|0,1|1,1|0,1|0,0|1,0|0,0|0,1|0,0|1,0|1,0|1,1|0,0|1,1|0,1|0,0|1,1|1
5,179831533,.,G,A,.,PASS,AC=1;AN=5096;DP=16731;AF=0;EAS_AF=0;EUR_AF=0;AFR_AF=0;AMR_AF=0;SAS_AF=0;VT=SNP;NS=2548,GT,0|0,0|0,0|0,0|0,0|0,0|0,0|0,0|0,0|0,0|0,0|0,0|0,0|0,0|0,0|0,0|0,0|0,0|0,0|0,0|0,0|0,0|0,0|0,0|1,0|0,0|0,0|0,0|0,0|0,0|0,0|0,0|0,0|0,0|0,0|0,0|0,0|0,0|0,0|0,0|0,0|0,0|0,0|0,0|0,0|0,0|0,0|0,0|0,0|0,0|0,0|0,0|0,0|0,0|0,0|0,0|0,0|0,0|0,0|0,0|0,0|0,0|0,0|0,0|0,0|0,0|0,0|0,0|0,0|0,0|0,0|0,0|0,0|0,0|0,0|0,0|0,0|0,0|0,0|0,0|0,0|0,0|0,0|0,0|0,0|0,0|0,0|0,0|0,0|0,0|0,0|0,0|0,0|0,0|0,0|0,0|0,0|0,0|0,0|0
5,179831622,.,G,A,.,PASS,AC=10;AN=5096;DP=17587;AF=0;EAS_AF=0;EUR_AF=0;AFR_AF=0;AMR_AF=0;SAS_AF=0.01;VT=SNP;NS=2548,GT,0|0,0|0,0|0,0|0,0|0,0|0,0|0,0|0,0|0,0|0,0|0,0|0,0|0,0|0,0|0,0|0,0|0,0|0,0|0,0|0,0|0,0|0,0|0,0|0,0|0,0|0,0|0,0|0,0|0,0|0,0|0,1|0,0|0,0|0,0|0,0|0,0|0,0|0,0|0,0|0,0|0,0|0,0|0,0|0,0|0,0|0,0|0,0|0,0|0,0|0,0|0,0|0,0|0,0|0,0|0,0|0,0|0,0|0,0|0,0|0,0|0,0|0,0|0,0|0,0|0,0|0,0|0,0|0,0|0,0|0,0|0,0|0,0|0,0|0,0|0,0|0,0|0,0|0,0|0,0|0,0|0,0|0,0|0,0|0,0|0,0|0,0|0,0|0,0|0,0|0,0|0,0|0,0|0,0|0,0|0,0|0,0|0,0|0,0|0
5,179831790,.,C,CT,.,PASS,AC=3035;AN=5096;DP=19251;AF=0.6;EAS_AF=0.75;EUR_AF=0.5;AFR_AF=0.49;AMR_AF=0.69;SAS_AF=0.61;VT=INDEL;NS=2548,GT,1|1,1|0,1|1,0|1,1|1,1|1,1|1,0|1,1|1,1|1,1|1,1|1,1|0,1|1,1|0,1|1,1|0,1|0,0|1,1|0,1|1,0|1,0|1,1|1,1|0,0|1,1|0,1|1,1|1,0|0,0|1,1|1,1|1,1|1,1|0,1|0,1|1,1|1,1|0,0|1,0|0,1|1,1|1,1|0,1|1,1|1,1|1,1|0,1|1,1|1,1|1,0|0,1|0,1|1,1|0,1|0,0|0,1|0,1|0,0|1,1|1,1|1,1|1,0|1,0|0,0|0,0|1,0|1,1|1,0|1,0|1,1|1,1|0,1|1,1|0,0|1,1|1,1|1,1|1,1|1,1|1,1|1,1|0,0|1,1|0,1|0,0|1,0|0,0|0,1|0,0|1,0|1,0|1,1|0,0|1,1|0,1|0,0|1,1|1
5,179831901,.,G,A,.,PASS,AC=3583;AN=5096;DP=16581;AF=0.7;EAS_AF=0.76;EUR_AF=0.51;AFR_AF=0.85;AMR_AF=0.74;SAS_AF=0.62;VT=SNP;NS=2548,GT,1|1,1|0,1|1,0|1,1|1,1|1,1|1,0|1,1|1,1|1,1|1,1|1,1|0,1|1,1|0,1|1,1|0,1|0,0|1,1|0,1|1,0|1,0|1,1|1,1|0,0|1,1|0,1|1,1|1,0|0,0|1,1|1,1|1,1|1,1|0,1|0,1|1,1|1,1|0,0|1,0|0,1|1,1|1,1|0,1|1,1|1,1|1,1|0,1|1,1|1,1|1,0|0,1|0,1|1,1|0,1|0,0|0,1|0,1|0,0|1,1|1,1|1,1|1,0|1,0|0,0|0,0|1,0|1,1|1,0|1,0|1,1|1,1|0,1|1,1|0,0|1,1|1,1|1,1|1,1|1,1|1,1|1,1|0,1|1,1|0,1|0,0|1,0|0,0|0,1|0,0|1,0|1,0|1,1|0,0|1,1|0,1|0,0|1,1|1
5,179832030,.,G,A,.,PASS,AC=3362;AN=5096;DP=21483;AF=0.66;EAS_AF=0.76;EUR_AF=0.53;AFR_AF=0.68;AMR_AF=0.73;SAS_AF=0.62;VT=SNP;NS=2548,GT,1|1,1|0,1|1,0|1,1|1,1|1,1|1,0|1,1|1,1|1,1|1,1|1,1|0,1|1,1|0,1|1,1|0,1|0,0|1,1|0,1|1,0|1,0|1,1|1,1|0,0|1,1|0,1|1,1|1,0|0,0|1,1|1,1|1,1|1,1|0,1|0,1|1,1|1,1|0,0|1,0|0,1|1,1|1,1|0,1|1,1|1,1|1,1|0,1|1,1|1,1|1,0|0,1|0,1|1,1|0,1|0,0|0,1|0,1|0,0|1,1|1,1|1,1|1,0|1,0|0,0|0,0|1,0|1,1|1,0|1,0|1,1|1,1|0,1|1,1|0,0|1,1|1,1|1,1|1,1|1,1|1,1|1,1|0,1|1,1|0,1|0,0|1,0|0,0|0,1|0,0|1,0|1,0|1,1|0,0|1,1|0,1|0,0|1,1|1
5,179832842,.,G,C,.,PASS,AC=3654;AN=5096;DP=37546;AF=0.72;EAS_AF=0.76;EUR_AF=0.51;AFR_AF=0.9;AMR_AF=0.73;SAS_AF=0.63;VT=SNP;NS=2548,GT,1|1,1|0,1|1,0|1,1|1,1|1,1|1,0|1,1|1,1|1,1|1,1|1,1|0,1|1,1|0,1|1,1|0,1|0,0|1,1|0,1|1,0|1,0|1,1|1,1|0,0|1,1|0,1|1,1|1,0|0,0|1,1|1,1|1,1|1,1|0,1|0,1|1,1|1,1|0,0|1,0|0,1|1,1|1,1|0,1|1,1|1,1|1,1|0,1|1,1|1,1|1,0|0,1|0,1|1,1|0,1|0,0|0,1|0,1|0,0|1,1|1,1|1,1|1,0|1,0|0,0|0,0|1,0|1,1|1,0|1,0|1,1|1,1|0,1|1,1|0,0|1,1|1,1|1,1|1,1|1,1|1,1|1,1|0,1|1,1|0,1|0,0|1,0|0,0|0,1|0,0|1,0|1,0|1,1|0,0|1,1|0,1|0,0|1,1|1
5,179832847,.,G,A,.,PASS,AC=1;AN=5096;DP=39875;AF=0;EAS_AF=0;EUR_AF=0;AFR_AF=0;AMR_AF=0;SAS_AF=0;VT=SNP;NS=2548,GT,0|0,0|0,0|0,0|0,0|0,0|0,0|0,0|0,0|0,0|0,0|0,0|0,0|0,0|0,0|0,0|0,0|0,0|0,0|0,0|0,0|0,0|0,0|0,0|0,0|0,0|0,0|0,0|0,0|0,0|0,0|0,0|0,0|0,0|0,0|0,0|0,0|0,0|0,0|0,0|0,0|0,0|0,0|0,0|0,0|0,0|0,0|0,0|0,0|0,0|0,0|0,0|0,0|0,0|0,0|0,0|0,0|0,0|0,0|0,0|0,0|0,0|0,0|0,0|0,0|0,0|0,0|0,0|0,0|0,0|0,0|0,0|0,1|0,0|0,0|0,0|0,0|0,0|0,0|0,0|0,0|0,0|0,0|0,0|0,0|0,0|0,0|0,0|0,0|0,0|0,0|0,0|0,0|0,0|0,0|0,0|0,0|0,0|0,0|0
5,179833009,.,G,A,.,PASS,AC=2048;AN=5096;DP=170445;AF=0.4;EAS_AF=0.6;EUR_AF=0.31;AFR_AF=0.21;AMR_AF=0.46;SAS_AF=0.51;EX_TARGET;VT=SNP;NS=2548,GT,1|1,1|0,0|1,0|0,1|1,1|1,1|0,0|0,0|1,0|1,1|1,1|1,1|0,1|0,1|0,1|1,1|0,1|0,0|0,1|0,1|1,0|1,0|1,1|1,0|0,0|1,1|0,1|0,1|1,0|0,0|1,1|1,1|1,0|0,1|0,1|0,0|1,1|1,1|0,0|1,0|0,0|1,1|1,1|0,0|1,1|1,1|1,1|0,1|0,0|1,1|0,0|0,0|0,1|1,1|0,1|0,0|0,1|0,1|0,0|1,0|1,1|1,0|1,0|1,0|0,0|0,0|0,0|0,1|1,0|1,0|1,1|1,1|0,1|1,1|0,0|1,1|0,0|1,1|0,1|1,1|1,0|1,1|0,1|1,1|0,1|0,0|1,0|0,0|0,1|0,0|0,0|1,0|1,1|0,0|1,0|0,0|0,0|1,1|1
5,179833096,.,A,G,.,PASS,AC=8;AN=5096;DP=213802;AF=0;EAS_AF=0.01;EUR_AF=0;AFR_AF=0;AMR_AF=0;SAS_AF=0;EX_TARGET;VT=SNP;NS=2548,GT,0|0,0|0,0|0,0|0,0|0,1|0,0|0,0|0,0|0,0|0,0|0,0|0,0|0,0|0,0|0,0|0,0|0,0|0,0|0,0|0,0|0,0|0,0|0,0|0,0|0,0|0,0|0,0|0,0|0,0|0,0|0,0|0,0|0,0|0,0|0,0|0,0|0,0|0,0|0,0|0,0|0,0|0,0|0,0|0,0|0,0|0,0|0,0|0,0|0,0|0,0|0,0|0,0|0,0|0,0|0,0|0,0|0,0|0,0|0,0|0,0|0,0|0,0|0,0|0,0|0,0|0,0|0,0|0,0|0,0|0,0|0,0|0,0|0,0|0,0|0,0|0,0|0,0|0,0|0,0|0,0|0,0|0,0|0,1|0,0|0,0|0,0|0,0|0,0|0,0|0,0|0,0|0,0|0,0|0,0|0,0|0,0|0,0|0,0|0
5,179833153,.,C,T,.,PASS,AC=3535;AN=5096;DP=132731;AF=0.69;EAS_AF=0.85;EUR_AF=0.51;AFR_AF=0.73;AMR_AF=0.73;SAS_AF=0.65;EX_TARGET;VT=SNP;NS=2548,GT,1|1,1|0,1|1,0|1,1|1,1|1,1|1,1|1,1|1,1|1,1|1,1|1,1|0,1|1,1|0,1|1,1|0,1|0,0|1,1|0,1|1,0|1,0|1,1|1,1|0,0|1,0|0,1|1,1|1,0|0,0|1,1|1,1|1,1|1,1|0,1|0,1|1,1|1,1|1,1|1,1|0,1|1,1|1,1|1,1|1,1|1,1|1,1|1,1|1,1|1,1|1,1|0,1|0,1|1,1|1,1|0,0|1,1|1,1|1,0|1,1|1,1|1,1|1,0|1,1|0,0|1,0|1,0|1,1|1,1|1,0|1,1|1,1|1,1|1,1|0,0|1,1|1,1|1,1|1,1|1,1|1,1|1,1|0,1|1,1|0,1|0,1|1,0|0,0|0,1|0,0|1,0|1,1|1,1|0,1|1,1|0,1|0,1|1,1|1
5,179833213,.,G,A,.,PASS,AC=2995;AN=5096;DP=77037;AF=0.59;EAS_AF=0.79;EUR_AF=0.51;AFR_AF=0.41;AMR_AF=0.69;SAS_AF=0.63;EX_TARGET;VT=SNP;NS=2548,GT,1|1,1|0,1|1,0|1,1|1,1|1,1|1,0|1,1|1,1|1,1|1,1|1,1|0,1|1,1|0,1|1,1|0,1|0,0|1,1|0,1|1,0|1,1|1,1|1,1|0,0|1,0|0,1|1,1|1,0|0,0|1,1|1,1|1,1|1,1|0,1|0,1|1,1|1,1|1,1|1,1|0,1|1,1|1,1|0,1|1,1|1,1|1,1|1,1|1,1|1,1|1,0|0,1|0,1|1,1|0,1|0,1|0,1|1,1|1,0|1,1|1,1|1,1|1,0|1,1|1,0|0,0|1,0|1,1|1,0|1,0|1,1|1,1|0,1|1,1|0,0|1,1|1,1|1,1|1,1|1,1|1,1|1,1|0,1|1,1|0,1|0,0|1,0|0,0|0,1|0,0|1,0|1,0|1,1|0,0|1,1|0,1|0,1|1,1|1
5,179833478,.,C,G,.,PASS,AC=763;AN=5096;DP=82927;AF=0.15;EAS_AF=0.25;EUR_AF=0.11;AFR_AF=0.08;AMR_AF=0.11;SAS_AF=0.2;VT=SNP;NS=2548,GT,1|0,0|0,0|1,0|0,1|0,1|0,0|0,0|0,0|0,0|0,1|0,0|1,1|0,1|0,0|0,1|0,1|0,0|1,0|0,0|0,1|1,1|0,0|0,0|0,0|0,0|0,0|0,0|0,0|0,0|0,0|1,0|1,0|0,0|0,0|0,1|0,0|1,0|1,0|0,0|1,0|0,0|0,0|0,0|0,0|0,1|0,0|1,1|0,1|0,0|1,1|0,0|1,0|0,0|0,0|0,0|0,0|0,1|0,1|0,0|0,0|0,0|1,0|1,0|0,0|0,0|0,0|0,0|1,0|0,0|0,0|0,0|1,0|0,0|1,1|1,0|0,1|0,0|0,0|0,0|0,1|1,0|1,1|0,1|0,0|0,1|0,0|0,0|0,0|1,0|0,0|0,0|0,0|0,1|0,0|1,0|0,1|0,0|0,0|1
5,179833494,.,G,A,.,PASS,AC=3278;AN=5096;DP=94236;AF=0.64;EAS_AF=0.79;EUR_AF=0.51;AFR_AF=0.61;AMR_AF=0.65;SAS_AF=0.67;VT=SNP;NS=2548,GT,1|1,1|0,1|1,1|1,1|1,1|1,0|1,0|1,1|1,1|1,1|1,1|1,0|1,1|1,1|0,1|1,0|0,1|1,0|1,1|0,1|1,1|1,1|1,1|1,1|1,1|0,1|1,1|1,0|1,1|1,0|0,1|1,1|0,1|1,1|0,0|0,1|1,1|1,1|0,0|1,0|0,1|1,1|1,1|1,1|1,1|1,1|1,1|0,1|1,1|1,1|1,0|0,1|0,1|1,1|1,1|0,0|0,1|0,1|0,1|1,1|1,0|1,1|1,1|1,0|1,0|0,0|1,1|1,0|1,1|1,1|1,1|0,1|1,0|0,1|0,1|1,1|1,1|1,0|1,0|1,1|1,1|0,1|1,1|1,1|0,0|0,0|1,0|0,0|1,0|0,1|1,0|1,0|1,1|0,0|1,1|1,1|1,0|1,1|1
5,179833528,.,T,C,.,PASS,AC=973;AN=5096;DP=124624;AF=0.19;EAS_AF=0.11;EUR_AF=0.09;AFR_AF=0.46;AMR_AF=0.16;SAS_AF=0.04;VT=SNP;NS=2548,GT,0|0,0|0,0|0,0|0,0|0,0|0,0|0,0|0,0|1,0|0,0|0,0|0,0|0,0|0,0|0,0|1,0|0,0|0,0|0,0|0,0|0,0|0,0|0,0|1,0|0,0|0,0|0,0|0,1|0,0|0,0|0,0|0,0|0,0|0,1|0,0|0,0|0,0|0,0|0,0|0,0|0,0|1,0|0,0|0,0|0,0|0,0|0,0|0,0|0,0|0,0|0,0|0,0|0,1|0,0|0,0|0,0|0,0|0,0|0,0|0,0|0,1|0,0|0,0|1,0|0,0|0,0|0,0|0,0|0,0|1,0|1,0|0,1|0,0|0,0|0,0|0,0|0,0|1,1|0,0|0,0|0,0|0,0|0,0|1,1|0,0|0,0|0,0|0,0|0,0|0,0|0,0|1,0|0,0|0,0|0,0|0,0|0,0|0,0|0
5,179833791,.,A,G,.,PASS,AC=4;AN=5096;DP=186641;AF=0;EAS_AF=0;EUR_AF=0;AFR_AF=0;AMR_AF=0;SAS_AF=0;EX_TARGET;VT=SNP;NS=2548,GT,0|0,0|0,0|0,0|0,0|0,0|0,0|0,0|0,0|0,0|0,0|0,0|0,0|0,0|0,0|0,0|0,0|0,0|0,0|0,0|0,0|0,0|0,0|0,0|0,0|0,0|0,0|0,0|0,0|0,0|0,0|0,0|0,0|0,0|0,0|0,0|0,0|0,0|0,0|0,0|0,0|0,0|0,0|0,0|0,0|0,0|0,0|0,0|0,0|0,0|0,0|0,0|0,0|0,0|0,0|0,0|0,0|0,0|0,0|0,0|0,0|0,0|0,0|0,0|0,0|0,0|0,0|0,0|0,0|0,0|0,0|0,0|0,0|0,0|0,0|0,0|0,0|0,0|0,0|0,0|0,0|0,0|1,0|0,0|0,0|0,0|0,0|0,0|0,0|0,0|0,0|0,0|0,0|0,0|0,0|0,0|0,0|0,0|0,0|0
5,179834001,.,G,A,.,PASS,AC=3670;AN=5096;DP=28224;AF=0.72;EAS_AF=0.75;EUR_AF=0.51;AFR_AF=0.92;AMR_AF=0.74;SAS_AF=0.62;VT=SNP;NS=2548,GT,1|1,1|0,1|1,0|1,1|1,1|1,1|1,0|1,1|1,1|1,1|1,1|1,1|0,1|1,1|0,1|1,1|0,1|0,0|1,1|0,1|1,0|1,0|1,1|1,1|0,0|1,1|0,1|1,1|1,0|0,0|1,1|1,1|1,1|1,1|0,1|0,1|1,1|1,1|0,0|1,0|0,1|1,1|1,1|0,1|1,1|1,1|1,1|0,1|1,1|1,1|1,0|0,1|0,1|1,1|0,1|0,0|0,1|0,1|0,0|1,1|1,1|1,1|1,0|1,0|0,0|0,0|1,0|1,1|1,0|1,0|1,1|1,1|0,1|1,1|0,0|1,1|1,1|1,1|1,1|1,1|0,1|1,1|0,1|1,1|0,1|0,0|0,0|0,0|0,1|0,0|1,0|1,0|1,1|0,0|1,1|0,1|0,0|1,1|1
5,179834027,.,A,G,.,PASS,AC=538;AN=5096;DP=23096;AF=0.11;EAS_AF=0.13;EUR_AF=0.17;AFR_AF=0.03;AMR_AF=0.09;SAS_AF=0.13;VT=SNP;NS=2548,GT,0|0,0|0,0|0,0|0,0|0,0|0,0|0,1|0,0|0,0|0,0|0,0|0,0|0,0|0,0|1,0|0,0|1,0|1,0|0,0|1,0|0,0|0,0|0,0|0,0|1,0|0,0|0,0|0,0|0,1|0,1|0,0|0,0|0,0|0,0|0,0|0,0|0,0|0,0|1,1|0,1|1,0|0,0|0,0|0,0|0,0|0,0|0,0|1,0|0,0|0,0|0,1|0,0|0,0|0,0|1,0|0,1|1,0|1,0|1,0|0,0|0,0|0,0|0,0|0,1|1,1|1,1|0,0|0,0|0,0|0,0|0,0|0,0|0,0|0,0|1,1|0,0|0,0|0,0|0,0|0,0|0,0|0,0|0,0|0,0|1,0|0,1|0,1|1,0|1,0|1,0|0,0|0,1|0,0|1,1|0,0|0,0|0,1|0,0|0
5,179834156,.,A,G,.,PASS,AC=604;AN=5096;DP=8599;AF=0.12;EAS_AF=0.08;EUR_AF=0.01;AFR_AF=0.33;AMR_AF=0.09;SAS_AF=0.01;VT=SNP;NS=2548,GT,0|0,0|0,0|0,0|0,0|0,0|0,0|0,0|0,0|1,0|0,0|0,0|0,0|0,0|0,0|0,0|1,0|0,0|0,0|0,0|0,0|0,0|0,0|0,0|1,0|0,0|0,0|0,0|0,1|0,0|0,0|0,0|0,0|0,0|0,0|0,0|0,0|0,0|0,0|0,0|0,0|0,0|0,0|0,0|0,0|0,0|0,0|0,0|0,0|0,0|0,0|0,0|0,0|0,1|0,0|0,0|0,0|0,0|0,0|0,0|0,0|0,1|0,0|0,0|1,0|0,0|0,0|0,0|0,0|0,0|1,0|0,0|0,1|0,0|0,0|0,0|0,0|0,0|0,1|0,0|0,0|0,0|0,0|0,0|0,1|0,0|0,0|0,0|0,0|0,0|0,0|0,0|0,0|0,0|0,0|0,0|0,0|0,0|0,0|0
5,179834236,.,T,G,.,PASS,AC=32;AN=5096;DP=5839;AF=0.01;EAS_AF=0;EUR_AF=0.01;AFR_AF=0.01;AMR_AF=0.01;SAS_AF=0.01;VT=SNP;NS=2548,GT,0|0,0|0,0|0,0|0,0|0,0|0,0|0,0|0,0|0,0|0,0|0,0|0,0|0,0|0,0|0,0|0,0|0,0|0,0|0,0|0,0|0,0|0,0|0,0|0,0|0,0|0,0|0,0|0,0|1,0|0,0|0,0|0,0|0,0|0,0|0,0|0,0|0,0|0,0|0,0|0,0|0,0|0,0|0,0|0,0|0,0|0,0|0,0|0,0|0,0|0,0|0,0|0,0|0,0|0,0|0,0|0,0|0,0|0,0|0,0|0,0|0,0|0,0|0,0|0,0|0,0|0,0|0,0|0,0|0,0|0,0|0,0|0,0|0,0|0,0|0,0|0,0|0,0|0,0|0,0|0,0|0,0|0,0|0,0|0,0|0,0|0,0|0,0|0,0|0,0|0,0|0,0|0,0|0,0|0,0|0,0|0,0|0,0|0,0|0
5,179834242,.,GGT,G,.,PASS,AC=1892;AN=5096;DP=6447;AF=0.37;EAS_AF=0.21;EUR_AF=0.41;AFR_AF=0.53;AMR_AF=0.27;SAS_AF=0.35;VT=INDEL;NS=2548,GT,0|0,0|1,0|0,1|0,0|0,0|0,0|0,1|0,0|0,0|0,0|1,0|1,0|1,1|0,0|1,0|0,0|0,0|1,1|0,0|1,0|0,1|0,1|0,0|0,0|1,1|0,0|1,0|0,0|1,1|1,1|0,0|0,0|0,0|0,0|0,0|0,0|0,0|0,0|1,1|0,1|1,0|0,0|0,0|1,0|0,0|0,0|0,0|1,0|0,0|0,0|0,1|1,0|1,0|0,0|1,1|0,1|1,0|1,0|0,1|0,0|0,0|0,0|0,1|0,0|1,1|1,1|0,1|0,0|0,1|0,1|0,0|0,0|0,0|0,0|0,1|0,0|0,0|0,0|0,0|0,0|0,0|0,0|0,0|0,0|1,0|0,1|0,1|1,0|1,0|1,0|0,0|0,1|0,0|0,1|0,0|1,0|1,1|0,0|0
5,179834244,.,T,G,.,PASS,AC=2049;AN=5096;DP=6306;AF=0.4;EAS_AF=0.26;EUR_AF=0.44;AFR_AF=0.55;AMR_AF=0.3;SAS_AF=0.38;VT=SNP;NS=2548,GT,0|1,0|1,0|0,1|0,0|0,0|0,0|0,1|0,0|0,0|0,0|1,1|1,0|1,1|0,0|1,0|0,1|1,0|1,1|0,0|1,0|0,1|0,1|0,0|0,0|1,1|0,0|1,0|0,0|1,1|1,1|1,0|0,1|0,0|0,0|0,1|0,0|0,0|0,0|1,1|0,1|1,0|0,0|1,0|1,0|0,0|1,0|0,0|1,1|0,0|0,0|0,1|1,0|1,0|0,0|1,1|0,1|1,0|1,0|0,1|0,0|0,0|0,0|0,1|0,0|1,0|1,1|0,1|0,0|1,1|0,1|0,1|1,0|0,0|0,0|0,1|0,0|0,0|0,0|0,0|0,0|0,0|0,0|0,0|0,0|1,1|0,1|0,1|1,0|1,0|1,0|0,0|0,1|0,0|0,1|0,0|1,0|1,1|1,1|0
5,179834251,.,T,G,.,PASS,AC=1001;AN=5096;DP=5739;AF=0.2;EAS_AF=0.17;EUR_AF=0.23;AFR_AF=0.2;AMR_AF=0.14;SAS_AF=0.24;VT=SNP;NS=2548,GT,0|1,0|1,0|0,0|0,0|0,0|0,0|0,0|0,0|0,0|0,0|1,1|1,0|1,1|0,0|1,0|0,1|0,0|0,0|0,0|1,0|0,0|0,0|0,0|0,0|0,1|0,0|1,0|0,0|1,1|0,1|1,0|0,1|0,0|0,0|0,1|0,0|0,0|0,0|0,0|0,0|0,0|0,0|1,0|1,0|0,0|1,0|0,0|0,1|0,0|0,0|0,0|1,0|0,0|0,0|0,1|0,0|0,0|0,0|0,0|0,0|0,0|0,0|0,1|0,0|0,0|1,1|0,1|0,0|1,0|0,1|0,1|1,0|0,0|0,0|0,1|0,0|0,0|0,0|0,0|0,0|0,0|0,0|0,0|0,0|1,1|0,0|0,1|1,0|0,0|1,0|0,0|0,0|0,0|0,0|0,0|0,0|1,0|1,1|0
5,179835001,.,A,C,.,PASS,AC=5;AN=5096;DP=14174;AF=0;EAS_AF=0;EUR_AF=0;AFR_AF=0;AMR_AF=0;SAS_AF=0;VT=SNP;NS=2548,GT,0|0,0|0,0|0,0|0,0|0,0|0,0|0,0|0,0|0,0|0,0|0,0|0,0|0,0|0,0|0,0|0,0|0,0|0,0|0,0|0,0|0,0|0,0|0,0|0,0|0,0|0,0|0,0|0,0|0,0|0,0|0,0|0,0|0,0|0,0|0,0|0,0|0,0|0,1|0,0|0,0|0,0|0,0|0,0|0,0|0,0|0,0|0,0|0,0|0,0|0,0|0,0|0,0|0,0|0,0|0,0|0,0|0,0|0,0|0,0|0,0|0,0|0,0|0,0|0,0|0,0|0,0|0,0|0,0|0,0|0,1|0,0|0,0|0,0|0,0|0,0|0,0|0,0|0,0|0,0|0,0|0,0|0,0|0,0|0,0|0,0|0,0|0,0|0,0|0,0|0,0|0,0|0,0|0,0|0,0|0,0|0,0|0,0|0,0|0
5,179835006,.,G,A,.,PASS,AC=39;AN=5096;DP=14188;AF=0.01;EAS_AF=0;EUR_AF=0;AFR_AF=0;AMR_AF=0.01;SAS_AF=0.03;VT=SNP;NS=2548,GT,0|0,0|0,0|0,0|0,0|0,0|0,0|0,0|0,0|0,0|0,0|0,0|0,0|0,0|0,0|0,0|0,0|0,0|0,0|0,0|0,0|0,0|0,0|0,0|0,0|0,0|0,0|0,0|0,0|0,0|0,0|0,0|0,0|0,0|0,0|0,0|0,0|0,0|0,1|0,0|0,0|0,0|0,0|0,0|0,0|0,0|0,0|0,0|0,0|0,0|0,0|0,0|0,0|0,0|0,0|0,0|0,0|0,0|0,0|0,0|0,0|0,0|0,0|0,0|0,0|0,0|0,0|0,0|0,0|0,0|0,0|0,0|0,0|0,0|0,0|0,0|0,0|0,0|0,0|0,0|0,0|0,0|0,0|0,0|0,0|0,0|0,0|0,0|0,0|0,0|0,0|0,0|0,0|0,0|0,0|0,0|0,0|0,0|0,0|0
5,179835055,.,G,A,.,PASS,AC=27;AN=5096;DP=14609;AF=0.01;EAS_AF=0;EUR_AF=0;AFR_AF=0;AMR_AF=0;SAS_AF=0.03;VT=SNP;NS=2548,GT,0|0,0|0,0|0,0|0,0|0,0|0,0|0,0|0,0|0,0|0,0|0,0|0,0|0,0|0,0|0,0|0,0|0,0|0,0|0,0|0,0|0,0|0,0|0,0|0,0|0,0|0,0|0,0|0,0|0,0|0,0|0,0|0,0|0,0|0,1|0,0|0,0|0,0|0,0|0,0|0,0|0,0|0,0|0,0|0,0|0,0|0,0|0,0|0,0|0,0|0,0|0,0|0,0|0,0|0,0|0,0|0,0|0,0|0,0|0,0|0,0|0,0|0,0|0,0|0,0|0,0|0,0|0,0|0,0|0,0|0,0|0,0|0,0|0,0|0,0|0,0|0,0|0,0|0,0|0,0|0,0|0,0|0,0|0,0|0,0|0,0|0,0|0,0|0,0|0,0|0,0|0,0|0,0|0,0|0,0|0,0|0,0|0,0|0,0|0
5,179835092,.,C,G,.,PASS,AC=1;AN=5096;DP=14918;AF=0;EAS_AF=0;EUR_AF=0;AFR_AF=0;AMR_AF=0;SAS_AF=0;VT=SNP;NS=2548,GT,0|0,0|0,0|0,0|0,0|0,0|0,0|0,0|0,0|0,0|0,0|0,0|0,0|0,0|0,0|0,0|0,0|0,0|0,0|0,0|0,0|0,0|0,0|0,0|0,0|0,0|0,0|0,0|0,0|0,0|0,0|0,0|0,0|0,0|0,1|0,0|0,0|0,0|0,0|0,0|0,0|0,0|0,0|0,0|0,0|0,0|0,0|0,0|0,0|0,0|0,0|0,0|0,0|0,0|0,0|0,0|0,0|0,0|0,0|0,0|0,0|0,0|0,0|0,0|0,0|0,0|0,0|0,0|0,0|0,0|0,0|0,0|0,0|0,0|0,0|0,0|0,0|0,0|0,0|0,0|0,0|0,0|0,0|0,0|0,0|0,0|0,0|0,0|0,0|0,0|0,0|0,0|0,0|0,0|0,0|0,0|0,0|0,0|0,0|0
5,179835108,.,C,T,.,PASS,AC=3346;AN=5096;DP=14831;AF=0.66;EAS_AF=0.76;EUR_AF=0.47;AFR_AF=0.73;AMR_AF=0.71;SAS_AF=0.61;VT=SNP;NS=2548,GT,1|1,1|0,1|1,0|1,1|1,1|1,1|1,0|1,1|1,1|1,1|1,1|1,1|0,1|1,1|0,1|1,1|0,1|0,0|1,1|0,1|1,0|1,0|1,1|1,1|0,0|1,1|0,1|1,1|1,0|0,0|1,1|1,1|1,1|1,1|0,1|0,1|1,1|1,1|0,0|1,0|0,1|1,1|1,1|0,1|1,1|1,1|1,1|0,1|1,1|1,1|1,0|0,1|0,1|1,1|0,1|0,0|0,1|0,1|0,0|1,1|1,1|1,1|1,0|1,0|0,0|0,0|1,0|1,1|1,0|1,0|1,1|1,1|0,1|1,1|0,0|1,1|1,1|1,1|1,1|1,1|1,1|1,1|0,1|1,1|0,1|0,0|1,0|0,0|0,1|0,0|1,0|1,0|1,1|0,0|1,1|0,1|0,0|1,1|1
5,179835132,.,G,A,.,PASS,AC=2638;AN=5096;DP=14741;AF=0.52;EAS_AF=0.76;EUR_AF=0.42;AFR_AF=0.3;AMR_AF=0.63;SAS_AF=0.59;VT=SNP;NS=2548,GT,1|1,1|0,1|1,0|1,1|1,1|1,1|1,0|1,1|1,1|1,1|1,1|1,1|0,1|1,1|0,1|1,1|0,1|0,0|1,1|0,1|1,0|1,0|1,1|1,1|0,0|1,1|0,1|1,1|1,0|0,0|1,1|1,1|1,1|1,1|0,1|0,1|1,1|1,1|0,0|1,0|0,1|1,1|1,1|0,1|1,1|1,1|1,1|0,1|1,1|1,1|1,0|0,1|0,1|1,1|0,1|0,0|0,1|0,1|0,0|1,1|1,1|1,1|1,0|1,0|0,0|0,0|1,0|1,1|1,0|1,0|1,1|1,1|0,1|1,1|0,0|1,1|1,1|1,1|1,1|1,1|1,1|1,1|0,1|1,1|0,1|0,0|1,0|0,0|0,1|0,0|1,0|1,0|1,1|0,0|1,1|0,1|0,0|1,1|1
5,179835335,.,A,G,.,PASS,AC=3616;AN=5096;DP=15698;AF=0.71;EAS_AF=0.76;EUR_AF=0.51;AFR_AF=0.88;AMR_AF=0.73;SAS_AF=0.62;VT=SNP;NS=2548,GT,1|1,1|0,1|1,0|1,1|1,1|1,1|1,0|1,1|1,1|1,1|1,1|1,1|0,1|1,1|0,1|1,1|0,1|0,0|1,1|0,1|1,0|1,0|1,1|1,1|0,0|1,1|0,1|1,1|1,0|0,0|1,1|1,1|1,1|1,1|0,1|0,1|1,1|1,1|0,0|1,0|0,1|1,1|1,1|0,1|1,1|1,1|1,1|0,1|1,1|1,1|1,0|0,1|0,1|1,1|0,1|0,0|0,1|0,1|0,0|1,1|1,1|1,1|1,0|1,0|0,0|0,0|1,0|1,1|1,0|1,0|1,1|1,1|0,1|1,1|0,0|1,1|1,1|1,1|1,1|1,1|1,1|1,1|0,1|1,1|0,1|0,0|1,0|0,0|0,1|0,0|1,0|1,0|1,1|0,0|1,1|0,1|0,0|1,1|1
5,179835623,.,C,T,.,PASS,AC=2;AN=5096;DP=23170;AF=0;EAS_AF=0;EUR_AF=0;AFR_AF=0;AMR_AF=0;SAS_AF=0;VT=SNP;NS=2548,GT,0|0,0|0,0|0,0|0,0|0,0|0,0|0,0|0,0|0,0|0,0|0,0|0,0|0,0|0,0|0,0|0,0|0,0|0,0|0,0|0,0|0,0|0,0|0,0|0,0|0,0|0,0|0,0|0,0|0,0|0,0|0,0|0,0|0,0|0,0|0,0|0,0|0,0|0,0|0,0|0,0|0,0|0,0|0,0|0,0|0,0|0,0|0,0|0,0|0,0|0,0|0,0|0,0|0,0|0,0|0,0|0,0|0,0|0,0|0,0|0,0|0,0|0,0|0,0|1,0|0,0|0,0|0,0|0,0|0,0|0,0|0,0|0,0|0,0|0,0|0,0|0,0|0,0|0,0|0,0|0,0|0,0|0,0|0,0|0,0|0,0|0,0|0,0|0,0|0,0|0,0|0,0|0,0|0,0|0,0|0,0|0,0|0,0|0,0|0
5,179835675,.,GGAGAAA,G,.,PASS,AC=2748;AN=5096;DP=22277;AF=0.54;EAS_AF=0.76;EUR_AF=0.43;AFR_AF=0.37;AMR_AF=0.63;SAS_AF=0.59;VT=INDEL;NS=2548,GT,1|1,1|0,1|1,0|1,1|1,1|1,1|1,0|1,1|1,1|1,1|1,1|1,1|0,1|1,1|0,1|1,1|0,1|0,0|1,1|0,1|1,0|1,0|1,1|1,1|0,0|1,1|0,1|1,1|1,0|0,0|1,1|1,1|1,1|1,1|0,1|0,1|1,1|1,1|0,0|1,0|0,1|1,1|1,1|0,1|1,1|1,1|1,1|0,1|1,1|1,1|1,0|0,1|0,1|1,1|0,1|0,0|0,1|0,1|0,0|1,1|1,1|1,1|1,0|1,0|0,0|0,0|1,0|1,1|1,0|1,0|1,1|1,1|0,1|1,1|0,0|1,1|1,1|1,1|1,1|1,1|1,1|1,1|0,1|1,1|0,1|0,0|1,0|0,0|0,1|0,0|1,0|1,0|1,1|0,0|1,1|0,1|0,0|1,1|1
5,179835679,.,A,G,.,PASS,AC=1714;AN=5096;DP=20858;AF=0.34;EAS_AF=0.24;EUR_AF=0.16;AFR_AF=0.63;AMR_AF=0.33;SAS_AF=0.21;VT=SNP;NS=2548,GT,1|1,0|0,1|0,0|0,0|0,1|0,0|0,0|0,1|1,1|0,0|0,1|0,0|0,0|1,0|0,0|1,0|0,0|0,0|0,0|0,0|0,0|0,0|0,0|1,0|0,0|0,0|0,1|0,1|1,0|0,0|0,1|1,1|0,1|1,0|0,0|0,1|0,0|0,1|0,0|0,0|0,1|1,0|1,0|0,0|0,0|1,1|1,0|0,1|0,0|0,0|1,0|0,0|0,1|0,0|0,0|0,0|0,0|0,0|0,0|0,0|0,1|0,0|0,0|1,0|0,0|0,0|1,0|0,0|1,0|0,0|0,1|0,0|0,0|1,0|0,0|0,1|1,0|0,1|0,0|1,0|0,0|0,0|0,1|1,0|0,0|0,0|0,0|0,0|0,0|0,0|0,0|1,0|0,0|0,0|0,0|0,0|0,0|1,1|0
5,179835680,.,A,G,.,PASS,AC=1714;AN=5096;DP=20762;AF=0.34;EAS_AF=0.24;EUR_AF=0.16;AFR_AF=0.63;AMR_AF=0.33;SAS_AF=0.21;VT=SNP;NS=2548,GT,1|1,0|0,1|0,0|0,0|0,1|0,0|0,0|0,1|1,1|0,0|0,1|0,0|0,0|1,0|0,0|1,0|0,0|0,0|0,0|0,0|0,0|0,0|0,0|1,0|0,0|0,0|0,1|0,1|1,0|0,0|0,1|1,1|0,1|1,0|0,0|0,1|0,0|0,1|0,0|0,0|0,1|1,0|1,0|0,0|0,0|1,1|1,0|0,1|0,0|0,0|1,0|0,0|0,1|0,0|0,0|0,0|0,0|0,0|0,0|0,0|0,1|0,0|0,0|1,0|0,0|0,0|1,0|0,0|1,0|0,0|0,1|0,0|0,0|1,0|0,0|0,1|1,0|0,1|0,0|1,0|0,0|0,0|0,1|1,0|0,0|0,0|0,0|0,0|0,0|0,0|0,0|1,0|0,0|0,0|0,0|0,0|0,0|1,1|0
5,179835733,.,A,G,.,PASS,AC=3355;AN=5096;DP=25722;AF=0.66;EAS_AF=0.76;EUR_AF=0.47;AFR_AF=0.73;AMR_AF=0.71;SAS_AF=0.61;VT=SNP;NS=2548,GT,1|1,1|0,1|1,0|1,1|1,1|1,1|1,0|1,1|1,1|1,1|1,1|1,1|0,1|1,1|0,1|1,1|0,1|0,0|1,1|0,1|1,0|1,0|1,1|1,1|0,0|1,1|0,1|1,1|1,0|0,0|1,1|1,1|1,1|1,1|0,1|0,1|1,1|1,1|0,0|1,0|0,1|1,1|1,1|0,1|1,1|1,1|1,1|0,1|1,1|1,1|1,0|0,1|0,1|1,1|0,1|0,0|0,1|0,1|0,0|1,1|1,1|1,1|1,0|1,0|0,0|0,0|1,0|1,1|1,0|1,0|1,1|1,1|0,1|1,1|0,0|1,1|1,1|1,1|1,1|1,1|1,1|1,1|0,1|1,1|0,1|0,0|1,0|0,0|0,1|0,0|1,0|1,0|1,1|0,0|1,1|0,1|0,0|1,1|1
5,179835741,.,C,T,.,PASS,AC=69;AN=5096;DP=26157;AF=0.01;EAS_AF=0.06;EUR_AF=0;AFR_AF=0;AMR_AF=0;SAS_AF=0.01;VT=SNP;NS=2548,GT,0|0,0|0,0|0,1|0,0|0,0|0,0|0,0|0,0|0,0|0,0|0,0|0,0|1,0|0,0|0,0|0,0|0,0|0,1|0,0|0,0|0,0|0,0|0,0|0,0|0,1|0,0|1,0|0,0|0,0|0,0|0,0|0,0|0,0|0,0|0,0|0,0|0,0|0,0|0,0|0,0|0,0|0,0|0,0|1,0|0,0|0,0|0,0|0,0|0,0|0,0|0,0|0,0|0,0|0,0|0,0|0,0|0,0|0,0|0,0|0,0|0,0|0,0|0,1|0,0|0,0|0,0|0,1|0,0|0,1|0,1|0,0|0,0|1,0|0,0|0,0|0,0|0,0|0,0|0,0|0,0|0,0|0,0|1,0|0,0|0,0|1,0|0,0|0,1|0,0|0,1|0,1|0,0|0,0|0,0|0,0|1,0|1,0|0,0|0
5,179835744,.,A,C,.,PASS,AC=2;AN=5096;DP=26519;AF=0;EAS_AF=0;EUR_AF=0;AFR_AF=0;AMR_AF=0;SAS_AF=0;VT=SNP;NS=2548,GT,0|0,0|0,0|0,0|0,0|0,0|0,0|0,0|0,0|0,0|0,0|0,0|0,0|0,0|0,0|0,0|0,0|0,0|0,0|0,0|0,0|0,0|0,0|0,0|0,0|0,0|0,0|0,0|0,0|0,0|0,0|0,0|0,0|0,0|0,0|0,0|0,0|0,1|0,0|0,0|0,0|0,0|0,0|0,0|0,0|0,0|0,0|0,0|0,0|0,0|0,0|0,0|0,0|0,0|0,0|0,0|0,0|0,0|0,0|0,0|0,0|0,0|0,0|0,0|0,0|0,0|0,0|0,0|0,0|0,0|0,0|0,0|0,0|0,0|0,0|0,0|0,0|0,0|0,0|0,0|0,0|0,0|0,0|0,0|0,0|0,0|0,0|0,0|0,0|0,0|0,0|0,0|0,0|0,0|0,0|0,0|0,0|0,0|0,0|0
5,179836198,.,C,G,.,PASS,AC=1;AN=5096;DP=50701;AF=0;EAS_AF=0;EUR_AF=0;AFR_AF=0;AMR_AF=0;SAS_AF=0;VT=SNP;NS=2548,GT,0|0,0|0,0|0,0|0,0|0,0|0,0|0,0|0,0|0,0|0,0|0,0|0,0|0,0|0,0|0,0|0,0|0,0|0,0|0,0|0,0|0,0|0,0|0,0|0,0|0,0|0,0|0,0|0,0|0,0|0,0|0,0|0,0|0,0|0,0|0,0|0,0|0,0|0,0|0,0|0,0|0,0|0,0|0,0|0,0|0,0|0,0|0,0|0,0|0,0|0,0|0,0|0,0|0,0|0,0|0,0|0,0|0,0|0,0|0,0|0,0|0,0|0,0|0,0|0,0|0,0|0,0|0,0|0,0|0,0|0,0|0,0|0,0|0,1|0,0|0,0|0,0|0,0|0,0|0,0|0,0|0,0|0,0|0,0|0,0|0,0|0,0|0,0|0,0|0,0|0,0|0,0|0,0|0,0|0,0|0,0|0,0|0,0|0,0|0
5,179836380,.,C,T,.,PASS,AC=2;AN=5096;DP=257568;AF=0;EAS_AF=0;EUR_AF=0;AFR_AF=0;AMR_AF=0;SAS_AF=0;EX_TARGET;VT=SNP;NS=2548,GT,0|0,0|0,0|0,0|0,0|0,0|0,0|0,0|0,0|0,0|0,0|0,0|0,0|0,0|0,0|0,0|0,0|0,0|0,0|0,0|0,0|0,0|0,0|0,0|0,0|0,0|0,0|0,0|0,0|0,0|0,0|0,0|0,0|0,1|0,0|0,0|0,0|0,0|0,0|0,0|0,0|0,0|0,0|0,0|0,0|0,0|0,0|0,0|0,0|0,0|0,0|0,0|0,0|0,0|0,0|0,0|0,0|0,0|0,0|0,0|0,0|0,0|0,0|0,0|0,0|0,0|0,0|0,0|0,0|0,0|0,0|0,0|0,0|0,0|0,0|0,0|0,0|0,0|0,0|0,0|0,0|0,0|0,0|0,0|0,0|0,0|0,0|0,0|0,0|0,0|0,0|0,0|0,0|0,0|0,0|0,0|0,0|0,0|0,0|0
5,179836446,.,G,A,.,PASS,AC=18;AN=5096;DP=363519;AF=0;EAS_AF=0.02;EUR_AF=0;AFR_AF=0;AMR_AF=0;SAS_AF=0;EX_TARGET;VT=SNP;NS=2548,GT,0|0,0|0,0|0,0|0,0|0,0|0,0|0,0|0,0|0,0|0,0|0,0|0,0|0,0|0,0|0,0|0,0|0,0|0,0|0,0|0,0|0,1|0,0|0,0|0,0|0,0|0,0|0,0|0,0|0,0|0,0|0,0|0,0|0,0|0,0|0,0|0,0|0,0|0,0|0,0|0,0|0,0|0,0|0,0|0,0|0,0|0,0|0,0|0,0|0,0|0,0|0,0|0,0|0,0|0,0|0,0|0,0|0,0|0,0|0,0|0,0|0,0|0,0|0,0|0,0|0,0|0,0|0,0|0,0|0,0|0,0|0,0|0,0|0,0|0,0|0,0|0,0|0,0|0,0|0,0|0,0|0,0|0,0|0,0|0,0|0,0|0,0|0,0|0,0|0,0|0,0|0,0|0,0|0,0|0,0|0,0|0,0|0,0|0,0|0
5,179836448,.,G,A,.,PASS,AC=2;AN=5096;DP=369493;AF=0;EAS_AF=0;EUR_AF=0;AFR_AF=0;AMR_AF=0;SAS_AF=0;EX_TARGET;VT=SNP;NS=2548,GT,0|0,0|0,0|0,0|0,0|0,0|0,0|0,0|0,0|0,0|0,0|0,0|0,0|0,0|0,0|0,0|0,0|0,0|0,0|0,0|0,0|0,0|0,0|0,0|0,0|0,0|0,0|0,0|0,0|0,0|0,0|0,0|0,0|0,0|0,0|0,0|0,0|0,0|0,0|0,0|0,0|0,0|0,0|0,0|0,0|0,0|0,0|0,0|0,0|0,0|0,0|0,0|0,0|0,0|0,0|0,0|0,0|0,0|0,0|0,0|0,0|0,0|0,0|0,0|0,0|0,0|0,0|0,0|0,0|0,0|0,0|0,0|0,0|0,0|0,0|0,0|0,0|0,0|0,0|0,0|0,0|0,0|0,0|0,1|0,0|0,0|0,0|0,0|0,0|0,0|0,0|0,0|0,0|0,0|0,0|0,0|0,0|0,0|0,0|0
5,179836515,.,G,A,.,PASS,AC=14;AN=5096;DP=433952;AF=0;EAS_AF=0.01;EUR_AF=0;AFR_AF=0;AMR_AF=0;SAS_AF=0;EX_TARGET;VT=SNP;NS=2548,GT,0|0,0|0,0|0,0|0,0|0,0|0,0|0,0|0,0|0,0|0,0|0,0|0,0|0,0|0,0|0,0|0,0|0,0|0,0|0,0|0,0|0,0|0,0|0,0|0,1|0,0|0,0|0,0|1,0|0,0|0,0|0,0|0,0|0,0|0,0|0,0|0,0|0,0|0,0|0,0|0,0|0,0|0,0|0,0|0,0|0,0|0,0|0,0|0,0|0,0|0,0|0,0|0,0|0,0|0,0|0,0|0,0|0,0|0,0|0,0|0,0|0,0|0,0|0,0|0,0|0,0|0,0|1,0|0,0|0,0|0,0|0,0|0,0|0,0|0,0|0,0|0,0|0,0|0,0|0,0|0,0|0,0|0,0|0,0|0,0|0,0|0,0|0,0|0,0|0,0|0,0|0,0|0,0|0,0|0,0|0,0|0,0|0,0|0,0|0
5,179837646,.,T,C,.,PASS,AC=2;AN=5096;DP=281321;AF=0;EAS_AF=0;EUR_AF=0;AFR_AF=0;AMR_AF=0;SAS_AF=0;EX_TARGET;VT=SNP;NS=2548,GT,0|0,0|0,0|0,0|0,0|0,0|0,0|0,0|0,0|0,0|0,0|0,0|0,0|0,0|0,0|0,0|0,0|0,0|0,0|0,0|0,0|0,0|0,0|0,0|0,0|0,0|0,0|0,0|0,0|0,0|0,0|0,0|0,0|0,0|0,0|0,0|0,0|0,1|0,0|0,0|0,0|0,0|0,0|0,0|0,0|0,0|0,0|0,0|0,0|0,0|0,0|0,0|0,0|0,0|0,0|0,0|0,0|0,0|0,0|0,0|0,0|0,0|0,0|0,0|0,0|0,0|0,0|0,0|0,0|0,0|0,0|0,0|0,0|0,0|0,0|0,0|0,0|0,0|0,0|0,0|0,0|0,0|0,0|0,0|0,0|0,0|0,0|0,0|0,0|0,0|0,0|0,0|0,0|0,0|0,0|0,0|0,0|0,0|0,0|0
5,179837731,.,T,C,.,PASS,AC=3507;AN=5096;DP=303199;AF=0.69;EAS_AF=0.76;EUR_AF=0.52;AFR_AF=0.79;AMR_AF=0.73;SAS_AF=0.63;EX_TARGET;VT=SNP;NS=2548,GT,1|1,1|0,1|1,0|1,1|1,1|1,1|1,0|1,1|1,1|1,1|1,1|1,1|0,1|1,1|0,1|1,1|0,1|0,0|1,1|0,1|1,0|1,0|1,1|1,1|0,0|1,1|0,1|1,1|1,0|0,0|1,1|1,1|1,1|1,1|0,1|0,1|1,1|1,1|0,0|1,0|0,1|1,1|1,1|0,1|1,1|1,1|1,1|0,1|1,1|1,1|1,0|0,1|0,1|1,1|0,1|0,0|0,1|0,1|0,0|1,1|1,1|1,1|1,0|1,0|0,0|0,0|1,0|1,1|1,0|1,0|1,1|1,1|0,1|1,1|0,0|1,1|1,1|1,1|1,1|1,1|1,1|1,1|0,1|1,1|0,1|0,0|1,0|0,0|0,1|0,0|1,0|1,0|1,1|0,0|1,1|0,1|0,0|1,1|1
5,179837915,.,G,T,.,PASS,AC=3682;AN=5096;DP=94404;AF=0.72;EAS_AF=0.76;EUR_AF=0.51;AFR_AF=0.92;AMR_AF=0.74;SAS_AF=0.62;EX_TARGET;VT=SNP;NS=2548,GT,1|1,1|0,1|1,0|1,1|1,1|1,1|1,0|1,1|1,1|1,1|1,1|1,1|0,1|1,1|0,1|1,1|0,1|0,0|1,1|0,1|1,0|1,0|1,1|1,1|0,0|1,1|0,1|1,1|1,0|0,0|1,1|1,1|1,1|1,1|0,1|0,1|1,1|1,1|0,0|1,0|0,1|1,1|1,1|0,1|1,1|1,1|1,1|0,1|1,1|1,1|1,0|0,1|0,1|1,1|0,1|0,0|0,1|0,1|0,0|1,1|1,1|1,1|1,0|1,0|0,0|0,0|1,0|1,1|1,0|1,0|1,1|1,1|0,1|1,1|0,0|1,1|1,1|1,1|1,1|1,1|1,1|1,1|0,1|1,1|0,1|0,0|1,0|0,0|0,1|0,0|1,0|1,0|1,1|0,0|1,1|0,1|0,0|1,1|1
5,179838010,.,G,A,.,PASS,AC=1;AN=5096;DP=46410;AF=0;EAS_AF=0;EUR_AF=0;AFR_AF=0;AMR_AF=0;SAS_AF=0;VT=SNP;NS=2548,GT,0|0,0|0,0|0,0|0,0|0,0|0,0|0,0|0,0|0,0|0,0|0,0|0,0|0,0|0,0|0,0|0,0|0,0|0,0|0,0|0,0|0,0|0,0|0,0|0,0|0,0|0,0|0,0|0,0|0,0|0,0|0,0|0,0|0,0|0,0|0,0|0,0|0,0|0,0|0,0|0,0|0,0|0,0|0,0|0,0|0,0|0,0|0,0|0,0|0,0|0,0|0,0|0,0|0,0|0,0|0,0|0,0|0,0|0,0|0,0|0,0|0,0|0,0|0,0|0,0|0,0|0,0|0,0|0,1|0,0|0,0|0,0|0,0|0,0|0,0|0,0|0,0|0,0|0,0|0,0|0,0|0,0|0,0|0,0|0,0|0,0|0,0|0,0|0,0|0,0|0,0|0,0|0,0|0,0|0,0|0,0|0,0|0,0|0,0|0
