#CHROM,POS,ID,REF,ALT,QUAL,FILTER,INFO,FORMAT,HG01595,HG01596,HG01597,HG01598,HG01599,HG01600,HG01840,HG01841,HG01842,HG01843,HG01844,HG01845,HG01846,HG01847,HG01848,HG01849,HG01850,HG01851,HG01852,HG01853,HG01855,HG01857,HG01858,HG01859,HG01860,HG01861,HG01862,HG01863,HG01864,HG01865,HG01866,HG01867,HG01868,HG01869,HG01870,HG01871,HG01872,HG01873,HG01874,HG01878,HG02016,HG02017,HG02019,HG02020,HG02023,HG02025,HG02026,HG02028,HG02029,HG02031,HG02032,HG02035,HG02040,HG02047,HG02048,HG02049,HG02050,HG02057,HG02058,HG02060,HG02061,HG02064,HG02067,HG02069,HG02070,HG02072,HG02073,HG02075,HG02076,HG02078,HG02079,HG02081,HG02082,HG02084,HG02085,HG02086,HG02087,HG02088,HG02113,HG02116,HG02121,HG02122,HG02127,HG02128,HG02130,HG02131,HG02133,HG02134,HG02136,HG02137,HG02138,HG02139,HG02140,HG02141,HG02142,HG02512,HG02513,HG02521,HG02522
17,35809490,.,G,A,.,PASS,AC=2;AN=5096;DP=61909;AF=0;EAS_AF=0;EUR_AF=0;AFR_AF=0;AMR_AF=0;SAS_AF=0;VT=SNP;NS=2548,GT,0|0,0|0,0|0,1|0,0|0,0|0,0|0,0|0,0|0,0|0,0|0,0|0,0|0,0|0,0|0,0|0,0|0,0|0,0|0,0|0,0|0,0|0,0|0,0|0,0|0,0|0,0|0,0|0,0|0,0|0,0|0,0|0,0|0,0|0,0|0,0|0,0|0,0|0,0|0,0|0,0|0,0|0,0|0,0|0,0|0,0|0,0|0,0|0,0|0,0|0,0|0,0|0,0|0,0|0,0|0,0|0,0|0,0|0,0|0,0|0,0|0,0|0,0|0,0|0,0|0,0|0,0|0,0|0,0|0,0|0,0|0,0|0,0|0,0|0,0|0,0|0,0|0,0|0,0|0,0|0,0|0,0|0,0|0,0|0,0|0,0|0,0|0,0|0,0|0,0|0,0|0,0|0,0|0,0|0,0|0,0|0,0|0,0|0,0|0
17,35809498,.,C,A,.,PASS,AC=4;AN=5096;DP=71281;AF=0;EAS_AF=0;EUR_AF=0;AFR_AF=0;AMR_AF=0;SAS_AF=0;VT=SNP;NS=2548,GT,0|0,0|0,0|0,0|0,0|0,0|0,0|0,0|0,0|0,0|0,0|0,0|0,0|0,0|0,0|0,0|0,0|0,0|0,0|0,0|0,0|1,0|0,0|0,0|0,0|0,0|0,0|0,0|0,0|0,0|0,0|0,0|0,0|0,0|0,0|0,0|0,0|0,0|0,0|0,0|0,0|0,0|0,0|0,0|0,0|0,0|0,0|0,0|0,0|0,0|0,0|0,0|0,0|0,0|0,0|0,0|0,0|0,0|0,0|0,0|0,0|0,0|0,0|0,0|0,0|0,0|0,0|0,0|0,0|0,0|0,0|0,0|0,0|0,0|0,0|0,0|0,0|0,0|0,0|0,0|0,0|0,0|0,0|0,0|0,0|0,0|0,0|0,0|0,0|0,0|0,0|0,0|0,0|0,0|0,0|0,0|0,0|0,0|0,0|0
17,35809505,.,C,T,.,PASS,AC=1;AN=5096;DP=80153;AF=0;EAS_AF=0;EUR_AF=0;AFR_AF=0;AMR_AF=0;SAS_AF=0;VT=SNP;NS=2548,GT,0|0,0|0,0|0,0|0,0|0,0|0,0|0,0|0,1|0,0|0,0|0,0|0,0|0,0|0,0|0,0|0,0|0,0|0,0|0,0|0,0|0,0|0,0|0,0|0,0|0,0|0,0|0,0|0,0|0,0|0,0|0,0|0,0|0,0|0,0|0,0|0,0|0,0|0,0|0,0|0,0|0,0|0,0|0,0|0,0|0,0|0,0|0,0|0,0|0,0|0,0|0,0|0,0|0,0|0,0|0,0|0,0|0,0|0,0|0,0|0,0|0,0|0,0|0,0|0,0|0,0|0,0|0,0|0,0|0,0|0,0|0,0|0,0|0,0|0,0|0,0|0,0|0,0|0,0|0,0|0,0|0,0|0,0|0,0|0,0|0,0|0,0|0,0|0,0|0,0|0,0|0,0|0,0|0,0|0,0|0,0|0,0|0,0|0,0|0
17,35809523,.,C,T,.,PASS,AC=1;AN=5096;DP=112276;AF=0;EAS_AF=0;EUR_AF=0;AFR_AF=0;AMR_AF=0;SAS_AF=0;VT=SNP;NS=2548,GT,0|0,0|0,0|0,0|0,0|0,0|0,0|0,0|0,0|0,0|0,0|0,0|0,0|0,0|0,0|0,0|0,0|1,0|0,0|0,0|0,0|0,0|0,0|0,0|0,0|0,0|0,0|0,0|0,0|0,0|0,0|0,0|0,0|0,0|0,0|0,0|0,0|0,0|0,0|0,0|0,0|0,0|0,0|0,0|0,0|0,0|0,0|0,0|0,0|0,0|0,0|0,0|0,0|0,0|0,0|0,0|0,0|0,0|0,0|0,0|0,0|0,0|0,0|0,0|0,0|0,0|0,0|0,0|0,0|0,0|0,0|0,0|0,0|0,0|0,0|0,0|0,0|0,0|0,0|0,0|0,0|0,0|0,0|0,0|0,0|0,0|0,0|0,0|0,0|0,0|0,0|0,0|0,0|0,0|0,0|0,0|0,0|0,0|0,0|0
17,35809864,.,G,A,.,PASS,AC=129;AN=5096;DP=20712;AF=0.03;EAS_AF=0.1;EUR_AF=0.01;AFR_AF=0;AMR_AF=0.01;SAS_AF=0.01;VT=SNP;NS=2548,GT,0|0,0|0,0|0,0|0,0|1,0|0,1|0,1|0,0|0,1|0,0|0,0|0,0|0,0|0,0|0,0|0,0|0,0|0,0|0,0|0,0|0,0|0,0|0,0|0,0|0,0|1,0|0,0|0,0|0,0|0,0|0,0|0,0|0,0|0,0|0,0|0,0|0,0|0,0|0,0|0,0|0,0|0,0|0,0|0,0|0,0|0,1|0,0|0,0|0,0|0,0|0,0|0,0|0,0|0,0|0,0|0,0|0,0|0,0|0,0|0,0|0,0|0,0|0,0|0,0|0,0|0,1|0,0|0,0|0,0|0,0|0,0|0,0|0,0|0,0|0,0|0,0|0,0|0,0|0,0|0,0|0,0|0,0|0,0|0,0|0,0|0,0|1,0|0,0|0,0|0,0|0,0|1,0|0,1|0,0|0,0|0,0|0,0|0,0|0
17,35810175,.,G,T,.,PASS,AC=127;AN=5096;DP=24630;AF=0.02;EAS_AF=0.09;EUR_AF=0.01;AFR_AF=0;AMR_AF=0.01;SAS_AF=0.01;VT=SNP;NS=2548,GT,0|0,0|0,0|0,0|0,0|1,0|0,1|0,1|0,0|0,0|0,0|0,0|0,0|0,0|0,0|0,0|0,0|0,0|0,0|0,0|0,0|0,0|0,0|0,0|0,0|0,0|1,0|0,0|0,0|0,0|0,0|0,0|0,0|0,0|0,0|0,0|0,0|0,0|0,0|0,0|0,0|0,0|0,0|0,0|0,0|0,0|0,1|0,0|0,0|0,0|0,0|0,0|0,0|0,0|0,0|0,0|0,0|0,0|0,0|0,0|0,0|0,0|0,0|0,0|0,0|0,0|0,1|0,0|0,0|0,0|0,0|0,0|0,0|0,0|0,0|0,0|0,0|0,0|0,0|0,0|0,0|0,0|0,0|0,0|0,0|0,0|0,0|1,0|0,0|0,0|0,0|0,0|1,0|0,1|0,0|0,0|0,0|0,0|0,0|0
17,35810455,.,A,G,.,PASS,AC=2;AN=5096;DP=21768;AF=0;EAS_AF=0;EUR_AF=0;AFR_AF=0;AMR_AF=0;SAS_AF=0;VT=SNP;NS=2548,GT,0|0,0|0,0|0,0|0,0|0,0|0,0|0,0|0,0|0,0|0,0|0,0|0,0|0,0|0,0|0,0|0,0|0,0|0,0|0,0|0,1|0,0|0,0|0,0|0,0|0,0|0,0|0,0|0,0|0,0|0,0|0,0|0,0|0,0|0,0|0,0|0,0|0,0|0,0|0,0|0,0|0,0|0,0|0,0|0,0|0,0|0,0|0,0|0,0|0,0|0,0|0,0|0,0|0,0|0,0|0,0|0,0|0,0|0,0|0,0|0,0|0,0|0,0|0,0|0,0|0,0|0,0|0,0|0,0|0,0|0,0|0,0|0,0|0,0|0,0|0,0|0,0|0,0|0,0|0,0|0,0|0,0|0,0|0,0|0,0|0,0|0,0|0,0|0,0|0,0|0,0|0,0|0,0|0,0|0,0|0,0|0,0|0,0|0,0|0
17,35810465,.,A,G,.,PASS,AC=131;AN=5096;DP=21831;AF=0.03;EAS_AF=0.1;EUR_AF=0.01;AFR_AF=0;AMR_AF=0.01;SAS_AF=0.01;VT=SNP;NS=2548,GT,0|0,0|0,0|0,0|0,0|1,0|0,1|0,1|0,0|0,1|0,0|0,0|0,0|0,0|0,0|0,0|0,0|0,0|0,0|0,0|0,0|0,0|0,0|0,0|0,0|0,0|1,0|0,0|0,0|0,0|0,0|0,0|0,0|0,0|0,0|0,0|0,0|0,0|0,0|0,0|0,0|0,0|0,0|0,0|0,0|0,0|0,1|0,0|0,0|0,0|0,0|0,0|0,0|0,0|0,0|0,0|0,0|0,0|0,0|0,0|0,0|0,0|0,0|0,0|0,0|0,0|0,1|0,0|0,0|0,0|0,0|0,0|0,0|0,0|0,0|0,0|0,0|0,0|0,0|0,0|0,0|0,0|0,0|0,0|0,0|0,0|0,0|1,0|0,0|0,0|0,0|1,0|1,0|0,1|0,0|0,0|0,0|0,0|0,0|0
17,35811450,.,C,G,.,PASS,AC=6;AN=5096;DP=17869;AF=0;EAS_AF=0.01;EUR_AF=0;AFR_AF=0;AMR_AF=0;SAS_AF=0;VT=SNP;NS=2548,GT,0|0,0|0,0|0,0|0,0|0,0|0,0|0,0|0,0|0,0|0,0|0,0|0,0|0,0|0,0|0,0|0,0|0,0|0,0|0,0|0,0|0,0|0,0|0,0|0,0|0,0|0,0|0,0|0,0|0,0|0,0|0,0|0,0|0,0|0,0|0,0|0,0|0,0|0,0|0,0|0,0|0,0|0,0|0,0|0,0|0,0|0,0|0,0|0,1|0,0|0,0|0,0|0,0|0,0|0,0|0,0|0,0|0,0|0,0|0,0|0,0|0,0|0,0|0,0|0,0|0,0|0,0|0,0|0,0|0,0|0,0|0,0|0,0|0,0|0,0|0,0|0,0|0,0|0,0|0,0|0,0|0,0|0,0|1,0|0,0|0,0|0,0|0,0|0,0|0,0|0,0|0,0|0,0|0,0|0,0|0,0|0,0|0,0|0,0|0
17,35812214,.,A,G,.,PASS,AC=964;AN=5096;DP=23669;AF=0.19;EAS_AF=0.33;EUR_AF=0.11;AFR_AF=0.19;AMR_AF=0.2;SAS_AF=0.11;VT=SNP;NS=2548,GT,0|0,1|0,0|1,1|1,0|1,0|0,1|1,1|0,1|0,1|0,0|1,0|0,0|0,0|0,1|0,0|0,0|0,0|0,0|0,1|0,1|1,0|0,1|0,0|0,0|1,0|1,0|1,1|0,1|0,0|0,0|0,0|1,0|0,1|0,0|0,0|1,0|0,0|0,0|0,0|0,1|0,0|0,1|0,1|1,0|1,0|0,1|0,0|0,0|0,0|1,1|1,1|1,0|0,0|0,0|1,0|0,1|0,0|0,0|0,0|0,0|1,0|0,1|0,0|1,0|0,1|0,1|1,0|0,1|0,0|0,0|0,0|0,0|1,0|0,0|0,0|0,0|0,0|1,1|1,0|0,0|0,0|0,1|0,0|0,0|0,0|1,0|1,0|0,1|0,0|1,0|1,0|1,1|0,1|1,1|0,0|1,0|1,0|0,0|1
17,35812256,.,G,A,.,PASS,AC=2;AN=5096;DP=22103;AF=0;EAS_AF=0;EUR_AF=0;AFR_AF=0;AMR_AF=0;SAS_AF=0;VT=SNP;NS=2548,GT,0|0,0|0,0|0,0|0,0|0,0|0,0|0,0|0,0|0,0|0,0|0,0|0,0|0,0|0,0|0,0|0,0|0,0|0,0|0,0|0,0|0,0|0,0|0,0|0,0|0,0|0,0|0,0|0,0|0,0|0,0|0,0|0,0|0,0|0,0|0,0|0,0|0,0|0,0|0,0|0,0|0,0|0,0|0,0|0,0|0,0|0,0|0,0|0,0|0,0|0,0|0,0|0,0|0,0|0,0|0,0|0,0|0,0|0,0|0,0|0,0|0,0|0,0|0,0|0,0|0,0|1,0|0,0|0,0|0,0|0,0|0,0|0,0|0,0|0,0|0,0|0,0|0,0|0,0|0,0|0,0|0,0|0,0|0,0|0,0|0,0|0,0|0,0|0,0|0,0|0,0|0,0|0,1|0,0|0,0|0,0|0,0|0,0|0,0|0
17,35812258,.,A,G,.,PASS,AC=101;AN=5096;DP=22066;AF=0.02;EAS_AF=0.1;EUR_AF=0;AFR_AF=0;AMR_AF=0;SAS_AF=0;VT=SNP;NS=2548,GT,0|0,0|0,0|0,0|0,0|1,0|0,1|0,1|0,0|0,1|0,0|0,0|0,0|0,0|0,0|0,0|0,0|0,0|0,0|0,0|0,0|0,0|0,0|0,0|0,0|0,0|1,0|0,0|0,0|0,0|0,0|0,0|0,0|0,0|0,0|0,0|0,0|0,0|0,0|0,0|0,0|0,0|0,0|0,0|0,0|0,0|0,1|0,0|0,0|0,0|0,0|0,0|0,0|0,0|0,0|0,0|0,0|0,0|0,0|0,0|0,0|0,0|0,0|0,0|0,0|0,0|0,1|0,0|0,0|0,0|0,0|0,0|0,0|0,0|0,0|0,0|0,0|0,0|0,0|0,0|0,0|0,0|0,0|0,0|0,0|0,0|0,0|1,0|0,0|0,0|0,0|1,0|1,0|0,0|0,0|0,0|0,0|0,0|0,0|0
17,35812426,.,A,G,.,PASS,AC=1;AN=5096;DP=16098;AF=0;EAS_AF=0;EUR_AF=0;AFR_AF=0;AMR_AF=0;SAS_AF=0;VT=SNP;NS=2548,GT,0|0,0|0,0|0,0|0,0|0,0|0,0|0,0|0,0|0,0|0,0|0,0|0,0|0,0|0,0|0,0|0,0|0,0|0,0|0,0|0,0|0,0|0,0|0,0|0,0|0,0|0,0|0,0|0,0|0,0|0,0|0,0|0,0|0,0|0,0|0,0|0,0|0,0|0,0|0,0|0,0|0,0|0,0|0,0|0,0|0,0|0,0|0,0|0,0|0,0|1,0|0,0|0,0|0,0|0,0|0,0|0,0|0,0|0,0|0,0|0,0|0,0|0,0|0,0|0,0|0,0|0,0|0,0|0,0|0,0|0,0|0,0|0,0|0,0|0,0|0,0|0,0|0,0|0,0|0,0|0,0|0,0|0,0|0,0|0,0|0,0|0,0|0,0|0,0|0,0|0,0|0,0|0,0|0,0|0,0|0,0|0,0|0,0|0,0|0
17,35812779,.,G,T,.,PASS,AC=7;AN=5096;DP=17461;AF=0;EAS_AF=0.01;EUR_AF=0;AFR_AF=0;AMR_AF=0;SAS_AF=0;VT=SNP;NS=2548,GT,0|0,0|0,0|0,0|0,0|0,0|0,0|0,0|0,0|0,0|0,0|0,0|0,0|0,0|0,0|0,0|0,0|0,0|0,0|0,0|0,0|0,0|0,0|0,0|0,0|0,0|0,0|0,0|0,0|0,0|0,0|0,0|0,0|0,0|1,0|0,0|0,0|0,0|0,0|0,0|0,0|0,0|0,0|0,0|0,0|0,0|0,0|0,0|0,0|0,0|0,0|0,0|0,0|0,0|0,0|0,0|0,0|0,0|0,0|0,0|0,0|0,0|0,0|0,0|0,0|0,0|0,0|0,0|0,0|0,0|0,0|0,0|0,0|0,0|0,0|0,0|0,0|0,0|0,0|0,0|0,0|0,0|0,0|0,0|0,0|0,0|0,0|0,0|0,0|0,0|0,0|0,0|0,0|0,0|0,0|0,0|0,0|0,0|0,0|0
17,35812911,.,T,C,.,PASS,AC=131;AN=5096;DP=17123;AF=0.03;EAS_AF=0.1;EUR_AF=0.01;AFR_AF=0;AMR_AF=0.01;SAS_AF=0.01;VT=SNP;NS=2548,GT,0|0,0|0,0|0,0|0,0|1,0|0,1|0,1|0,0|0,1|0,0|0,0|0,0|0,0|0,0|0,0|0,0|0,0|0,0|0,0|0,0|0,0|0,0|0,0|0,0|0,0|1,0|0,0|0,0|0,0|0,0|0,0|0,0|0,0|0,0|0,0|0,0|0,0|0,0|0,0|0,0|0,0|0,0|0,0|0,0|0,0|0,1|0,0|0,0|0,0|0,0|0,0|0,0|0,0|0,0|0,0|0,0|0,0|0,0|0,0|0,0|0,0|0,0|0,0|0,0|0,0|0,1|0,0|0,0|0,0|0,0|0,0|0,0|0,0|0,0|0,0|0,0|0,0|0,0|0,0|0,0|0,0|0,0|0,0|0,0|0,0|0,0|1,0|0,0|0,0|0,0|1,0|1,0|0,1|0,0|0,0|0,0|0,0|0,0|0
17,35813353,.,T,A,.,PASS,AC=1;AN=5096;DP=19378;AF=0;EAS_AF=0;EUR_AF=0;AFR_AF=0;AMR_AF=0;SAS_AF=0;VT=SNP;NS=2548,GT,0|0,0|0,0|0,0|0,0|0,0|0,0|0,0|0,0|0,0|0,0|0,0|0,0|0,0|0,0|0,0|0,0|0,0|0,0|0,0|0,0|0,0|0,0|0,0|0,0|0,0|0,0|0,0|0,0|0,0|0,0|0,0|0,0|0,0|0,0|0,0|0,0|0,0|0,0|0,0|0,0|0,0|0,0|0,0|0,0|0,0|0,0|0,0|0,0|0,0|0,0|0,0|0,0|0,0|0,0|0,0|0,0|0,0|0,0|0,0|0,0|0,0|0,0|0,0|0,0|0,0|0,0|0,0|0,0|0,0|0,0|0,0|0,0|0,0|0,0|0,0|0,0|0,0|0,0|0,0|0,0|0,0|0,0|0,0|0,0|0,0|0,0|0,0|0,0|0,0|0,0|1,0|0,0|0,0|0,0|0,0|0,0|0,0|0,0|0
17,35813414,.,G,A,.,PASS,AC=10;AN=5096;DP=20115;AF=0;EAS_AF=0.01;EUR_AF=0;AFR_AF=0;AMR_AF=0;SAS_AF=0;VT=SNP;NS=2548,GT,0|0,0|0,0|0,0|0,0|0,0|0,0|0,0|0,0|0,0|0,0|0,0|1,0|0,0|0,0|0,0|0,0|0,0|0,0|0,0|0,0|0,0|0,0|0,0|0,0|0,0|0,0|0,0|0,0|0,0|0,0|0,0|0,0|0,0|0,0|0,0|0,0|0,0|0,0|0,0|0,0|0,0|0,0|0,0|0,0|0,0|0,0|0,0|0,0|0,0|0,0|0,0|0,0|0,0|0,0|0,0|0,0|0,0|0,0|0,0|0,0|0,0|0,0|0,0|0,0|0,0|0,0|0,0|0,0|0,0|0,0|0,0|0,0|0,0|0,0|0,0|0,0|0,0|0,0|0,0|0,0|0,0|0,0|0,0|0,0|0,0|0,0|0,0|0,0|0,0|0,0|0,0|0,0|0,0|0,0|0,0|0,0|0,0|0,1|0
17,35813450,.,G,A,.,PASS,AC=1569;AN=5096;DP=20110;AF=0.31;EAS_AF=0.32;EUR_AF=0.16;AFR_AF=0.46;AMR_AF=0.23;SAS_AF=0.31;VT=SNP;NS=2548,GT,0|0,1|0,0|1,1|0,0|1,0|0,1|1,1|0,1|0,1|0,0|1,0|0,0|0,0|0,1|1,1|0,0|0,0|0,0|0,1|0,1|1,0|0,1|0,0|0,0|1,0|1,0|1,1|0,1|0,0|0,0|0,0|1,0|0,1|0,0|0,0|1,0|0,0|0,0|0,0|0,1|0,0|0,1|0,1|1,0|1,0|0,1|0,0|0,0|0,0|1,1|1,1|1,0|1,0|0,0|1,0|0,1|0,0|0,0|0,0|0,0|1,0|0,1|0,1|1,0|0,1|0,1|1,0|0,1|0,0|0,0|0,0|0,0|1,0|0,0|0,0|0,0|0,1|1,1|1,0|0,0|0,0|0,1|0,0|0,0|0,0|1,0|1,0|0,1|0,0|1,0|1,0|1,1|0,1|1,1|0,0|1,0|0,0|0,0|1
17,35813566,.,A,G,.,PASS,AC=2;AN=5096;DP=19456;AF=0;EAS_AF=0;EUR_AF=0;AFR_AF=0;AMR_AF=0;SAS_AF=0;VT=SNP;NS=2548,GT,0|0,0|0,0|0,0|0,0|0,0|0,0|0,0|0,0|0,0|0,0|0,0|0,0|0,0|0,0|0,0|0,0|0,0|0,0|0,0|0,0|0,0|0,0|0,0|0,0|0,0|0,0|0,0|0,0|0,0|0,0|0,0|0,0|0,0|0,0|0,0|0,0|0,0|0,0|0,0|0,0|0,0|0,0|0,0|0,0|0,0|0,0|0,0|0,0|0,0|0,0|0,0|0,0|0,0|0,0|0,0|0,0|0,0|0,0|1,0|0,0|0,0|0,0|0,0|0,0|0,0|0,0|0,0|0,0|0,0|0,0|0,0|0,0|0,0|0,0|0,0|0,0|0,0|0,0|0,0|0,0|0,0|0,0|0,0|0,0|0,0|0,0|0,0|0,0|0,0|0,0|0,0|0,0|0,0|0,0|0,0|0,0|0,0|0,0|0
17,35813645,.,G,A,.,PASS,AC=559;AN=5096;DP=14666;AF=0.11;EAS_AF=0.21;EUR_AF=0.1;AFR_AF=0.01;AMR_AF=0.17;SAS_AF=0.1;VT=SNP;NS=2548,GT,0|0,1|0,0|1,1|0,0|0,0|0,0|1,0|0,1|0,0|0,0|1,0|0,0|0,0|0,1|0,0|0,0|0,0|0,0|0,1|0,1|1,0|0,1|0,0|0,0|1,0|0,0|1,1|0,1|0,0|0,0|0,0|1,0|0,1|0,0|0,0|1,0|0,0|0,0|0,0|0,1|0,0|0,1|0,1|1,0|1,0|0,0|0,0|0,0|0,0|1,1|1,1|1,0|0,0|0,0|1,0|0,1|0,0|0,0|0,0|0,0|1,0|0,1|0,0|1,0|0,1|0,0|1,0|0,1|0,0|0,0|0,0|0,0|1,0|0,0|0,0|0,0|0,0|1,1|1,0|0,0|0,0|0,1|0,0|0,0|0,0|1,0|0,0|0,1|0,0|1,0|0,0|0,1|0,0|1,1|0,0|1,0|0,0|0,0|1
17,35813741,.,G,C,.,PASS,AC=364;AN=5096;DP=20340;AF=0.07;EAS_AF=0.01;EUR_AF=0.05;AFR_AF=0.07;AMR_AF=0.02;SAS_AF=0.2;VT=SNP;NS=2548,GT,0|0,0|0,0|0,0|0,0|0,0|0,0|0,0|0,0|0,0|0,0|0,0|0,0|0,0|0,0|1,1|0,0|0,0|0,0|0,0|0,0|0,0|0,0|0,0|0,0|0,0|0,0|0,0|0,0|0,0|0,0|0,0|0,0|0,0|0,0|0,0|0,0|0,0|0,0|0,0|0,0|0,0|0,0|0,0|0,0|0,0|0,0|0,0|0,0|0,0|0,0|0,0|0,0|1,0|0,0|0,0|0,0|0,0|0,0|0,0|0,0|0,0|0,0|0,1|0,0|0,0|0,0|0,0|0,0|0,0|0,0|0,0|0,0|0,0|0,0|0,0|0,0|0,1|0,0|0,0|0,0|0,0|0,0|0,0|0,0|0,0|0,0|0,0|0,0|0,0|0,0|0,0|0,0|0,0|0,0|0,0|0,0|0,0|0,0|0
17,35813995,.,G,T,.,PASS,AC=668;AN=5096;DP=18780;AF=0.13;EAS_AF=0.11;EUR_AF=0.04;AFR_AF=0.24;AMR_AF=0.09;SAS_AF=0.14;VT=SNP;NS=2548,GT,0|0,0|0,0|0,0|0,0|1,0|0,1|0,1|0,0|0,1|0,0|0,0|0,0|0,0|0,0|0,0|0,0|0,0|0,0|0,0|0,0|0,0|0,0|0,0|0,0|0,0|1,0|0,0|0,0|0,0|0,0|0,0|0,0|0,0|0,0|0,0|0,0|0,0|0,0|0,0|0,0|0,0|0,0|0,0|0,0|0,0|1,1|0,0|0,0|0,0|0,0|0,0|0,0|0,0|0,0|0,0|0,0|0,0|0,0|0,0|0,0|0,0|0,0|0,0|0,0|0,0|0,1|0,0|0,0|0,0|0,0|0,0|0,0|0,0|0,0|0,0|0,0|0,0|0,0|0,0|0,0|0,0|0,0|0,0|0,0|0,0|0,0|1,0|0,0|0,1|0,0|1,0|1,0|0,1|0,0|0,0|0,0|0,0|0,0|0
17,35813998,.,G,T,.,PASS,AC=381;AN=5096;DP=18837;AF=0.07;EAS_AF=0.01;EUR_AF=0.04;AFR_AF=0.1;AMR_AF=0.02;SAS_AF=0.18;VT=SNP;NS=2548,GT,0|0,0|0,0|0,0|0,0|0,0|0,0|0,0|0,0|0,0|0,0|0,0|0,0|0,0|0,0|1,1|0,0|0,0|0,0|0,0|0,0|0,0|0,0|0,0|0,0|0,0|0,0|0,0|0,0|0,0|0,0|0,0|0,0|0,0|0,0|0,0|0,0|0,0|0,0|0,0|0,0|0,0|0,0|0,0|0,0|0,0|0,0|0,0|0,0|0,0|0,0|0,0|0,0|1,0|0,0|0,0|0,0|0,0|0,0|0,0|0,0|0,0|0,0|0,1|0,0|0,0|0,0|0,0|0,0|0,0|0,0|0,0|0,0|0,0|0,0|0,0|0,0|0,1|0,0|0,0|0,0|0,0|0,0|0,0|0,0|0,0|0,0|0,0|0,0|0,0|0,0|0,0|0,0|0,0|0,0|0,0|0,0|0,0|0,0|0
17,35814495,.,G,A,.,PASS,AC=5;AN=5096;DP=18052;AF=0;EAS_AF=0;EUR_AF=0;AFR_AF=0;AMR_AF=0;SAS_AF=0;VT=SNP;NS=2548,GT,0|0,0|0,0|0,0|0,0|0,0|0,0|0,0|0,0|0,0|0,0|0,0|0,0|0,0|0,0|0,0|0,0|0,0|1,0|0,0|0,0|0,0|0,0|0,0|0,0|0,0|0,0|0,0|0,0|1,0|0,0|0,0|0,0|0,0|0,0|0,0|0,0|0,0|0,0|0,0|0,0|0,0|0,0|0,0|0,0|0,0|0,0|0,0|0,0|0,0|0,0|0,0|0,0|0,0|0,0|0,0|0,0|0,0|0,0|0,0|0,0|0,0|0,0|0,0|0,0|1,0|0,0|0,0|0,0|0,0|0,0|0,0|0,0|0,0|0,0|0,0|0,0|0,0|0,0|0,0|0,0|0,0|0,0|0,0|0,0|0,0|0,0|0,0|0,0|0,0|0,0|0,0|0,0|0,0|0,0|0,0|0,0|0,0|0,0|0
17,35814863,.,A,AGT,.,PASS,AC=305;AN=5096;DP=16318;AF=0.06;EAS_AF=0.05;EUR_AF=0.03;AFR_AF=0.12;AMR_AF=0.05;SAS_AF=0.03;VT=INDEL;NS=2548,GT,0|0,0|0,0|0,0|0,0|0,0|0,0|0,0|0,0|0,0|0,0|1,0|0,0|0,0|0,0|0,0|0,0|0,0|0,0|0,0|0,0|0,0|0,0|0,0|0,0|1,0|0,0|0,0|0,1|0,0|0,0|0,0|0,0|0,0|0,0|0,0|0,0|0,0|0,0|0,0|0,1|0,0|0,1|0,0|0,0|1,0|0,0|0,0|0,0|0,0|0,0|0,0|0,0|0,0|0,0|0,0|0,0|0,0|0,0|0,0|0,0|0,0|0,0|0,0|0,0|0,0|0,0|0,0|0,0|0,0|0,0|0,0|0,0|0,0|0,0|0,0|0,0|0,0|0,0|1,0|0,0|0,0|0,0|0,0|0,0|0,0|0,0|0,0|0,0|0,0|0,0|0,0|0,0|0,0|0,0|0,0|0,0|0,0|0,0|0
17,35814874,.,A,G,.,PASS,AC=600;AN=5096;DP=16346;AF=0.12;EAS_AF=0.21;EUR_AF=0.1;AFR_AF=0.04;AMR_AF=0.18;SAS_AF=0.1;VT=SNP;NS=2548,GT,0|0,1|0,0|1,1|0,0|0,0|0,0|1,0|0,1|0,0|0,0|1,0|0,0|0,0|0,1|0,0|0,0|0,0|0,0|0,1|0,1|1,0|0,1|0,0|0,0|1,0|0,0|1,1|0,1|0,0|0,0|0,0|1,0|0,1|0,0|0,0|1,0|0,0|0,0|0,0|0,1|0,0|0,1|0,1|1,0|1,0|0,0|0,0|0,0|0,0|1,1|1,1|1,0|0,0|0,0|1,0|0,1|0,0|0,0|0,0|0,0|1,0|0,1|0,0|1,0|0,1|0,0|1,0|0,1|0,0|0,0|0,0|0,0|1,0|0,0|0,0|0,0|0,0|1,1|1,0|0,0|0,0|0,1|0,0|0,0|0,0|1,0|0,0|0,1|0,0|1,0|0,0|0,1|0,0|1,1|0,0|1,0|0,0|0,0|1
17,35814967,.,T,G,.,PASS,AC=600;AN=5096;DP=18702;AF=0.12;EAS_AF=0.21;EUR_AF=0.1;AFR_AF=0.04;AMR_AF=0.18;SAS_AF=0.1;VT=SNP;NS=2548,GT,0|0,1|0,0|1,1|0,0|0,0|0,0|1,0|0,1|0,0|0,0|1,0|0,0|0,0|0,1|0,0|0,0|0,0|0,0|0,1|0,1|1,0|0,1|0,0|0,0|1,0|0,0|1,1|0,1|0,0|0,0|0,0|1,0|0,1|0,0|0,0|1,0|0,0|0,0|0,0|0,1|0,0|0,1|0,1|1,0|1,0|0,0|0,0|0,0|0,0|1,1|1,1|1,0|0,0|0,0|1,0|0,1|0,0|0,0|0,0|0,0|1,0|0,1|0,0|1,0|0,1|0,0|1,0|0,1|0,0|0,0|0,0|0,0|1,0|0,0|0,0|0,0|0,0|1,1|1,0|0,0|0,0|0,1|0,0|0,0|0,0|1,0|0,0|0,1|0,0|1,0|0,0|0,1|0,0|1,1|0,0|1,0|0,0|0,0|1
17,35815321,.,G,A,.,PASS,AC=2;AN=5096;DP=20547;AF=0;EAS_AF=0;EUR_AF=0;AFR_AF=0;AMR_AF=0;SAS_AF=0;VT=SNP;NS=2548,GT,0|0,0|0,0|0,0|0,0|0,0|0,0|0,0|0,0|0,0|0,0|0,0|0,0|0,0|0,0|0,0|0,0|0,0|0,0|0,0|0,0|0,0|0,0|0,0|0,0|0,0|0,0|0,0|0,0|0,0|0,0|0,0|0,0|0,0|0,0|0,0|0,0|0,0|0,0|0,0|0,0|0,0|0,0|0,0|0,0|0,0|1,0|0,0|0,0|0,0|0,0|0,0|0,0|0,0|0,0|0,0|0,0|0,0|0,0|0,0|0,0|0,0|0,0|0,0|0,0|0,0|0,0|0,0|0,0|0,0|0,0|0,0|0,0|0,0|0,0|0,0|0,0|0,0|0,0|0,0|0,0|0,0|0,0|0,0|0,0|0,0|0,0|0,0|0,0|0,0|0,0|0,0|0,0|0,0|0,0|0,0|0,0|0,0|0,0|0
17,35815358,.,G,A,.,PASS,AC=936;AN=5096;DP=20153;AF=0.18;EAS_AF=0.31;EUR_AF=0.11;AFR_AF=0.19;AMR_AF=0.2;SAS_AF=0.11;VT=SNP;NS=2548,GT,0|0,1|0,0|1,1|0,0|1,0|0,1|1,1|0,1|0,1|0,0|1,0|0,0|0,0|0,1|0,0|0,0|0,0|0,0|0,1|0,1|1,0|0,1|0,0|0,0|1,0|1,0|1,1|0,1|0,0|0,0|0,0|1,0|0,1|0,0|0,0|1,0|0,0|0,0|0,0|0,1|0,0|0,1|0,1|1,0|1,0|0,1|0,0|0,0|0,0|1,1|1,1|1,0|0,0|0,0|1,0|0,1|0,0|0,0|0,0|0,0|1,0|0,1|0,0|1,0|0,1|0,1|1,0|0,1|0,0|0,0|0,0|0,0|1,0|0,0|0,0|0,0|0,0|1,1|1,0|0,0|0,0|0,1|0,0|0,0|0,0|1,0|1,0|0,1|0,0|1,0|1,0|1,1|0,1|1,1|0,0|1,0|0,0|0,0|1
17,35815489,.,G,A,.,PASS,AC=130;AN=5096;DP=20106;AF=0.03;EAS_AF=0.1;EUR_AF=0.01;AFR_AF=0;AMR_AF=0.01;SAS_AF=0.01;VT=SNP;NS=2548,GT,0|0,0|0,0|0,0|0,0|1,0|0,1|0,1|0,0|0,1|0,0|0,0|0,0|0,0|0,0|0,0|0,0|0,0|0,0|0,0|0,0|0,0|0,0|0,0|0,0|0,0|1,0|0,0|0,0|0,0|0,0|0,0|0,0|0,0|0,0|0,0|0,0|0,0|0,0|0,0|0,0|0,0|0,0|0,0|0,0|0,0|0,1|0,0|0,0|0,0|0,0|0,0|0,0|0,0|0,0|0,0|0,0|0,0|0,0|0,0|0,0|0,0|0,0|0,0|0,0|0,0|0,1|0,0|0,0|0,0|0,0|0,0|0,0|0,0|0,0|0,0|0,0|0,0|0,0|0,0|0,0|0,0|0,0|0,0|0,0|0,0|0,0|1,0|0,0|0,0|0,0|1,0|1,0|0,1|0,0|0,0|0,0|0,0|0,0|0
17,35816044,.,C,T,.,PASS,AC=1;AN=5096;DP=20528;AF=0;EAS_AF=0;EUR_AF=0;AFR_AF=0;AMR_AF=0;SAS_AF=0;VT=SNP;NS=2548,GT,0|0,0|0,0|0,0|0,0|0,0|0,0|0,0|0,0|0,0|0,0|0,0|0,0|0,0|0,0|0,0|0,0|0,0|0,0|0,0|0,0|0,0|0,0|0,0|0,0|0,0|0,0|0,0|0,0|0,0|0,0|0,0|0,0|0,0|0,0|0,0|0,0|0,0|0,0|0,0|0,0|0,0|0,0|0,0|0,0|0,0|0,0|1,0|0,0|0,0|0,0|0,0|0,0|0,0|0,0|0,0|0,0|0,0|0,0|0,0|0,0|0,0|0,0|0,0|0,0|0,0|0,0|0,0|0,0|0,0|0,0|0,0|0,0|0,0|0,0|0,0|0,0|0,0|0,0|0,0|0,0|0,0|0,0|0,0|0,0|0,0|0,0|0,0|0,0|0,0|0,0|0,0|0,0|0,0|0,0|0,0|0,0|0,0|0,0|0
17,35816630,.,G,A,.,PASS,AC=6;AN=5096;DP=18229;AF=0;EAS_AF=0.01;EUR_AF=0;AFR_AF=0;AMR_AF=0;SAS_AF=0;VT=SNP;NS=2548,GT,0|0,0|0,0|0,0|0,0|0,0|0,0|0,0|0,0|0,0|0,0|0,0|0,0|0,0|0,0|0,0|0,0|0,0|0,0|0,0|0,0|0,0|0,0|0,0|0,0|1,0|0,0|0,0|0,0|0,0|0,0|0,0|0,0|0,0|0,0|0,0|0,0|0,0|0,0|0,0|0,0|0,0|0,0|0,0|0,0|1,0|0,0|0,0|0,0|0,0|0,0|0,0|0,0|0,0|0,0|0,0|0,0|0,0|0,0|0,0|0,0|0,0|0,0|0,0|0,0|0,0|0,0|0,0|0,0|0,0|0,0|0,0|0,0|0,0|0,0|0,0|0,0|0,0|0,0|0,0|0,0|0,0|0,0|0,0|0,0|0,0|0,0|0,0|0,0|0,0|0,0|0,0|0,0|0,0|0,0|0,0|0,0|0,0|0,0|0
17,35816641,.,T,A,.,PASS,AC=1599;AN=5096;DP=18205;AF=0.31;EAS_AF=0.35;EUR_AF=0.15;AFR_AF=0.46;AMR_AF=0.23;SAS_AF=0.31;VT=SNP;NS=2548,GT,0|0,1|0,0|1,1|1,0|1,0|0,1|1,1|0,1|0,1|0,0|1,0|0,0|0,0|0,1|1,1|0,0|0,0|0,0|0,1|0,1|1,0|0,1|0,0|0,0|1,0|1,0|1,1|0,1|0,0|0,0|0,0|1,0|0,1|0,0|0,0|1,0|0,0|0,0|0,0|0,1|0,0|0,1|0,1|1,0|1,0|0,1|0,0|0,0|0,0|1,1|1,1|1,0|1,0|0,0|1,0|0,1|0,0|0,0|0,0|0,0|1,0|0,1|0,1|1,0|0,1|0,1|1,0|0,1|0,0|0,0|0,0|0,0|1,0|0,0|0,0|0,0|0,1|1,1|1,0|0,0|0,0|0,1|0,0|0,0|0,0|1,0|1,0|0,1|0,0|1,0|1,0|1,1|0,1|1,1|0,0|1,0|1,0|0,0|1
17,35816664,.,T,TA,.,PASS,AC=1599;AN=5096;DP=18087;AF=0.31;EAS_AF=0.35;EUR_AF=0.15;AFR_AF=0.46;AMR_AF=0.23;SAS_AF=0.31;VT=INDEL;NS=2548,GT,0|0,1|0,0|1,1|1,0|1,0|0,1|1,1|0,1|0,1|0,0|1,0|0,0|0,0|0,1|1,1|0,0|0,0|0,0|0,1|0,1|1,0|0,1|0,0|0,0|1,0|1,0|1,1|0,1|0,0|0,0|0,0|1,0|0,1|0,0|0,0|1,0|0,0|0,0|0,0|0,1|0,0|0,1|0,1|1,0|1,0|0,1|0,0|0,0|0,0|1,1|1,1|1,0|1,0|0,0|1,0|0,1|0,0|0,0|0,0|0,0|1,0|0,1|0,1|1,0|0,1|0,1|1,0|0,1|0,0|0,0|0,0|0,0|1,0|0,0|0,0|0,0|0,1|1,1|1,0|0,0|0,0|0,1|0,0|0,0|0,0|1,0|1,0|0,1|0,0|1,0|1,0|1,1|0,1|1,1|0,0|1,0|1,0|0,0|1
17,35816951,.,C,T,.,PASS,AC=1;AN=5096;DP=15391;AF=0;EAS_AF=0;EUR_AF=0;AFR_AF=0;AMR_AF=0;SAS_AF=0;VT=SNP;NS=2548,GT,0|0,0|0,0|0,0|0,0|0,0|0,0|0,0|0,0|0,0|0,0|0,0|0,0|0,0|0,0|0,0|0,0|0,0|0,0|0,0|0,0|0,0|0,0|0,0|0,0|0,0|0,0|0,0|0,0|0,0|0,0|0,0|0,0|0,0|0,0|0,0|0,0|0,0|0,0|0,0|0,0|0,0|0,0|0,0|0,0|0,0|0,0|0,0|0,0|0,0|0,1|0,0|0,0|0,0|0,0|0,0|0,0|0,0|0,0|0,0|0,0|0,0|0,0|0,0|0,0|0,0|0,0|0,0|0,0|0,0|0,0|0,0|0,0|0,0|0,0|0,0|0,0|0,0|0,0|0,0|0,0|0,0|0,0|0,0|0,0|0,0|0,0|0,0|0,0|0,0|0,0|0,0|0,0|0,0|0,0|0,0|0,0|0,0|0,0|0
17,35817293,.,G,A,.,PASS,AC=130;AN=5096;DP=17406;AF=0.03;EAS_AF=0.1;EUR_AF=0.01;AFR_AF=0;AMR_AF=0.01;SAS_AF=0.01;VT=SNP;NS=2548,GT,0|0,0|0,0|0,0|0,0|1,0|0,1|0,1|0,0|0,1|0,0|0,0|0,0|0,0|0,0|0,0|0,0|0,0|0,0|0,0|0,0|0,0|0,0|0,0|0,0|0,0|1,0|0,0|0,0|0,0|0,0|0,0|0,0|0,0|0,0|0,0|0,0|0,0|0,0|0,0|0,0|0,0|0,0|0,0|0,0|0,0|0,1|0,0|0,0|0,0|0,0|0,0|0,0|0,0|0,0|0,0|0,0|0,0|0,0|0,0|0,0|0,0|0,0|0,0|0,0|0,0|0,1|0,0|0,0|0,0|0,0|0,0|0,0|0,0|0,0|0,0|0,0|0,0|0,0|0,0|0,0|0,0|0,0|0,0|0,0|0,0|0,0|1,0|0,0|0,0|0,0|1,0|1,0|0,1|0,0|0,0|0,0|0,0|0,0|0
17,35817456,.,A,G,.,PASS,AC=353;AN=5096;DP=29968;AF=0.07;EAS_AF=0.01;EUR_AF=0.05;AFR_AF=0.06;AMR_AF=0.02;SAS_AF=0.19;VT=SNP;NS=2548,GT,0|0,0|0,0|0,0|0,0|0,0|0,0|0,0|0,0|0,0|0,0|0,0|0,0|0,0|0,0|1,1|0,0|0,0|0,0|0,0|0,0|0,0|0,0|0,0|0,0|0,0|0,0|0,0|0,0|0,0|0,0|0,0|0,0|0,0|0,0|0,0|0,0|0,0|0,0|0,0|0,0|0,0|0,0|0,0|0,0|0,0|0,0|0,0|0,0|0,0|0,0|0,0|0,0|1,0|0,0|0,0|0,0|0,0|0,0|0,0|0,0|0,0|0,0|0,1|0,0|0,0|0,0|0,0|0,0|0,0|0,0|0,0|0,0|0,0|0,0|0,0|0,0|0,1|0,0|0,0|0,0|0,0|0,0|0,0|0,0|0,0|0,0|0,0|0,0|0,0|0,0|0,0|0,0|0,0|0,0|0,0|0,0|0,0|0,0|0
17,35818026,.,A,G,.,PASS,AC=44;AN=5096;DP=31296;AF=0.01;EAS_AF=0.01;EUR_AF=0;AFR_AF=0;AMR_AF=0.04;SAS_AF=0;VT=SNP;NS=2548,GT,0|0,0|0,0|0,0|0,0|0,0|0,0|0,0|0,0|0,0|0,0|0,0|0,0|0,0|0,0|0,0|0,0|0,0|0,0|0,0|0,0|0,0|0,0|0,0|0,1|0,0|0,0|0,0|0,0|0,0|0,0|0,0|0,0|0,0|0,0|0,0|0,0|1,0|0,0|0,0|0,0|0,0|0,0|0,0|0,0|0,0|0,0|0,0|0,0|0,0|0,0|0,0|0,0|0,0|0,0|0,0|0,0|0,0|0,0|0,0|0,0|0,0|1,0|0,0|0,0|0,0|0,0|0,0|0,0|0,0|0,0|0,0|0,0|0,0|0,0|0,0|0,0|0,0|0,0|0,0|0,0|0,0|0,0|0,0|0,0|0,0|0,0|0,0|0,0|0,0|0,0|0,0|0,0|0,0|0,0|0,0|0,0|0,0|0,0|0
17,35818127,.,G,A,.,PASS,AC=611;AN=5096;DP=20655;AF=0.12;EAS_AF=0.21;EUR_AF=0.1;AFR_AF=0.05;AMR_AF=0.18;SAS_AF=0.1;VT=SNP;NS=2548,GT,0|0,1|0,0|1,1|0,0|0,0|0,0|1,0|0,1|0,0|0,0|1,0|0,0|0,0|0,1|0,0|0,0|0,0|0,0|0,1|0,1|1,0|0,1|0,0|0,0|1,0|0,0|1,1|0,1|0,0|0,0|0,0|1,0|0,1|0,0|0,0|1,0|0,0|0,0|0,0|0,1|0,0|0,1|0,1|1,0|1,0|0,0|0,0|0,0|0,0|1,1|1,1|1,0|0,0|0,0|1,0|0,1|0,0|0,0|0,0|0,0|1,0|0,1|0,0|1,0|0,1|0,0|1,0|0,1|0,0|0,0|0,0|0,0|1,0|0,0|0,0|0,0|0,0|1,1|1,0|0,0|0,0|0,1|0,0|0,0|0,0|1,0|0,0|0,1|0,0|1,0|0,0|0,1|0,0|1,1|0,0|1,0|0,0|0,0|1
17,35818340,.,C,T,.,PASS,AC=21;AN=5096;DP=18013;AF=0;EAS_AF=0.02;EUR_AF=0;AFR_AF=0;AMR_AF=0;SAS_AF=0;VT=SNP;NS=2548,GT,0|0,0|1,0|0,0|0,0|0,0|0,0|0,0|0,0|0,0|0,0|0,0|0,0|0,0|0,0|0,0|0,0|0,0|0,0|0,0|0,0|0,0|0,0|0,0|0,0|0,0|0,0|0,0|0,0|0,0|0,0|0,0|0,0|0,0|0,0|0,0|0,0|0,0|0,0|0,0|0,0|0,0|0,0|0,0|0,0|0,0|0,0|0,0|0,1|0,0|0,0|0,0|0,0|0,0|0,0|0,0|0,0|0,0|0,0|0,0|0,0|0,0|0,0|0,0|0,0|0,0|0,0|0,0|0,0|0,0|0,0|0,0|0,0|0,0|0,0|0,0|0,0|1,0|0,0|0,0|0,0|0,0|0,0|1,0|0,0|0,0|0,0|0,0|0,0|0,0|0,0|0,1|0,0|0,0|0,0|0,0|0,0|0,0|0,0|0
17,35818348,.,T,C,.,PASS,AC=610;AN=5096;DP=18018;AF=0.12;EAS_AF=0.21;EUR_AF=0.1;AFR_AF=0.05;AMR_AF=0.18;SAS_AF=0.1;VT=SNP;NS=2548,GT,0|0,1|0,0|1,1|0,0|0,0|0,0|1,0|0,1|0,0|0,0|1,0|0,0|0,0|0,1|0,0|0,0|0,0|0,0|0,1|0,1|1,0|0,1|0,0|0,0|1,0|0,0|1,1|0,1|0,0|0,0|0,0|1,0|0,1|0,0|0,0|1,0|0,0|0,0|0,0|0,1|0,0|0,1|0,1|1,0|1,0|0,0|0,0|0,0|0,0|1,1|1,1|1,0|0,0|0,0|1,0|0,1|0,0|0,0|0,0|0,0|1,0|0,1|0,0|1,0|0,1|0,0|1,0|0,1|0,0|0,0|0,0|0,0|1,0|0,0|0,0|0,0|0,0|1,1|1,0|0,0|0,0|0,1|0,0|0,0|0,0|1,0|0,0|0,1|0,0|1,0|0,0|0,1|0,0|1,1|0,0|1,0|0,0|0,0|1
17,35819053,.,G,A,.,PASS,AC=1;AN=5096;DP=16909;AF=0;EAS_AF=0;EUR_AF=0;AFR_AF=0;AMR_AF=0;SAS_AF=0;VT=SNP;NS=2548,GT,0|0,0|0,0|0,0|0,0|0,0|0,0|0,0|0,0|0,0|0,0|0,0|0,0|0,0|0,0|0,0|0,0|0,0|0,0|0,0|0,0|0,0|0,0|0,0|0,0|0,0|0,0|0,0|0,0|0,0|0,0|0,0|0,0|0,0|0,0|0,0|0,0|0,0|0,0|0,0|0,0|0,0|0,0|0,0|0,0|0,0|0,0|0,0|0,0|0,0|0,0|0,0|0,0|0,0|0,0|0,0|0,0|0,0|0,0|0,0|0,0|0,0|0,0|0,0|0,0|0,0|0,0|0,0|0,0|0,0|1,0|0,0|0,0|0,0|0,0|0,0|0,0|0,0|0,0|0,0|0,0|0,0|0,0|0,0|0,0|0,0|0,0|0,0|0,0|0,0|0,0|0,0|0,0|0,0|0,0|0,0|0,0|0,0|0,0|0
17,35819082,.,T,TA,.,PASS,AC=130;AN=5096;DP=16820;AF=0.03;EAS_AF=0.1;EUR_AF=0.01;AFR_AF=0;AMR_AF=0.01;SAS_AF=0.01;VT=INDEL;NS=2548,GT,0|0,0|0,0|0,0|0,0|1,0|0,1|0,1|0,0|0,1|0,0|0,0|0,0|0,0|0,0|0,0|0,0|0,0|0,0|0,0|0,0|0,0|0,0|0,0|0,0|0,0|1,0|0,0|0,0|0,0|0,0|0,0|0,0|0,0|0,0|0,0|0,0|0,0|0,0|0,0|0,0|0,0|0,0|0,0|0,0|0,0|0,1|0,0|0,0|0,0|0,0|0,0|0,0|0,0|0,0|0,0|0,0|0,0|0,0|0,0|0,0|0,0|0,0|0,0|0,0|0,0|0,1|0,0|0,0|0,0|0,0|0,0|0,0|0,0|0,0|0,0|0,0|0,0|0,0|0,0|0,0|0,0|0,0|0,0|0,0|0,0|0,0|1,0|0,0|0,0|0,0|1,0|1,0|0,1|0,0|0,0|0,0|0,0|0,0|0
17,35819494,.,G,A,.,PASS,AC=5;AN=5096;DP=18574;AF=0;EAS_AF=0;EUR_AF=0;AFR_AF=0;AMR_AF=0;SAS_AF=0;VT=SNP;NS=2548,GT,0|0,0|0,0|0,0|0,0|0,0|0,0|0,0|0,0|0,0|0,0|0,0|0,0|0,0|0,0|0,0|0,0|0,0|0,0|0,0|0,0|0,0|0,0|0,0|0,0|0,0|0,0|0,0|0,0|0,0|0,0|0,0|0,0|0,0|0,0|0,0|0,0|0,0|0,0|0,0|0,0|0,0|0,0|0,0|0,0|0,0|0,0|0,0|0,0|0,0|0,0|0,0|0,0|0,0|0,0|0,0|0,0|0,0|0,0|0,0|0,0|0,0|0,0|0,0|0,0|0,0|0,0|0,0|0,0|0,0|0,0|0,0|0,0|0,0|0,0|0,0|0,0|0,0|0,0|0,0|1,0|0,0|0,0|0,0|0,0|0,0|0,0|0,0|0,0|0,0|0,0|0,0|0,0|0,0|0,0|0,0|0,0|0,0|0,0|0
17,35819814,.,C,A,.,PASS,AC=927;AN=5096;DP=38442;AF=0.18;EAS_AF=0.3;EUR_AF=0.11;AFR_AF=0.19;AMR_AF=0.19;SAS_AF=0.11;VT=SNP;NS=2548,GT,0|0,1|0,0|1,1|0,0|1,0|0,1|1,1|0,1|0,1|0,0|1,0|0,0|0,0|0,1|0,0|0,0|0,0|0,0|0,1|0,1|1,0|0,1|0,0|0,0|1,0|1,0|1,1|0,1|0,0|0,0|0,0|1,0|0,1|0,0|0,0|1,0|0,0|0,0|0,0|0,1|0,0|0,1|0,1|1,0|1,0|0,1|0,0|0,0|0,0|1,1|1,1|1,0|0,0|0,0|1,0|0,1|0,0|0,0|0,0|0,0|1,0|0,1|0,0|1,0|0,1|0,1|1,0|0,1|0,0|0,0|0,0|0,0|1,0|0,0|0,0|0,0|0,0|1,1|1,0|0,0|0,0|0,1|0,0|0,0|0,0|1,0|1,0|0,1|0,0|1,0|1,0|1,1|0,1|1,1|0,0|1,0|0,0|0,0|1
17,35820347,.,A,G,.,PASS,AC=1;AN=5096;DP=326475;AF=0;EAS_AF=0;EUR_AF=0;AFR_AF=0;AMR_AF=0;SAS_AF=0;VT=SNP;NS=2548,GT,0|0,0|0,0|0,0|0,0|0,0|0,0|0,0|0,0|0,0|0,0|0,0|0,0|0,0|0,0|0,0|0,0|0,0|0,0|0,0|0,0|0,0|0,0|0,0|0,0|0,0|0,0|0,0|0,0|0,0|0,0|0,0|0,0|0,0|0,0|0,0|1,0|0,0|0,0|0,0|0,0|0,0|0,0|0,0|0,0|0,0|0,0|0,0|0,0|0,0|0,0|0,0|0,0|0,0|0,0|0,0|0,0|0,0|0,0|0,0|0,0|0,0|0,0|0,0|0,0|0,0|0,0|0,0|0,0|0,0|0,0|0,0|0,0|0,0|0,0|0,0|0,0|0,0|0,0|0,0|0,0|0,0|0,0|0,0|0,0|0,0|0,0|0,0|0,0|0,0|0,0|0,0|0,0|0,0|0,0|0,0|0,0|0,0|0,0|0
17,35820467,.,T,C,.,PASS,AC=1;AN=5096;DP=172876;AF=0;EAS_AF=0;EUR_AF=0;AFR_AF=0;AMR_AF=0;SAS_AF=0;VT=SNP;NS=2548,GT,0|0,0|0,0|0,0|0,0|0,0|0,0|0,0|0,0|0,0|0,0|0,0|0,0|0,0|1,0|0,0|0,0|0,0|0,0|0,0|0,0|0,0|0,0|0,0|0,0|0,0|0,0|0,0|0,0|0,0|0,0|0,0|0,0|0,0|0,0|0,0|0,0|0,0|0,0|0,0|0,0|0,0|0,0|0,0|0,0|0,0|0,0|0,0|0,0|0,0|0,0|0,0|0,0|0,0|0,0|0,0|0,0|0,0|0,0|0,0|0,0|0,0|0,0|0,0|0,0|0,0|0,0|0,0|0,0|0,0|0,0|0,0|0,0|0,0|0,0|0,0|0,0|0,0|0,0|0,0|0,0|0,0|0,0|0,0|0,0|0,0|0,0|0,0|0,0|0,0|0,0|0,0|0,0|0,0|0,0|0,0|0,0|0,0|0,0|0
17,35821079,.,G,A,.,PASS,AC=321;AN=5096;DP=19482;AF=0.06;EAS_AF=0.1;EUR_AF=0.01;AFR_AF=0.14;AMR_AF=0.02;SAS_AF=0.01;VT=SNP;NS=2548,GT,0|0,0|0,0|0,0|0,0|1,0|0,1|0,1|0,0|0,1|0,0|0,0|0,0|0,0|0,0|0,0|0,0|0,0|0,0|0,0|0,0|0,0|0,0|0,0|0,0|0,0|1,0|0,0|0,0|0,0|0,0|0,0|0,0|0,0|0,0|0,0|0,0|0,0|0,0|0,0|0,0|0,0|0,0|0,0|0,0|0,0|0,1|0,0|0,0|0,0|0,0|0,0|0,0|0,0|0,0|0,0|0,0|0,0|0,0|0,0|0,0|0,0|0,0|0,0|0,0|0,0|0,1|0,0|0,0|0,0|0,0|0,0|0,0|0,0|0,0|0,0|0,0|0,0|0,0|0,0|0,0|0,0|0,0|0,0|0,0|0,0|0,0|1,0|0,0|0,0|0,0|1,0|1,0|0,1|0,0|0,0|0,0|0,0|0,0|0
17,35821563,.,TA,T,.,PASS,AC=932;AN=5096;DP=17322;AF=0.18;EAS_AF=0.3;EUR_AF=0.11;AFR_AF=0.19;AMR_AF=0.2;SAS_AF=0.11;VT=INDEL;NS=2548,GT,0|0,1|0,0|1,1|0,0|1,0|0,1|1,1|0,1|0,1|0,0|1,0|0,0|0,0|0,1|0,0|0,0|0,0|0,0|0,1|0,1|1,0|0,1|0,0|0,0|1,0|1,0|1,1|0,1|0,0|0,0|0,0|1,0|0,1|0,0|0,0|1,0|0,0|0,0|0,0|0,1|0,0|0,1|0,1|1,0|1,0|0,1|0,0|0,0|0,0|1,1|1,1|1,0|0,0|0,0|1,0|0,1|0,0|0,0|0,0|0,0|1,0|0,1|0,0|1,0|0,1|0,1|1,0|0,1|0,0|0,0|0,0|0,0|1,0|0,0|0,0|0,0|0,0|1,1|1,0|0,0|0,0|0,1|0,0|0,0|0,0|1,0|1,0|0,1|0,0|1,0|1,0|1,1|0,1|1,1|0,0|1,0|0,0|0,0|1
17,35822045,.,T,A,.,PASS,AC=1564;AN=5096;DP=17299;AF=0.31;EAS_AF=0.32;EUR_AF=0.16;AFR_AF=0.46;AMR_AF=0.23;SAS_AF=0.3;VT=SNP;NS=2548,GT,0|0,1|0,0|1,1|0,0|1,0|0,1|1,1|0,1|0,1|0,0|1,0|0,0|0,0|0,1|1,1|0,0|0,0|0,0|0,1|0,1|1,0|0,1|0,0|0,0|1,0|1,0|1,1|0,1|0,0|0,0|0,0|1,0|0,1|0,0|0,0|1,0|0,0|0,0|0,0|0,1|0,0|0,1|0,1|1,0|1,0|0,1|0,0|0,0|0,0|1,1|1,1|1,0|1,0|0,0|1,0|0,1|0,0|0,0|0,0|0,0|1,0|0,1|0,1|1,0|0,1|0,1|1,0|0,1|0,0|0,0|0,0|0,0|1,0|0,0|0,0|0,0|0,1|1,1|1,0|0,0|0,0|0,1|0,0|0,0|0,0|1,0|1,0|0,1|0,0|1,0|1,0|1,1|0,1|1,1|0,0|1,0|0,0|0,0|1
17,35822498,.,A,G,.,PASS,AC=635;AN=5096;DP=44634;AF=0.12;EAS_AF=0.01;EUR_AF=0.05;AFR_AF=0.27;AMR_AF=0.02;SAS_AF=0.19;VT=SNP;NS=2548,GT,0|0,0|0,0|0,0|0,0|0,0|0,0|0,0|0,0|0,0|0,0|0,0|0,0|0,0|0,0|1,1|0,0|0,0|0,0|0,0|0,0|0,0|0,0|0,0|0,0|0,0|0,0|0,0|0,0|0,0|0,0|0,0|0,0|0,0|0,0|0,0|0,0|0,0|0,0|0,0|0,0|0,0|0,0|0,0|0,0|0,0|0,0|0,0|0,0|0,0|0,0|0,0|0,0|1,0|0,0|0,0|0,0|0,0|0,0|0,0|0,0|0,0|0,0|0,1|0,0|0,0|0,0|0,0|0,0|0,0|0,0|0,0|0,0|0,0|0,0|0,0|0,0|0,1|0,0|0,0|0,0|0,0|0,0|0,0|0,0|0,0|0,0|0,0|0,0|0,0|0,0|0,0|0,0|0,0|0,0|0,0|0,0|0,0|0,0|0
17,35822823,.,C,T,.,PASS,AC=1;AN=5096;DP=339526;AF=0;EAS_AF=0;EUR_AF=0;AFR_AF=0;AMR_AF=0;SAS_AF=0;VT=SNP;NS=2548,GT,0|0,0|0,0|0,0|0,0|0,0|0,0|0,0|0,0|0,0|0,0|0,0|0,0|0,0|0,0|0,0|0,0|0,0|0,0|0,0|0,0|0,0|0,0|0,0|0,0|0,0|0,0|0,0|0,0|0,0|0,0|0,0|0,0|0,0|0,0|0,0|0,0|0,0|0,0|0,0|0,0|0,0|0,0|0,0|0,0|0,0|0,0|0,0|0,0|0,0|0,0|0,0|1,0|0,0|0,0|0,0|0,0|0,0|0,0|0,0|0,0|0,0|0,0|0,0|0,0|0,0|0,0|0,0|0,0|0,0|0,0|0,0|0,0|0,0|0,0|0,0|0,0|0,0|0,0|0,0|0,0|0,0|0,0|0,0|0,0|0,0|0,0|0,0|0,0|0,0|0,0|0,0|0,0|0,0|0,0|0,0|0,0|0,0|0,0|0
17,35823421,.,C,T,.,PASS,AC=1572;AN=5096;DP=17846;AF=0.31;EAS_AF=0.32;EUR_AF=0.16;AFR_AF=0.46;AMR_AF=0.23;SAS_AF=0.3;VT=SNP;NS=2548,GT,0|0,1|0,0|1,1|0,0|1,0|0,1|1,1|0,1|0,1|0,0|1,0|0,0|0,0|0,1|1,1|0,0|0,0|0,0|0,1|0,1|1,0|0,1|0,0|0,0|1,0|1,0|1,1|0,1|0,0|0,0|0,0|1,0|0,1|0,0|0,0|1,0|0,0|0,0|0,0|0,1|0,0|0,1|0,1|1,0|1,0|0,1|0,0|0,0|0,0|1,1|1,1|1,0|1,0|0,0|1,0|0,1|0,0|0,0|0,0|0,0|1,0|0,1|0,1|1,0|0,1|0,1|1,0|0,1|0,0|0,0|0,0|0,0|1,0|0,0|0,0|0,0|0,1|1,1|1,0|0,0|0,0|0,1|0,0|0,0|0,0|1,0|1,0|0,1|0,0|1,0|1,0|1,1|0,1|1,1|0,0|1,0|0,0|0,0|1
17,35823733,.,G,C,.,PASS,AC=562;AN=5096;DP=23470;AF=0.11;EAS_AF=0.21;EUR_AF=0.1;AFR_AF=0.02;AMR_AF=0.17;SAS_AF=0.1;VT=SNP;NS=2548,GT,0|0,1|0,0|1,1|0,0|0,0|0,0|1,0|0,1|0,0|0,0|1,0|0,0|0,0|0,1|0,0|0,0|0,0|0,0|0,1|0,1|1,0|0,1|0,0|0,0|1,0|0,0|1,1|0,1|0,0|0,0|0,0|1,0|0,1|0,0|0,0|1,0|0,0|0,0|0,0|0,1|0,0|0,1|0,1|1,0|1,0|0,0|0,0|0,0|0,0|1,1|1,1|1,0|0,0|0,0|1,0|0,1|0,0|0,0|0,0|0,0|1,0|0,1|0,0|1,0|0,1|0,0|1,0|0,1|0,0|0,0|0,0|0,0|1,0|0,0|0,0|0,0|0,0|1,1|1,0|0,0|0,0|0,1|0,0|0,0|0,0|1,0|0,0|0,1|0,0|1,0|0,0|0,1|0,0|1,1|0,0|1,0|0,0|0,0|1
17,35823900,.,G,C,.,PASS,AC=563;AN=5096;DP=83961;AF=0.11;EAS_AF=0.21;EUR_AF=0.1;AFR_AF=0.02;AMR_AF=0.17;SAS_AF=0.1;VT=SNP;NS=2548,GT,0|0,1|0,0|1,1|0,0|0,0|0,0|1,0|0,1|0,0|0,0|1,0|0,0|0,0|0,1|0,0|0,0|0,0|0,0|0,1|0,1|1,0|0,1|0,0|0,0|1,0|0,0|1,1|0,1|0,0|0,0|0,0|1,0|0,1|0,0|0,0|1,0|0,0|0,0|0,0|0,1|0,0|0,1|0,1|1,0|1,0|0,0|0,0|0,0|0,0|1,1|1,1|1,0|0,0|0,0|1,0|0,1|0,0|0,0|0,0|0,0|1,0|0,1|0,0|1,0|0,1|0,0|1,0|0,1|0,0|0,0|0,0|0,0|1,0|0,0|0,0|0,0|0,0|1,1|1,0|0,0|0,0|0,1|0,0|0,0|0,0|1,0|0,0|0,1|0,0|1,0|0,0|0,1|0,0|1,1|0,0|1,0|0,0|0,0|1
17,35824639,.,A,G,.,PASS,AC=4;AN=5096;DP=22595;AF=0;EAS_AF=0;EUR_AF=0;AFR_AF=0;AMR_AF=0;SAS_AF=0;VT=SNP;NS=2548,GT,0|0,0|0,0|0,0|0,0|0,0|0,0|0,0|0,0|0,0|0,0|0,0|0,0|0,0|0,0|0,0|0,0|0,0|0,0|0,0|0,0|0,0|0,0|0,0|0,0|0,0|0,0|0,0|0,0|0,0|0,0|0,0|0,0|0,0|0,0|0,0|0,0|0,0|0,0|0,0|0,0|0,0|0,0|0,0|0,0|0,0|0,0|0,0|0,0|0,0|0,0|0,0|0,0|0,0|0,0|0,0|0,0|0,0|0,0|0,0|0,0|0,0|0,0|0,0|0,0|0,0|0,0|0,0|0,0|0,0|0,0|0,0|0,0|0,0|0,0|1,0|0,0|0,0|0,0|0,0|0,0|0,0|0,0|0,0|0,0|0,0|0,1|0,0|0,0|0,0|0,0|0,0|0,0|0,0|0,0|0,0|0,0|0,0|0,0|0
17,35824921,.,TAA,T,.,PASS,AC=1066;AN=5096;DP=19523;AF=0.21;EAS_AF=0.31;EUR_AF=0.11;AFR_AF=0.28;AMR_AF=0.21;SAS_AF=0.11;VT=INDEL;NS=2548,GT,0|0,1|0,0|1,1|0,0|1,0|0,1|1,1|0,1|0,1|0,0|1,0|0,0|0,0|0,1|0,0|0,0|0,0|0,0|0,1|0,1|1,0|0,1|0,0|0,0|1,0|1,0|1,1|0,1|0,0|0,0|0,0|1,0|0,1|0,0|0,0|1,0|0,0|0,0|0,0|0,1|0,0|0,1|0,1|1,0|1,0|0,1|0,0|0,0|0,0|1,1|1,1|1,0|0,0|0,0|1,0|0,1|0,0|0,0|0,0|0,0|1,0|0,1|0,0|1,0|0,1|0,1|1,0|0,1|0,0|0,0|0,0|0,0|1,0|0,0|0,0|0,0|0,0|1,1|1,0|0,0|0,0|0,1|0,0|0,0|0,0|1,0|1,0|0,1|0,0|1,0|1,0|1,1|0,1|1,1|0,0|1,0|0,0|0,0|1
17,35824996,.,T,C,.,PASS,AC=366;AN=5096;DP=20722;AF=0.07;EAS_AF=0.12;EUR_AF=0.09;AFR_AF=0;AMR_AF=0.16;SAS_AF=0.04;VT=SNP;NS=2548,GT,0|0,1|0,0|1,1|0,0|0,0|0,0|0,0|0,1|0,0|0,0|0,0|0,0|0,0|0,0|0,0|0,0|0,0|0,0|0,1|0,1|0,0|0,1|0,0|0,0|0,0|0,0|1,1|0,1|0,0|0,0|0,0|1,0|0,1|0,0|0,0|1,0|0,0|0,0|0,0|0,0|0,0|0,1|0,0|1,0|0,0|0,0|0,0|0,0|0,0|1,0|0,1|0,0|0,0|0,0|0,0|0,1|0,0|0,0|0,0|0,0|0,0|0,1|0,0|0,0|0,1|0,0|1,0|0,1|0,0|0,0|0,0|0,0|1,0|0,0|0,0|0,0|0,0|1,1|0,0|0,0|0,0|0,1|0,0|0,0|0,0|1,0|0,0|0,0|0,0|1,0|0,0|0,1|0,0|0,1|0,0|1,0|0,0|0,0|1
17,35825047,.,GCC,G,.,PASS,AC=1;AN=5096;DP=19024;AF=0;EAS_AF=0;EUR_AF=0;AFR_AF=0;AMR_AF=0;SAS_AF=0;VT=INDEL;NS=2548,GT,0|0,0|0,0|0,0|0,0|0,0|0,0|0,0|0,0|0,0|0,0|0,0|0,0|0,0|0,0|0,0|0,0|0,0|0,0|0,0|0,0|0,0|0,0|0,0|0,0|0,0|0,0|0,0|0,0|0,0|0,0|0,0|0,0|0,0|0,0|0,0|0,0|0,0|0,0|0,0|0,0|0,0|0,0|0,0|0,0|0,0|0,0|0,0|0,0|0,0|0,0|0,0|0,0|0,0|0,0|0,0|0,0|0,0|0,0|0,0|0,0|0,0|0,0|0,0|0,0|0,0|0,0|1,0|0,0|0,0|0,0|0,0|0,0|0,0|0,0|0,0|0,0|0,0|0,0|0,0|0,0|0,0|0,0|0,0|0,0|0,0|0,0|0,0|0,0|0,0|0,0|0,0|0,0|0,0|0,0|0,0|0,0|0,0|0,0|0
17,35825092,.,C,G,.,PASS,AC=796;AN=5096;DP=19534;AF=0.16;EAS_AF=0.21;EUR_AF=0.1;AFR_AF=0.18;AMR_AF=0.19;SAS_AF=0.1;VT=SNP;NS=2548,GT,0|0,1|0,0|1,1|0,0|0,0|0,0|1,0|0,1|0,0|0,0|1,0|0,0|0,0|0,1|0,0|0,0|0,0|0,0|0,1|0,1|1,0|0,1|0,0|0,0|1,0|0,0|1,1|0,1|0,0|0,0|0,0|1,0|0,1|0,0|0,0|1,0|0,0|0,0|0,0|0,1|0,0|0,1|0,1|1,0|1,0|0,0|0,0|0,0|0,0|1,1|1,1|1,0|0,0|0,0|1,0|0,1|0,0|0,0|0,0|0,0|1,0|0,1|0,0|1,0|0,1|0,0|1,0|0,1|0,0|0,0|0,0|0,0|1,0|0,0|0,0|0,0|0,0|1,1|1,0|0,0|0,0|0,1|0,0|0,0|0,0|1,0|0,0|0,1|0,0|1,0|0,0|0,1|0,0|1,1|0,0|1,0|0,0|0,0|1
17,35825424,.,A,G,.,PASS,AC=3;AN=5096;DP=20059;AF=0;EAS_AF=0;EUR_AF=0;AFR_AF=0;AMR_AF=0;SAS_AF=0;VT=SNP;NS=2548,GT,0|0,0|0,0|0,0|0,0|0,0|0,0|0,0|0,0|0,0|0,0|0,0|0,0|0,0|0,0|0,0|0,0|0,0|0,0|0,0|0,0|0,0|0,0|0,0|0,0|0,0|0,0|0,0|0,0|0,0|0,0|0,0|0,0|0,0|0,0|0,0|0,0|0,0|0,0|0,0|0,0|0,0|0,0|0,0|0,0|0,0|0,0|0,0|0,0|0,0|0,0|0,0|0,0|0,0|0,0|0,0|0,0|0,0|0,0|0,0|0,0|0,0|0,0|0,0|0,0|0,0|0,0|0,0|1,0|0,0|0,0|0,0|0,0|0,0|0,0|0,0|0,0|0,0|0,0|0,0|0,0|0,0|0,0|0,0|0,0|0,0|0,0|0,0|0,0|0,0|0,0|0,0|0,0|0,0|0,0|0,0|0,0|0,0|0,0|0
17,35825527,.,TATAGTACATC,T,.,PASS,AC=808;AN=5096;DP=20667;AF=0.16;EAS_AF=0.21;EUR_AF=0.1;AFR_AF=0.18;AMR_AF=0.19;SAS_AF=0.1;VT=INDEL;NS=2548,GT,0|0,1|0,0|1,1|0,0|0,0|0,0|1,0|0,1|0,0|0,0|1,0|0,0|0,0|0,1|0,0|0,0|0,0|0,0|0,1|0,1|1,0|0,1|0,0|0,0|1,0|0,0|1,1|0,1|0,0|0,0|0,0|1,0|0,1|0,0|0,0|1,0|0,0|0,0|0,0|0,1|0,0|0,1|0,1|1,0|1,0|0,0|0,0|0,0|0,0|1,1|1,1|1,0|0,0|0,0|1,0|0,1|0,0|0,0|0,0|0,0|1,0|0,1|0,0|1,0|0,1|0,0|1,0|0,1|0,0|0,0|0,0|0,0|1,0|0,0|0,0|0,0|0,0|1,1|1,0|0,0|0,0|0,1|0,0|0,0|0,0|1,0|0,0|0,1|0,0|1,0|0,0|0,1|0,0|1,1|0,0|1,0|0,0|0,0|1
17,35825687,.,G,T,.,PASS,AC=570;AN=5096;DP=18583;AF=0.11;EAS_AF=0.01;EUR_AF=0.05;AFR_AF=0.22;AMR_AF=0.02;SAS_AF=0.19;VT=SNP;NS=2548,GT,0|0,0|0,0|0,0|0,0|0,0|0,0|0,0|0,0|0,0|0,0|0,0|0,0|0,0|0,0|1,1|0,0|0,0|0,0|0,0|0,0|0,0|0,0|0,0|0,0|0,0|0,0|0,0|0,0|0,0|0,0|0,0|0,0|0,0|0,0|0,0|0,0|0,0|0,0|0,0|0,0|0,0|0,0|0,0|0,0|0,0|0,0|0,0|0,0|0,0|0,0|0,0|0,0|1,0|0,0|0,0|0,0|0,0|0,0|0,0|0,0|0,0|0,0|0,1|0,0|0,0|0,0|0,0|0,0|0,0|0,0|0,0|0,0|0,0|0,0|0,0|0,0|0,1|0,0|0,0|0,0|0,0|0,0|0,0|0,0|0,0|0,0|0,0|0,0|0,0|0,0|0,0|0,0|0,0|0,0|0,0|0,0|0,0|0,0|0
17,35825776,.,G,A,.,PASS,AC=809;AN=5096;DP=16644;AF=0.16;EAS_AF=0.21;EUR_AF=0.1;AFR_AF=0.19;AMR_AF=0.19;SAS_AF=0.1;VT=SNP;NS=2548,GT,0|0,1|0,0|1,1|0,0|0,0|0,0|1,0|0,1|0,0|0,0|1,0|0,0|0,0|0,1|0,0|0,0|0,0|0,0|0,1|0,1|1,0|0,1|0,0|0,0|1,0|0,0|1,1|0,1|0,0|0,0|0,0|1,0|0,1|0,0|0,0|1,0|0,0|0,0|0,0|0,1|0,0|0,1|0,1|1,0|1,0|0,0|0,0|0,0|0,0|1,1|1,1|1,0|0,0|0,0|1,0|0,1|0,0|0,0|0,0|0,0|1,0|0,1|0,0|1,0|0,1|0,0|1,0|0,1|0,0|0,0|0,0|0,0|1,0|0,0|0,0|0,0|0,0|1,1|1,0|0,0|0,0|0,1|0,0|0,0|0,0|1,0|0,0|0,1|0,0|1,0|0,0|0,1|0,0|1,1|0,0|1,0|0,0|0,0|1
17,35826379,.,G,A,.,PASS,AC=1570;AN=5096;DP=18787;AF=0.31;EAS_AF=0.32;EUR_AF=0.16;AFR_AF=0.46;AMR_AF=0.22;SAS_AF=0.3;VT=SNP;NS=2548,GT,0|0,1|0,0|1,1|0,0|1,0|0,1|1,1|0,1|0,1|0,0|1,0|0,0|0,0|0,1|1,1|0,0|0,0|0,0|0,1|0,1|1,0|0,1|0,0|0,0|1,0|1,0|1,1|0,1|0,0|0,0|0,0|1,0|0,1|0,0|0,0|1,0|0,0|0,0|0,0|0,1|0,0|0,1|0,1|1,0|1,0|0,1|0,0|0,0|0,0|1,1|1,1|1,0|1,0|0,0|1,0|0,1|0,0|0,0|0,0|0,0|1,0|0,1|0,1|1,0|0,1|0,1|1,0|0,1|0,0|0,0|0,0|0,0|1,0|0,0|0,0|0,0|0,1|1,1|1,0|0,0|0,0|0,1|0,0|0,0|0,0|1,0|1,0|0,1|0,0|1,0|1,0|1,1|0,1|1,1|0,0|1,0|0,0|0,0|1
17,35826416,.,G,T,.,PASS,AC=1570;AN=5096;DP=18314;AF=0.31;EAS_AF=0.32;EUR_AF=0.16;AFR_AF=0.46;AMR_AF=0.22;SAS_AF=0.3;VT=SNP;NS=2548,GT,0|0,1|0,0|1,1|0,0|1,0|0,1|1,1|0,1|0,1|0,0|1,0|0,0|0,0|0,1|1,1|0,0|0,0|0,0|0,1|0,1|1,0|0,1|0,0|0,0|1,0|1,0|1,1|0,1|0,0|0,0|0,0|1,0|0,1|0,0|0,0|1,0|0,0|0,0|0,0|0,1|0,0|0,1|0,1|1,0|1,0|0,1|0,0|0,0|0,0|1,1|1,1|1,0|1,0|0,0|1,0|0,1|0,0|0,0|0,0|0,0|1,0|0,1|0,1|1,0|0,1|0,1|1,0|0,1|0,0|0,0|0,0|0,0|1,0|0,0|0,0|0,0|0,1|1,1|1,0|0,0|0,0|0,1|0,0|0,0|0,0|1,0|1,0|0,1|0,0|1,0|1,0|1,1|0,1|1,1|0,0|1,0|0,0|0,0|1
17,35826442,.,C,G,.,PASS,AC=130;AN=5096;DP=17607;AF=0.03;EAS_AF=0.1;EUR_AF=0.01;AFR_AF=0;AMR_AF=0.01;SAS_AF=0.01;VT=SNP;NS=2548,GT,0|0,0|0,0|0,0|0,0|1,0|0,1|0,1|0,0|0,1|0,0|0,0|0,0|0,0|0,0|0,0|0,0|0,0|0,0|0,0|0,0|0,0|0,0|0,0|0,0|0,0|1,0|0,0|0,0|0,0|0,0|0,0|0,0|0,0|0,0|0,0|0,0|0,0|0,0|0,0|0,0|0,0|0,0|0,0|0,0|0,0|0,1|0,0|0,0|0,0|0,0|0,0|0,0|0,0|0,0|0,0|0,0|0,0|0,0|0,0|0,0|0,0|0,0|0,0|0,0|0,0|0,1|0,0|0,0|0,0|0,0|0,0|0,0|0,0|0,0|0,0|0,0|0,0|0,0|0,0|0,0|0,0|0,0|0,0|0,0|0,0|0,0|1,0|0,0|0,0|0,0|1,0|1,0|0,1|0,0|0,0|0,0|0,0|0,0|0
17,35826657,.,A,C,.,PASS,AC=2;AN=5096;DP=16082;AF=0;EAS_AF=0;EUR_AF=0;AFR_AF=0;AMR_AF=0;SAS_AF=0;VT=SNP;NS=2548,GT,0|0,0|0,0|0,0|0,0|0,0|0,0|0,0|0,0|0,0|0,0|0,0|0,0|0,0|0,0|0,0|0,0|0,0|0,0|0,0|0,0|0,0|0,0|0,0|0,0|0,0|0,0|0,0|0,0|0,0|0,0|0,0|0,0|0,0|0,0|0,0|0,0|0,0|0,0|0,0|0,0|0,0|0,0|0,0|1,0|0,0|0,0|0,0|0,0|0,0|0,0|0,0|0,0|0,0|0,0|0,0|0,0|0,0|0,0|0,0|0,0|0,0|0,0|0,0|0,0|0,0|0,0|0,0|0,0|0,0|0,0|0,0|0,0|0,0|0,0|0,0|0,0|0,0|0,0|0,0|0,0|0,0|0,0|0,0|0,0|0,0|0,0|0,0|0,0|0,0|0,0|0,0|0,0|0,0|0,0|0,0|0,0|0,0|0,0|0
17,35826718,.,C,T,.,PASS,AC=1;AN=5096;DP=12597;AF=0;EAS_AF=0;EUR_AF=0;AFR_AF=0;AMR_AF=0;SAS_AF=0;VT=SNP;NS=2548,GT,0|0,0|0,0|0,0|0,0|0,0|0,0|0,0|0,0|0,0|0,0|0,0|0,0|0,0|0,0|0,0|0,0|0,0|0,0|0,0|0,0|0,0|0,0|0,0|0,0|0,0|0,0|0,0|0,0|0,0|0,0|0,0|0,0|0,0|0,0|0,0|0,0|0,0|0,0|0,0|0,0|0,0|0,0|0,0|0,0|0,0|0,0|0,0|0,0|0,0|0,0|0,0|0,0|0,0|0,0|0,0|0,0|0,0|0,0|0,0|0,0|0,0|0,0|0,0|0,0|0,0|0,0|0,0|0,0|0,0|0,0|0,0|0,0|0,0|0,0|0,0|0,0|0,0|0,0|0,0|0,0|0,0|0,0|0,0|0,0|0,0|0,0|0,0|0,0|0,0|0,0|0,0|0,0|0,0|0,0|0,0|0,0|0,0|0,0|1
17,35826746,.,T,A,.,PASS,AC=363;AN=5096;DP=11891;AF=0.07;EAS_AF=0.01;EUR_AF=0.05;AFR_AF=0.07;AMR_AF=0.02;SAS_AF=0.19;VT=SNP;NS=2548,GT,0|0,0|0,0|0,0|0,0|0,0|0,0|0,0|0,0|0,0|0,0|0,0|0,0|0,0|0,0|1,1|0,0|0,0|0,0|0,0|0,0|0,0|0,0|0,0|0,0|0,0|0,0|0,0|0,0|0,0|0,0|0,0|0,0|0,0|0,0|0,0|0,0|0,0|0,0|0,0|0,0|0,0|0,0|0,0|0,0|0,0|0,0|0,0|0,0|0,0|0,0|0,0|0,0|1,0|0,0|0,0|0,0|0,0|0,0|0,0|0,0|0,0|0,0|0,1|0,0|0,0|0,0|0,0|0,0|0,0|0,0|0,0|0,0|0,0|0,0|0,0|0,0|0,1|0,0|0,0|0,0|0,0|0,0|0,0|0,0|0,0|0,0|0,0|0,0|0,0|0,0|0,0|0,0|0,0|0,0|0,0|0,0|0,0|0,0|0
17,35826754,.,G,A,.,PASS,AC=1;AN=5096;DP=10998;AF=0;EAS_AF=0;EUR_AF=0;AFR_AF=0;AMR_AF=0;SAS_AF=0;VT=SNP;NS=2548,GT,0|0,0|0,0|0,0|0,0|0,0|0,0|0,0|0,0|0,0|0,0|0,0|0,0|0,0|0,0|0,0|0,0|0,0|0,0|0,0|0,0|0,0|0,0|0,0|0,0|0,0|0,0|0,0|0,0|0,0|0,0|0,0|0,0|0,0|0,0|0,0|0,0|0,0|0,0|0,0|0,0|0,0|0,0|0,0|0,0|0,0|0,0|0,0|0,0|0,0|0,0|0,0|0,0|0,0|0,0|0,0|0,0|0,0|0,0|0,0|0,0|0,0|0,0|0,0|0,0|1,0|0,0|0,0|0,0|0,0|0,0|0,0|0,0|0,0|0,0|0,0|0,0|0,0|0,0|0,0|0,0|0,0|0,0|0,0|0,0|0,0|0,0|0,0|0,0|0,0|0,0|0,0|0,0|0,0|0,0|0,0|0,0|0,0|0,0|0
17,35827193,.,G,A,.,PASS,AC=267;AN=5096;DP=14142;AF=0.05;EAS_AF=0.01;EUR_AF=0.05;AFR_AF=0;AMR_AF=0.01;SAS_AF=0.19;VT=SNP;NS=2548,GT,0|0,0|0,0|0,0|0,0|0,0|0,0|0,0|0,0|0,0|0,0|0,0|0,0|0,0|0,0|1,1|0,0|0,0|0,0|0,0|0,0|0,0|0,0|0,0|0,0|0,0|0,0|0,0|0,0|0,0|0,0|0,0|0,0|0,0|0,0|0,0|0,0|0,0|0,0|0,0|0,0|0,0|0,0|0,0|0,0|0,0|0,0|0,0|0,0|0,0|0,0|0,0|0,0|1,0|0,0|0,0|0,0|0,0|0,0|0,0|0,0|0,0|0,0|0,1|0,0|0,0|0,0|0,0|0,0|0,0|0,0|0,0|0,0|0,0|0,0|0,0|0,0|0,1|0,0|0,0|0,0|0,0|0,0|0,0|0,0|0,0|0,0|0,0|0,0|0,0|0,0|0,0|0,0|0,0|0,0|0,0|0,0|0,0|0,0|0
17,35827736,.,G,A,.,PASS,AC=130;AN=5096;DP=19691;AF=0.03;EAS_AF=0.1;EUR_AF=0.01;AFR_AF=0;AMR_AF=0.01;SAS_AF=0.01;VT=SNP;NS=2548,GT,0|0,0|0,0|0,0|0,0|1,0|0,1|0,1|0,0|0,1|0,0|0,0|0,0|0,0|0,0|0,0|0,0|0,0|0,0|0,0|0,0|0,0|0,0|0,0|0,0|0,0|1,0|0,0|0,0|0,0|0,0|0,0|0,0|0,0|0,0|0,0|0,0|0,0|0,0|0,0|0,0|0,0|0,0|0,0|0,0|0,0|0,1|0,0|0,0|0,0|0,0|0,0|0,0|0,0|0,0|0,0|0,0|0,0|0,0|0,0|0,0|0,0|0,0|0,0|0,0|0,0|0,1|0,0|0,0|0,0|0,0|0,0|0,0|0,0|0,0|0,0|0,0|0,0|0,0|0,0|0,0|0,0|0,0|0,0|0,0|0,0|0,0|1,0|0,0|0,0|0,0|1,0|1,0|0,1|0,0|0,0|0,0|0,0|0,0|0
17,35827811,.,G,T,.,PASS,AC=7;AN=5096;DP=20271;AF=0;EAS_AF=0;EUR_AF=0;AFR_AF=0;AMR_AF=0;SAS_AF=0;VT=SNP;NS=2548,GT,0|0,0|0,0|0,0|0,0|0,0|0,0|0,0|0,0|0,0|0,0|0,0|0,0|0,0|0,0|0,0|0,0|0,0|0,0|0,0|0,0|0,0|1,0|0,0|0,0|0,0|0,0|0,0|0,0|0,0|0,0|0,0|0,0|0,0|0,0|0,0|0,0|0,0|0,0|0,0|0,0|0,0|0,0|0,0|0,0|0,0|0,0|0,0|0,0|0,0|0,0|0,0|0,0|0,0|0,0|0,0|0,0|0,0|0,0|0,0|0,0|0,0|0,0|0,0|0,0|0,0|0,0|0,0|0,0|1,0|0,0|0,0|0,0|0,1|0,0|0,0|0,0|0,0|0,0|0,0|0,0|0,0|0,0|0,0|0,0|0,0|0,0|0,0|0,0|0,0|0,0|0,0|0,0|0,0|0,0|0,0|0,0|0,0|0,0|0
17,35829037,.,TGTAAATACAGCTGTTATGGAGAATA,T,.,PASS,AC=115;AN=5096;DP=17401;AF=0.02;EAS_AF=0.09;EUR_AF=0.01;AFR_AF=0;AMR_AF=0.01;SAS_AF=0.01;VT=INDEL;NS=2548,GT,0|0,0|0,0|0,0|0,0|0,0|0,1|0,0|0,0|0,1|0,0|0,0|0,0|0,0|0,0|0,0|0,0|0,0|0,0|0,0|0,0|0,0|0,0|0,0|0,0|0,0|1,0|0,0|0,0|0,0|0,0|0,0|0,0|0,0|0,0|0,0|0,0|0,0|0,0|0,0|0,0|0,0|0,0|0,0|0,0|0,0|0,1|0,0|0,0|0,0|0,0|0,0|0,0|0,0|0,0|0,0|0,0|0,0|0,0|0,0|0,0|0,0|0,0|0,0|0,0|0,0|0,1|0,0|0,0|0,0|0,0|0,0|0,0|0,0|0,0|0,0|0,0|0,0|0,0|0,0|0,0|0,0|0,0|0,0|0,0|0,0|0,0|1,0|0,0|0,0|0,0|1,0|1,0|0,1|0,0|0,0|0,0|0,0|0,0|0
17,35829487,.,C,A,.,PASS,AC=267;AN=5096;DP=11609;AF=0.05;EAS_AF=0.01;EUR_AF=0.05;AFR_AF=0;AMR_AF=0.01;SAS_AF=0.19;VT=SNP;NS=2548,GT,0|0,0|0,0|0,0|0,0|0,0|0,0|0,0|0,0|0,0|0,0|0,0|0,0|0,0|0,0|1,1|0,0|0,0|0,0|0,0|0,0|0,0|0,0|0,0|0,0|0,0|0,0|0,0|0,0|0,0|0,0|0,0|0,0|0,0|0,0|0,0|0,0|0,0|0,0|0,0|0,0|0,0|0,0|0,0|0,0|0,0|0,0|0,0|0,0|0,0|0,0|0,0|0,0|1,0|0,0|0,0|0,0|0,0|0,0|0,0|0,0|0,0|0,0|0,1|0,0|0,0|0,0|0,0|0,0|0,0|0,0|0,0|0,0|0,0|0,0|0,0|0,0|0,1|0,0|0,0|0,0|0,0|0,0|0,0|0,0|0,0|0,0|0,0|0,0|0,0|0,0|0,0|0,0|0,0|0,0|0,0|0,0|0,0|0,0|0
17,35829657,.,G,A,.,PASS,AC=1582;AN=5096;DP=13520;AF=0.31;EAS_AF=0.32;EUR_AF=0.15;AFR_AF=0.47;AMR_AF=0.22;SAS_AF=0.31;VT=SNP;NS=2548,GT,0|0,1|0,0|1,1|0,0|1,0|0,1|1,1|0,1|0,1|0,0|1,0|0,0|0,0|0,1|1,1|0,0|0,0|0,0|0,1|0,1|1,0|0,1|0,0|0,0|1,0|1,0|1,1|0,1|0,0|0,0|0,0|1,0|0,1|0,0|0,0|1,0|0,0|0,0|0,0|0,1|0,0|0,1|0,1|1,0|1,0|0,1|0,0|0,0|0,0|1,1|0,1|1,0|1,0|0,0|1,0|0,1|0,0|0,0|0,0|0,0|1,0|0,1|0,1|1,0|0,0|0,1|1,0|0,1|0,0|0,0|0,0|0,0|1,0|0,0|0,0|0,0|0,1|1,1|1,0|0,0|0,0|0,1|0,0|1,0|0,0|1,0|1,0|0,1|0,0|1,0|1,0|1,1|0,1|1,1|0,0|0,0|0,0|0,0|1
17,35830032,.,C,T,.,PASS,AC=1;AN=5096;DP=21181;AF=0;EAS_AF=0;EUR_AF=0;AFR_AF=0;AMR_AF=0;SAS_AF=0;VT=SNP;NS=2548,GT,0|0,0|0,0|0,0|0,0|0,0|0,0|0,0|0,0|0,0|0,0|0,0|0,0|0,0|0,0|0,0|0,0|0,0|0,0|0,0|0,0|0,0|0,0|0,0|0,0|0,0|0,0|0,0|0,0|0,0|0,0|0,0|0,0|0,0|0,0|1,0|0,0|0,0|0,0|0,0|0,0|0,0|0,0|0,0|0,0|0,0|0,0|0,0|0,0|0,0|0,0|0,0|0,0|0,0|0,0|0,0|0,0|0,0|0,0|0,0|0,0|0,0|0,0|0,0|0,0|0,0|0,0|0,0|0,0|0,0|0,0|0,0|0,0|0,0|0,0|0,0|0,0|0,0|0,0|0,0|0,0|0,0|0,0|0,0|0,0|0,0|0,0|0,0|0,0|0,0|0,0|0,0|0,0|0,0|0,0|0,0|0,0|0,0|0,0|0
17,35830404,.,G,A,.,PASS,AC=3;AN=5096;DP=21364;AF=0;EAS_AF=0;EUR_AF=0;AFR_AF=0;AMR_AF=0;SAS_AF=0;VT=SNP;NS=2548,GT,0|0,0|0,0|0,0|0,0|0,0|0,0|0,0|0,0|0,0|0,0|0,0|0,0|0,0|0,0|0,0|0,0|0,0|0,0|0,0|0,0|0,0|0,0|0,0|0,0|0,0|0,0|0,0|0,0|0,0|0,0|0,0|0,0|0,0|0,0|0,0|0,0|0,0|0,0|0,0|0,0|0,0|0,0|0,0|0,0|0,0|0,0|0,0|0,0|0,0|0,0|0,0|0,0|0,0|0,0|0,0|0,0|0,0|0,0|0,0|0,0|0,0|0,0|0,0|0,0|0,0|1,0|0,0|0,0|0,0|0,0|0,0|0,0|0,0|0,0|0,0|0,0|0,0|0,0|0,0|0,0|0,0|0,0|0,0|0,0|0,0|0,0|0,0|0,0|0,0|0,0|0,0|0,0|0,0|0,0|0,0|0,0|0,0|0,0|0
17,35830464,.,C,CAT,.,PASS,AC=1566;AN=5096;DP=21393;AF=0.31;EAS_AF=0.32;EUR_AF=0.16;AFR_AF=0.46;AMR_AF=0.22;SAS_AF=0.3;VT=INDEL;NS=2548,GT,0|0,1|0,0|1,1|0,0|1,0|0,1|1,1|0,1|0,1|0,0|1,0|0,0|0,0|0,1|1,1|0,0|0,0|0,0|0,1|0,1|1,0|0,1|0,0|0,0|1,0|1,0|1,1|0,1|0,0|0,0|0,0|1,0|0,1|0,0|0,0|1,0|0,0|0,0|0,0|0,1|0,0|0,1|0,1|1,0|1,0|0,1|0,0|0,0|0,0|1,1|1,1|1,0|1,0|0,0|1,0|0,1|0,0|0,0|0,0|0,0|1,0|0,1|0,1|1,0|0,1|0,1|1,0|0,1|0,0|0,0|0,0|0,0|1,0|0,0|0,0|0,0|0,1|1,1|1,0|0,0|0,0|0,1|0,0|0,0|0,0|1,0|1,0|0,1|0,0|1,0|1,0|1,1|0,1|1,1|0,0|1,0|0,0|0,0|1
17,35830565,.,C,G,.,PASS,AC=6;AN=5096;DP=21686;AF=0;EAS_AF=0.01;EUR_AF=0;AFR_AF=0;AMR_AF=0;SAS_AF=0;VT=SNP;NS=2548,GT,0|0,0|0,0|0,0|0,0|0,0|0,0|0,0|0,0|0,0|0,0|0,0|0,0|0,0|0,0|0,0|0,0|0,0|0,0|0,0|0,0|0,0|0,0|0,0|0,0|0,0|0,0|0,0|0,0|0,0|0,0|0,0|0,0|0,0|0,0|0,0|0,0|0,0|0,0|0,0|0,0|0,0|0,0|0,0|0,0|0,0|0,0|0,0|0,0|0,0|0,0|1,0|0,0|0,0|0,0|0,0|0,0|0,0|0,0|0,0|0,0|0,0|0,0|0,0|0,0|0,0|0,0|0,0|0,0|0,0|0,0|0,0|0,0|0,0|0,0|0,0|0,0|0,0|0,0|0,0|0,0|0,0|0,0|0,0|0,0|0,0|0,0|0,0|0,0|0,0|0,0|0,0|0,0|0,0|0,0|0,0|0,0|0,0|0,0|0
17,35830651,.,A,G,.,PASS,AC=5046;AN=5096;DP=20484;AF=0.99;EAS_AF=1;EUR_AF=0.97;AFR_AF=1;AMR_AF=0.98;SAS_AF=0.99;VT=SNP;NS=2548,GT,1|1,1|1,1|1,1|1,1|1,1|1,1|1,1|1,1|1,1|1,1|1,1|1,1|1,1|1,1|1,1|1,1|1,1|1,1|1,1|1,1|1,1|1,1|1,1|1,1|1,1|1,1|1,1|1,1|1,1|1,1|1,1|1,1|1,1|1,1|1,1|1,1|1,1|1,1|1,1|1,1|1,1|1,1|1,1|1,1|1,1|1,1|1,1|1,1|1,1|1,1|1,1|1,1|1,1|1,1|1,1|1,1|1,1|1,1|1,1|1,1|1,1|1,1|1,1|1,1|1,1|1,1|1,1|1,1|1,1|1,1|1,1|1,1|1,1|1,1|1,1|1,1|1,1|1,1|1,1|1,1|1,1|1,1|1,1|1,1|1,1|1,1|1,1|1,1|1,1|1,1|1,1|1,1|1,1|1,1|1,1|1,1|1,1|1,1|1
17,35830774,.,C,T,.,PASS,AC=34;AN=5096;DP=20602;AF=0.01;EAS_AF=0.03;EUR_AF=0;AFR_AF=0;AMR_AF=0;SAS_AF=0;VT=SNP;NS=2548,GT,0|0,0|0,0|1,0|0,0|0,0|0,0|0,0|0,0|0,0|0,0|0,0|0,0|0,0|0,0|0,0|0,0|0,0|0,0|0,0|0,0|0,0|0,0|0,0|0,0|0,0|0,0|1,1|0,0|0,0|0,0|0,0|0,0|0,0|0,0|0,0|0,0|0,0|0,0|0,0|0,0|0,0|0,1|0,0|1,0|0,0|0,0|0,0|0,0|0,0|0,0|0,1|0,0|0,0|0,0|0,0|0,0|0,0|0,0|0,0|0,0|0,0|0,0|0,0|0,0|0,0|0,0|0,0|0,1|0,0|0,0|0,0|0,0|1,0|0,0|0,0|0,0|0,0|0,1|0,0|0,0|0,0|0,1|0,0|0,0|0,0|0,0|0,0|0,0|0,0|0,0|0,0|0,0|0,0|0,0|0,0|0,0|0,0|0,0|0
17,35830866,.,T,TA,.,PASS,AC=1;AN=5096;DP=20288;AF=0;EAS_AF=0;EUR_AF=0;AFR_AF=0;AMR_AF=0;SAS_AF=0;VT=INDEL;NS=2548,GT,0|0,0|0,0|0,0|0,0|0,0|0,0|0,0|0,0|0,0|0,0|0,0|0,1|0,0|0,0|0,0|0,0|0,0|0,0|0,0|0,0|0,0|0,0|0,0|0,0|0,0|0,0|0,0|0,0|0,0|0,0|0,0|0,0|0,0|0,0|0,0|0,0|0,0|0,0|0,0|0,0|0,0|0,0|0,0|0,0|0,0|0,0|0,0|0,0|0,0|0,0|0,0|0,0|0,0|0,0|0,0|0,0|0,0|0,0|0,0|0,0|0,0|0,0|0,0|0,0|0,0|0,0|0,0|0,0|0,0|0,0|0,0|0,0|0,0|0,0|0,0|0,0|0,0|0,0|0,0|0,0|0,0|0,0|0,0|0,0|0,0|0,0|0,0|0,0|0,0|0,0|0,0|0,0|0,0|0,0|0,0|0,0|0,0|0,0|0
17,35830888,.,T,C,.,PASS,AC=3;AN=5096;DP=19994;AF=0;EAS_AF=0;EUR_AF=0;AFR_AF=0;AMR_AF=0;SAS_AF=0;VT=SNP;NS=2548,GT,0|0,0|0,0|0,0|0,0|0,0|0,0|0,0|0,0|0,0|0,0|0,0|0,0|0,0|0,0|0,0|0,0|0,0|0,0|0,0|0,0|0,0|0,0|0,0|0,0|0,0|1,0|0,0|0,0|0,0|0,0|0,0|0,0|0,0|0,0|0,0|0,0|0,0|0,0|0,0|0,0|0,0|0,0|0,0|0,0|0,0|0,0|0,0|0,0|0,0|0,0|0,0|0,0|0,0|0,0|0,0|0,0|0,0|0,0|0,0|0,0|0,0|0,0|0,0|0,0|0,0|0,0|0,0|0,0|0,0|0,0|0,0|0,0|0,0|0,0|0,0|0,0|0,0|0,0|0,0|0,0|0,0|0,0|0,0|0,0|0,0|0,0|0,0|0,0|0,0|0,0|0,0|0,0|0,0|0,0|0,0|0,0|0,0|0,0|0
17,35831036,.,A,T,.,PASS,AC=4;AN=5096;DP=21335;AF=0;EAS_AF=0;EUR_AF=0;AFR_AF=0;AMR_AF=0;SAS_AF=0;VT=SNP;NS=2548,GT,0|0,0|0,0|0,0|0,0|0,0|0,0|0,0|0,0|0,0|0,0|0,0|0,0|0,0|0,0|0,0|0,0|0,0|0,0|0,0|0,0|0,0|0,0|0,0|0,0|0,0|0,0|0,0|0,0|0,0|0,0|0,0|0,0|0,0|0,0|0,0|0,0|0,0|0,0|0,0|0,0|0,0|0,0|0,0|0,0|0,0|0,0|0,1|0,0|0,0|0,0|0,0|0,0|0,0|0,0|0,0|0,0|0,0|0,0|0,0|0,0|0,0|0,0|0,0|0,0|0,0|0,0|0,0|0,0|0,0|0,0|0,0|0,0|0,0|0,0|0,0|0,0|0,0|0,0|0,0|0,0|0,0|0,0|0,0|0,0|0,0|0,0|0,0|0,0|0,0|0,0|0,0|0,0|0,0|0,0|0,0|0,0|0,0|0,0|0
17,35831187,.,A,G,.,PASS,AC=1572;AN=5096;DP=18730;AF=0.31;EAS_AF=0.32;EUR_AF=0.16;AFR_AF=0.46;AMR_AF=0.23;SAS_AF=0.3;VT=SNP;NS=2548,GT,0|0,1|0,0|1,1|0,0|1,0|0,1|1,1|0,1|0,1|0,0|1,0|0,0|0,0|0,1|1,1|0,0|0,0|0,0|0,1|0,1|1,0|0,1|0,0|0,0|1,0|1,0|1,1|0,1|0,0|0,0|0,0|1,0|0,1|0,0|0,0|1,0|0,0|0,0|0,0|0,1|0,0|0,1|0,1|1,0|1,0|0,1|0,0|0,0|0,0|1,1|1,1|1,0|1,0|0,0|1,0|0,1|0,0|0,0|0,0|0,0|1,0|0,1|0,1|1,0|0,1|0,1|1,0|0,1|0,0|0,0|0,0|0,0|1,0|0,0|0,0|0,0|0,1|1,1|1,0|0,0|0,0|0,1|0,0|0,0|0,0|1,0|1,0|0,1|0,0|1,0|1,0|1,1|0,1|1,1|0,0|1,0|0,0|0,0|1
17,35831279,.,C,T,.,PASS,AC=83;AN=5096;DP=15622;AF=0.02;EAS_AF=0.04;EUR_AF=0;AFR_AF=0;AMR_AF=0.05;SAS_AF=0;VT=SNP;NS=2548,GT,0|0,0|0,0|1,0|0,0|0,0|0,0|0,0|0,0|0,0|0,0|0,0|0,0|0,0|0,0|0,0|0,0|0,0|0,0|0,0|0,0|0,0|0,0|0,0|0,0|0,0|0,0|1,1|0,0|0,0|0,0|0,0|0,0|0,0|0,0|0,0|0,0|0,0|0,0|0,0|0,0|0,0|0,1|0,0|1,0|0,0|0,0|0,0|0,0|0,0|0,0|0,1|0,0|0,0|0,0|0,0|0,0|0,0|0,0|0,0|0,0|0,0|0,0|0,0|0,0|0,0|0,0|0,0|0,1|0,0|0,0|0,0|0,0|1,0|0,0|0,0|0,0|0,0|0,1|0,0|0,0|0,0|0,1|0,0|0,0|0,0|0,0|0,0|0,0|0,0|0,0|0,0|0,0|0,0|0,0|0,0|0,0|0,0|0,0|1
17,35831355,.,C,T,.,PASS,AC=1;AN=5096;DP=14330;AF=0;EAS_AF=0;EUR_AF=0;AFR_AF=0;AMR_AF=0;SAS_AF=0;VT=SNP;NS=2548,GT,0|0,0|0,0|0,0|0,0|0,0|0,0|0,0|0,0|0,0|0,0|0,0|0,0|0,0|0,0|0,0|0,0|0,0|0,0|0,0|0,0|0,0|0,0|0,0|0,0|0,0|0,0|0,0|0,0|0,0|0,0|0,0|0,0|0,0|0,0|0,0|0,0|0,0|0,0|0,0|0,0|0,0|0,0|0,0|0,0|0,0|0,0|0,0|0,0|0,0|0,0|0,0|0,0|0,0|0,0|0,0|0,0|0,0|0,0|0,0|0,0|0,0|0,0|0,0|0,0|0,0|0,0|0,0|0,0|0,0|0,1|0,0|0,0|0,0|0,0|0,0|0,0|0,0|0,0|0,0|0,0|0,0|0,0|0,0|0,0|0,0|0,0|0,0|0,0|0,0|0,0|0,0|0,0|0,0|0,0|0,0|0,0|0,0|0,0|0
17,35831722,.,C,T,.,PASS,AC=813;AN=5096;DP=19400;AF=0.16;EAS_AF=0.21;EUR_AF=0.1;AFR_AF=0.19;AMR_AF=0.19;SAS_AF=0.1;VT=SNP;NS=2548,GT,0|0,1|0,0|1,1|0,0|0,0|0,0|1,0|0,1|0,0|0,0|1,0|0,0|0,0|0,1|0,0|0,0|0,0|0,0|0,1|0,1|1,0|0,1|0,0|0,0|1,0|0,0|1,1|0,1|0,0|0,0|0,0|1,0|0,1|0,0|0,0|1,0|0,0|0,0|0,0|0,1|0,0|0,1|0,1|1,0|1,0|0,0|0,0|0,0|0,0|1,1|1,1|1,0|0,0|0,0|1,0|0,1|0,0|0,0|0,0|0,0|1,0|0,1|0,0|1,0|0,1|0,0|1,0|0,1|0,0|0,0|0,0|0,0|1,0|0,0|0,0|0,0|0,0|1,1|1,0|0,0|0,0|0,1|0,0|0,0|0,0|1,0|0,0|0,1|0,0|1,0|0,0|0,1|0,0|1,1|0,0|1,0|0,0|0,0|1
17,35831805,.,G,A,.,PASS,AC=130;AN=5096;DP=17759;AF=0.03;EAS_AF=0.1;EUR_AF=0.01;AFR_AF=0;AMR_AF=0.01;SAS_AF=0.01;VT=SNP;NS=2548,GT,0|0,0|0,0|0,0|0,0|1,0|0,1|0,1|0,0|0,1|0,0|0,0|0,0|0,0|0,0|0,0|0,0|0,0|0,0|0,0|0,0|0,0|0,0|0,0|0,0|0,0|1,0|0,0|0,0|0,0|0,0|0,0|0,0|0,0|0,0|0,0|0,0|0,0|0,0|0,0|0,0|0,0|0,0|0,0|0,0|0,0|0,1|0,0|0,0|0,0|0,0|0,0|0,0|0,0|0,0|0,0|0,0|0,0|0,0|0,0|0,0|0,0|0,0|0,0|0,0|0,0|0,1|0,0|0,0|0,0|0,0|0,0|0,0|0,0|0,0|0,0|0,0|0,0|0,0|0,0|0,0|0,0|0,0|0,0|0,0|0,0|0,0|1,0|0,0|0,0|0,0|1,0|1,0|0,1|0,0|0,0|0,0|0,0|0,0|0
17,35832467,.,A,AT,.,PASS,AC=548;AN=5096;DP=19850;AF=0.11;EAS_AF=0.21;EUR_AF=0.1;AFR_AF=0.01;AMR_AF=0.17;SAS_AF=0.1;VT=INDEL;NS=2548,GT,0|0,1|0,0|1,1|0,0|0,0|0,0|1,0|0,1|0,0|0,0|1,0|0,0|0,0|0,1|0,0|0,0|0,0|0,0|0,1|0,1|1,0|0,1|0,0|0,0|1,0|0,0|1,1|0,1|0,0|0,0|0,0|1,0|0,1|0,0|0,0|1,0|0,0|0,0|0,0|0,1|0,0|0,1|0,1|1,0|1,0|0,0|0,0|0,0|0,0|1,1|1,1|1,0|0,0|0,0|1,0|0,1|0,0|0,0|0,0|0,0|1,0|0,1|0,0|1,0|0,1|0,0|1,0|0,1|0,0|0,0|0,0|0,0|1,0|0,0|0,0|0,0|0,0|1,1|1,0|0,0|0,0|0,1|0,0|0,0|0,0|1,0|0,0|0,1|0,0|1,0|0,0|0,1|0,0|1,1|0,0|1,0|0,0|0,0|1
17,35832543,.,G,A,.,PASS,AC=130;AN=5096;DP=20141;AF=0.03;EAS_AF=0.1;EUR_AF=0.01;AFR_AF=0;AMR_AF=0.01;SAS_AF=0.01;VT=SNP;NS=2548,GT,0|0,0|0,0|0,0|0,0|1,0|0,1|0,1|0,0|0,1|0,0|0,0|0,0|0,0|0,0|0,0|0,0|0,0|0,0|0,0|0,0|0,0|0,0|0,0|0,0|0,0|1,0|0,0|0,0|0,0|0,0|0,0|0,0|0,0|0,0|0,0|0,0|0,0|0,0|0,0|0,0|0,0|0,0|0,0|0,0|0,0|0,1|0,0|0,0|0,0|0,0|0,0|0,0|0,0|0,0|0,0|0,0|0,0|0,0|0,0|0,0|0,0|0,0|0,0|0,0|0,0|0,1|0,0|0,0|0,0|0,0|0,0|0,0|0,0|0,0|0,0|0,0|0,0|0,0|0,0|0,0|0,0|0,0|0,0|0,0|0,0|0,0|1,0|0,0|0,0|0,0|1,0|1,0|0,1|0,0|0,0|0,0|0,0|0,0|0
17,35832562,.,C,T,.,PASS,AC=563;AN=5096;DP=20170;AF=0.11;EAS_AF=0.21;EUR_AF=0.1;AFR_AF=0.02;AMR_AF=0.17;SAS_AF=0.1;VT=SNP;NS=2548,GT,0|0,1|0,0|1,1|0,0|0,0|0,0|1,0|0,1|0,0|0,0|1,0|0,0|0,0|0,1|0,0|0,0|0,0|0,0|0,1|0,1|1,0|0,1|0,0|0,0|1,0|0,0|1,1|0,1|0,0|0,0|0,0|1,0|0,1|0,0|0,0|1,0|0,0|0,0|0,0|0,1|0,0|0,1|0,1|1,0|1,0|0,0|0,0|0,0|0,0|1,1|1,1|1,0|0,0|0,0|1,0|0,1|0,0|0,0|0,0|0,0|1,0|0,1|0,0|1,0|0,1|0,0|1,0|0,1|0,0|0,0|0,0|0,0|1,0|0,0|0,0|0,0|0,0|1,1|1,0|0,0|0,0|0,1|0,0|0,0|0,0|1,0|0,0|0,1|0,0|1,0|0,0|0,1|0,0|1,1|0,0|1,0|0,0|0,0|1
17,35832653,.,C,G,.,PASS,AC=563;AN=5096;DP=20299;AF=0.11;EAS_AF=0.21;EUR_AF=0.1;AFR_AF=0.02;AMR_AF=0.17;SAS_AF=0.1;VT=SNP;NS=2548,GT,0|0,1|0,0|1,1|0,0|0,0|0,0|1,0|0,1|0,0|0,0|1,0|0,0|0,0|0,1|0,0|0,0|0,0|0,0|0,1|0,1|1,0|0,1|0,0|0,0|1,0|0,0|1,1|0,1|0,0|0,0|0,0|1,0|0,1|0,0|0,0|1,0|0,0|0,0|0,0|0,1|0,0|0,1|0,1|1,0|1,0|0,0|0,0|0,0|0,0|1,1|1,1|1,0|0,0|0,0|1,0|0,1|0,0|0,0|0,0|0,0|1,0|0,1|0,0|1,0|0,1|0,0|1,0|0,1|0,0|0,0|0,0|0,0|1,0|0,0|0,0|0,0|0,0|1,1|1,0|0,0|0,0|0,1|0,0|0,0|0,0|1,0|0,0|0,1|0,0|1,0|0,0|0,1|0,0|1,1|0,0|1,0|0,0|0,0|1
17,35832796,.,G,T,.,PASS,AC=5;AN=5096;DP=22146;AF=0;EAS_AF=0;EUR_AF=0;AFR_AF=0;AMR_AF=0;SAS_AF=0;VT=SNP;NS=2548,GT,0|0,0|0,0|0,0|0,0|0,0|0,0|0,0|0,0|0,0|0,0|0,0|0,0|0,0|0,0|0,0|0,0|0,0|0,0|0,0|0,0|0,0|0,0|0,0|0,0|0,0|0,0|0,0|0,0|0,0|0,0|0,0|0,0|0,0|0,0|0,0|0,0|0,0|0,0|0,0|0,0|0,0|0,0|0,0|0,0|0,0|0,0|0,0|0,0|0,0|0,0|0,0|0,0|0,0|0,0|0,0|0,0|0,1|0,0|0,0|0,0|0,0|0,0|0,0|0,0|0,0|0,0|0,0|0,0|0,0|0,0|0,0|0,0|0,0|0,0|0,0|0,0|0,0|0,0|0,0|0,0|0,0|0,0|0,0|0,0|0,0|0,0|0,0|0,0|0,0|0,0|0,0|0,0|0,0|0,0|0,0|0,0|0,0|0,0|0
17,35832885,.,A,G,.,PASS,AC=2882;AN=5096;DP=20981;AF=0.57;EAS_AF=0.5;EUR_AF=0.4;AFR_AF=0.84;AMR_AF=0.47;SAS_AF=0.5;VT=SNP;NS=2548,GT,0|0,1|0,0|1,1|1,0|1,0|0,1|1,1|0,1|0,1|0,1|1,0|1,0|0,0|0,1|1,1|1,0|0,0|0,1|0,1|1,1|1,0|1,1|0,0|1,0|1,1|1,0|1,1|1,1|0,0|1,0|1,1|1,0|1,1|0,1|0,1|1,0|0,0|0,1|0,0|0,1|0,0|1,1|1,1|1,0|1,0|1,1|1,0|0,0|0,0|1,1|1,1|1,0|1,0|0,1|1,0|1,1|1,1|1,0|1,0|0,0|1,0|0,1|0,1|1,0|0,1|0,1|1,0|1,1|1,0|1,0|0,1|0,0|1,1|0,0|0,1|0,0|0,1|1,1|1,0|1,0|1,0|1,1|0,0|0,1|0,0|1,0|1,0|0,1|1,1|1,1|1,0|1,1|0,1|1,1|1,0|1,0|1,0|0,1|1
17,35832990,.,C,G,.,PASS,AC=3;AN=5096;DP=20914;AF=0;EAS_AF=0;EUR_AF=0;AFR_AF=0;AMR_AF=0;SAS_AF=0;VT=SNP;NS=2548,GT,0|1,0|0,0|0,0|0,0|0,0|0,0|0,0|0,0|0,0|0,0|0,0|0,0|0,0|0,0|0,0|0,0|0,0|0,0|0,0|0,0|0,0|0,0|0,0|0,0|0,0|0,0|0,0|0,0|0,0|0,0|0,0|0,0|0,0|0,0|0,0|0,0|0,0|0,0|0,0|0,0|0,1|0,0|0,0|0,0|0,0|0,0|0,0|0,0|0,0|0,0|0,0|0,1|0,0|0,0|0,0|0,0|0,0|0,0|0,0|0,0|0,0|0,0|0,0|0,0|0,0|0,0|0,0|0,0|0,0|0,0|0,0|0,0|0,0|0,0|0,0|0,0|0,0|0,0|0,0|0,0|0,0|0,0|0,0|0,0|0,0|0,0|0,0|0,0|0,0|0,0|0,0|0,0|0,0|0,0|0,0|0,0|0,0|0,0|0
17,35833174,.,G,C,.,PASS,AC=606;AN=5096;DP=20689;AF=0.12;EAS_AF=0.21;EUR_AF=0.1;AFR_AF=0.05;AMR_AF=0.18;SAS_AF=0.1;VT=SNP;NS=2548,GT,0|0,1|0,0|1,1|0,0|0,0|0,0|1,0|0,1|0,0|0,0|1,0|0,0|0,0|0,1|0,0|0,0|0,0|0,0|0,1|0,1|1,0|0,1|0,0|0,0|1,0|0,0|1,1|0,1|0,0|0,0|0,0|1,0|0,1|0,0|0,0|1,0|0,0|0,0|0,0|0,1|0,0|0,1|0,1|1,0|1,0|0,0|0,0|0,0|0,0|1,1|1,1|1,0|0,0|0,0|1,0|0,1|0,0|0,0|0,0|0,0|1,0|0,1|0,0|1,0|0,1|0,0|1,0|0,1|0,0|0,0|0,0|0,0|1,0|0,0|0,0|0,0|0,0|1,1|1,0|0,0|0,0|0,1|0,0|0,0|0,0|1,0|0,0|0,1|0,0|1,0|0,0|0,1|0,0|1,1|0,0|1,0|0,0|0,0|1
17,35833581,.,CTAGTT,C,.,PASS,AC=129;AN=5096;DP=26736;AF=0.03;EAS_AF=0.1;EUR_AF=0.01;AFR_AF=0;AMR_AF=0.01;SAS_AF=0.01;VT=INDEL;NS=2548,GT,0|0,0|0,0|0,0|0,0|1,0|0,1|0,1|0,0|0,1|0,0|0,0|0,0|0,0|0,0|0,0|0,0|0,0|0,0|0,0|0,0|0,0|0,0|0,0|0,0|0,0|1,0|0,0|0,0|0,0|0,0|0,0|0,0|0,0|0,0|0,0|0,0|0,0|0,0|0,0|0,0|0,0|0,0|0,0|0,0|0,0|0,1|0,0|0,0|0,0|0,0|0,0|0,0|0,0|0,0|0,0|0,0|0,0|0,0|0,0|0,0|0,0|0,0|0,0|0,0|0,0|0,1|0,0|0,0|0,0|0,0|0,0|0,0|0,0|0,0|0,0|0,0|0,0|0,0|0,0|0,0|0,0|0,0|0,0|0,0|0,0|0,0|1,0|0,0|0,0|0,0|1,0|1,0|0,1|0,0|0,0|0,0|0,0|0,0|0
17,35833657,.,A,C,.,PASS,AC=1;AN=5096;DP=36957;AF=0;EAS_AF=0;EUR_AF=0;AFR_AF=0;AMR_AF=0;SAS_AF=0;VT=SNP;NS=2548,GT,0|0,0|0,0|0,0|0,0|0,0|0,0|0,0|0,0|0,0|0,0|0,0|0,0|0,0|0,0|0,0|0,0|0,0|0,0|0,0|0,0|0,0|0,0|0,0|0,0|0,0|0,0|0,0|0,0|0,0|0,0|0,0|0,0|0,0|0,0|0,0|0,0|0,0|0,0|0,0|0,0|0,0|0,0|0,1|0,0|0,0|0,0|0,0|0,0|0,0|0,0|0,0|0,0|0,0|0,0|0,0|0,0|0,0|0,0|0,0|0,0|0,0|0,0|0,0|0,0|0,0|0,0|0,0|0,0|0,0|0,0|0,0|0,0|0,0|0,0|0,0|0,0|0,0|0,0|0,0|0,0|0,0|0,0|0,0|0,0|0,0|0,0|0,0|0,0|0,0|0,0|0,0|0,0|0,0|0,0|0,0|0,0|0,0|0,0|0
17,35833760,.,C,T,.,PASS,AC=561;AN=5096;DP=96495;AF=0.11;EAS_AF=0.21;EUR_AF=0.1;AFR_AF=0.02;AMR_AF=0.17;SAS_AF=0.1;VT=SNP;NS=2548,GT,0|0,1|0,0|1,1|0,0|0,0|0,0|1,0|0,1|0,0|0,0|1,0|0,0|0,0|0,1|0,0|0,0|0,0|0,0|0,1|0,1|1,0|0,1|0,0|0,0|1,0|0,0|1,1|0,1|0,0|0,0|0,0|1,0|0,1|0,0|0,0|1,0|0,0|0,0|0,0|0,1|0,0|0,1|0,1|1,0|1,0|0,0|0,0|0,0|0,0|1,1|1,1|1,0|0,0|0,0|1,0|0,1|0,0|0,0|0,0|0,0|1,0|0,1|0,0|1,0|0,1|0,0|1,0|0,1|0,0|0,0|0,0|0,0|1,0|0,0|0,0|0,0|0,0|1,1|1,0|0,0|0,0|0,1|0,0|0,0|0,0|1,0|0,0|0,1|0,0|1,0|0,0|0,1|0,0|1,1|0,0|1,0|0,0|0,0|1
17,35834077,.,T,A,.,PASS,AC=2;AN=5096;DP=63861;AF=0;EAS_AF=0;EUR_AF=0;AFR_AF=0;AMR_AF=0;SAS_AF=0;VT=SNP;NS=2548,GT,0|0,0|0,0|0,0|0,0|0,0|0,0|0,0|0,0|0,0|0,0|0,0|0,0|0,0|0,0|0,0|0,0|0,0|0,0|0,0|0,0|0,0|0,0|0,0|0,0|0,0|0,0|0,0|0,0|0,0|0,0|0,0|0,0|0,0|0,0|0,0|0,0|0,0|0,0|0,0|0,0|0,0|0,0|0,0|0,0|0,0|0,0|0,0|0,0|0,0|0,0|0,0|0,0|0,0|0,0|0,0|0,0|0,0|0,0|0,0|0,0|0,0|0,0|0,0|0,0|0,0|0,0|1,0|0,0|0,0|0,0|0,0|0,0|0,0|0,0|0,0|0,0|0,0|0,0|0,0|0,0|0,0|0,0|0,0|0,0|0,0|0,0|0,0|0,0|0,0|0,0|0,0|0,0|0,0|0,0|0,0|0,0|0,0|0,0|0
17,35834590,.,C,T,.,PASS,AC=1;AN=5096;DP=437154;AF=0;EAS_AF=0;EUR_AF=0;AFR_AF=0;AMR_AF=0;SAS_AF=0;VT=SNP;NS=2548,GT,0|0,0|0,0|0,0|0,0|0,0|0,0|0,0|0,0|0,0|0,0|0,0|0,0|0,0|0,0|0,0|0,0|0,0|0,0|0,0|0,0|0,0|0,0|0,0|0,0|0,0|0,0|0,0|0,0|0,0|0,0|0,0|0,0|0,0|0,0|0,0|0,0|1,0|0,0|0,0|0,0|0,0|0,0|0,0|0,0|0,0|0,0|0,0|0,0|0,0|0,0|0,0|0,0|0,0|0,0|0,0|0,0|0,0|0,0|0,0|0,0|0,0|0,0|0,0|0,0|0,0|0,0|0,0|0,0|0,0|0,0|0,0|0,0|0,0|0,0|0,0|0,0|0,0|0,0|0,0|0,0|0,0|0,0|0,0|0,0|0,0|0,0|0,0|0,0|0,0|0,0|0,0|0,0|0,0|0,0|0,0|0,0|0,0|0,0|0
17,35834644,.,G,GT,.,PASS,AC=795;AN=5096;DP=342516;AF=0.16;EAS_AF=0.09;EUR_AF=0.09;AFR_AF=0.27;AMR_AF=0.06;SAS_AF=0.21;VT=INDEL;NS=2548,GT,0|0,0|0,1|0,0|0,0|0,0|1,0|0,0|0,0|0,0|0,0|0,0|0,0|0,0|1,0|1,1|0,1|0,1|0,0|1,0|0,0|0,0|0,0|1,0|0,1|0,0|0,0|0,0|0,0|0,0|0,0|0,0|0,0|0,0|0,0|0,0|0,0|0,0|0,0|0,0|0,0|0,0|0,0|0,0|0,0|0,0|0,0|0,0|0,0|0,1|0,1|0,0|0,0|1,0|0,0|0,0|0,0|0,0|0,0|0,0|0,0|0,0|0,0|0,1|0,0|0,0|0,0|0,0|0,0|0,0|0,0|0,0|0,0|0,0|0,0|0,0|0,0|0,1|0,0|0,0|0,0|0,0|0,0|0,0|0,0|0,0|0,0|0,0|0,0|0,0|0,0|0,0|0,0|0,0|0,0|0,1|0,0|0,0|0,0|0
17,35835336,.,C,A,.,PASS,AC=130;AN=5096;DP=17627;AF=0.03;EAS_AF=0.1;EUR_AF=0.01;AFR_AF=0;AMR_AF=0.01;SAS_AF=0.01;VT=SNP;NS=2548,GT,0|0,0|0,0|0,0|0,0|1,0|0,1|0,1|0,0|0,1|0,0|0,0|0,0|0,0|0,0|0,0|0,0|0,0|0,0|0,0|0,0|0,0|0,0|0,0|0,0|0,0|1,0|0,0|0,0|0,0|0,0|0,0|0,0|0,0|0,0|0,0|0,0|0,0|0,0|0,0|0,0|0,0|0,0|0,0|0,0|0,0|0,1|0,0|0,0|0,0|0,0|0,0|0,0|0,0|0,0|0,0|0,0|0,0|0,0|0,0|0,0|0,0|0,0|0,0|0,0|0,0|0,1|0,0|0,0|0,0|0,0|0,0|0,0|0,0|0,0|0,0|0,0|0,0|0,0|0,0|0,0|0,0|0,0|0,0|0,0|0,0|0,0|1,0|0,0|0,0|0,0|1,0|1,0|0,1|0,0|0,0|0,0|0,0|0,0|0
17,35835838,.,C,A,.,PASS,AC=130;AN=5096;DP=28882;AF=0.03;EAS_AF=0.1;EUR_AF=0.01;AFR_AF=0;AMR_AF=0.01;SAS_AF=0.01;VT=SNP;NS=2548,GT,0|0,0|0,0|0,0|0,0|1,0|0,1|0,1|0,0|0,1|0,0|0,0|0,0|0,0|0,0|0,0|0,0|0,0|0,0|0,0|0,0|0,0|0,0|0,0|0,0|0,0|1,0|0,0|0,0|0,0|0,0|0,0|0,0|0,0|0,0|0,0|0,0|0,0|0,0|0,0|0,0|0,0|0,0|0,0|0,0|0,0|0,1|0,0|0,0|0,0|0,0|0,0|0,0|0,0|0,0|0,0|0,0|0,0|0,0|0,0|0,0|0,0|0,0|0,0|0,0|0,0|0,1|0,0|0,0|0,0|0,0|0,0|0,0|0,0|0,0|0,0|0,0|0,0|0,0|0,0|0,0|0,0|0,0|0,0|0,0|0,0|0,0|1,0|0,0|0,0|0,0|1,0|1,0|0,1|0,0|0,0|0,0|0,0|0,0|0
17,35836383,.,G,C,.,PASS,AC=1571;AN=5096;DP=65227;AF=0.31;EAS_AF=0.32;EUR_AF=0.16;AFR_AF=0.46;AMR_AF=0.23;SAS_AF=0.3;VT=SNP;NS=2548,GT,0|0,1|0,0|1,1|0,0|1,0|0,1|1,1|0,1|0,1|0,0|1,0|0,0|0,0|0,1|1,1|0,0|0,0|0,0|0,1|0,1|1,0|0,1|0,0|0,0|1,0|1,0|1,1|0,1|0,0|0,0|0,0|1,0|0,1|0,0|0,0|1,0|0,0|0,0|0,0|0,1|0,0|0,1|0,1|1,0|1,0|0,1|0,0|0,0|0,0|1,1|1,1|1,0|1,0|0,0|1,0|0,1|0,0|0,0|0,0|0,0|1,0|0,1|0,1|1,0|0,1|0,1|1,0|0,1|0,0|0,0|0,0|0,0|1,0|0,0|0,0|0,0|0,1|1,1|1,0|0,0|0,0|0,1|0,0|0,0|0,0|1,0|1,0|0,1|0,0|1,0|1,0|1,1|0,1|1,1|0,0|1,0|0,0|0,0|1
17,35836393,.,T,A,.,PASS,AC=397;AN=5096;DP=58884;AF=0.08;EAS_AF=0.13;EUR_AF=0;AFR_AF=0.11;AMR_AF=0.06;SAS_AF=0.07;VT=SNP;NS=2548,GT,0|0,0|0,0|0,0|1,0|0,0|0,0|0,0|0,0|0,0|0,0|0,0|0,0|0,0|0,0|0,0|1,0|0,0|0,1|0,0|0,0|0,0|1,0|0,0|1,0|0,1|0,0|0,0|0,0|0,0|1,0|0,1|0,0|1,0|0,1|0,0|0,0|0,0|0,0|0,0|0,0|0,0|0,0|1,0|0,0|0,0|1,0|1,0|0,0|0,0|0,0|0,0|0,0|0,0|0,1|0,0|0,0|1,1|1,0|0,0|0,0|0,0|0,0|0,0|0,0|0,0|0,0|0,0|1,0|1,0|0,0|0,0|0,0|0,1|0,0|0,1|0,0|0,0|0,0|0,0|0,0|1,0|1,0|0,0|0,0|0,0|0,0|0,0|0,0|0,1|0,1|0,0|0,0|0,0|0,0|1,0|0,0|1,0|0,0|0
17,35836561,.,G,A,.,PASS,AC=2013;AN=5096;DP=24884;AF=0.4;EAS_AF=0.46;EUR_AF=0.16;AFR_AF=0.61;AMR_AF=0.29;SAS_AF=0.36;VT=SNP;NS=2548,GT,0|0,1|0,0|1,1|1,0|1,0|0,1|1,1|0,1|0,1|0,0|1,0|0,0|0,0|0,1|1,1|1,0|0,0|0,1|0,1|0,1|1,0|1,1|0,0|1,0|1,1|1,0|1,1|0,1|0,0|1,0|0,1|1,0|1,1|0,1|0,0|1,0|0,0|0,0|0,0|0,1|0,0|0,1|1,1|1,0|1,0|1,1|1,0|0,0|0,0|1,1|1,1|1,0|1,0|0,1|1,0|0,1|1,1|1,0|0,0|0,0|1,0|0,1|0,1|1,0|0,1|0,1|1,0|1,1|1,0|0,0|0,0|0,0|1,1|0,0|0,1|0,0|0,1|1,1|1,0|0,0|1,0|1,1|0,0|0,0|0,0|1,0|1,0|0,1|0,1|1,1|1,0|1,1|0,1|1,1|1,0|1,0|1,0|0,0|1
17,35836672,.,G,A,.,PASS,AC=3;AN=5096;DP=24921;AF=0;EAS_AF=0;EUR_AF=0;AFR_AF=0;AMR_AF=0;SAS_AF=0;VT=SNP;NS=2548,GT,0|0,0|0,0|0,0|0,0|0,0|0,0|0,0|0,0|0,0|0,0|0,0|0,0|0,0|0,0|0,0|0,0|0,0|0,0|0,0|0,0|0,0|0,0|0,0|0,0|0,0|0,0|0,0|0,0|0,0|0,0|0,0|0,0|0,0|0,0|0,0|0,0|0,0|0,0|0,0|0,0|0,0|0,0|0,0|0,0|0,0|0,0|0,0|0,0|0,0|0,0|0,0|0,0|0,0|0,0|0,0|0,0|0,0|0,0|0,0|0,0|0,0|0,0|0,0|0,0|0,0|0,0|0,0|0,0|0,0|0,0|0,0|0,0|0,0|0,0|0,0|0,0|0,0|0,0|0,0|0,0|0,0|0,0|0,0|0,0|0,0|0,0|0,0|0,0|0,0|0,0|0,0|0,0|0,0|0,0|0,0|0,1|0,0|0,0|0
17,35836858,.,G,A,.,PASS,AC=5046;AN=5096;DP=19976;AF=0.99;EAS_AF=1;EUR_AF=0.97;AFR_AF=1;AMR_AF=0.98;SAS_AF=0.99;VT=SNP;NS=2548,GT,1|1,1|1,1|1,1|1,1|1,1|1,1|1,1|1,1|1,1|1,1|1,1|1,1|1,1|1,1|1,1|1,1|1,1|1,1|1,1|1,1|1,1|1,1|1,1|1,1|1,1|1,1|1,1|1,1|1,1|1,1|1,1|1,1|1,1|1,1|1,1|1,1|1,1|1,1|1,1|1,1|1,1|1,1|1,1|1,1|1,1|1,1|1,1|1,1|1,1|1,1|1,1|1,1|1,1|1,1|1,1|1,1|1,1|1,1|1,1|1,1|1,1|1,1|1,1|1,1|1,1|1,1|1,1|1,1|1,1|1,1|1,1|1,1|1,1|1,1|1,1|1,1|1,1|1,1|1,1|1,1|1,1|1,1|1,1|1,1|1,1|1,1|1,1|1,1|1,1|1,1|1,1|1,1|1,1|1,1|1,1|1,1|1,1|1,1|1
17,35837325,.,A,T,.,PASS,AC=559;AN=5096;DP=17355;AF=0.11;EAS_AF=0.21;EUR_AF=0.1;AFR_AF=0.02;AMR_AF=0.17;SAS_AF=0.1;VT=SNP;NS=2548,GT,0|0,1|0,0|1,1|0,0|0,0|0,0|1,0|0,1|0,0|0,0|1,0|0,0|0,0|0,1|0,0|0,0|0,0|0,0|0,1|0,1|1,0|0,1|0,0|0,0|1,0|0,0|1,1|0,1|0,0|0,0|0,0|1,0|0,1|0,0|0,0|1,0|0,0|0,0|0,0|0,1|0,0|0,1|0,1|1,0|1,0|0,0|0,0|0,0|0,0|1,1|1,1|1,0|0,0|0,0|1,0|0,1|0,0|0,0|0,0|0,0|1,0|0,1|0,0|1,0|0,1|0,0|1,0|0,1|0,0|0,0|0,0|0,0|1,0|0,0|0,0|0,0|0,0|1,1|1,0|0,0|0,0|0,1|0,0|0,0|0,0|1,0|0,0|0,1|0,0|1,0|0,0|0,1|0,0|1,1|0,0|1,0|0,0|0,0|1
17,35837325,.,A,AT,.,PASS,AC=308;AN=5096;DP=17355;AF=0.06;EAS_AF=0.04;EUR_AF=0.02;AFR_AF=0.14;AMR_AF=0.05;SAS_AF=0.02;VT=INDEL;NS=2548,GT,0|0,0|0,0|0,0|0,0|0,0|0,0|0,0|0,0|0,0|0,0|1,0|0,0|0,0|0,0|0,0|0,0|0,0|0,0|0,0|0,1|0,0|0,0|0,0|0,0|0,0|0,0|0,1|0,0|0,0|0,0|0,0|0,0|0,1|0,0|0,0|0,0|0,0|0,0|0,0|0,0|0,0|0,0|0,0|0,0|0,0|0,0|0,0|0,0|0,0|0,0|0,0|0,0|0,0|0,0|0,0|0,0|0,0|0,0|0,0|0,0|0,0|0,0|0,0|0,0|0,0|0,0|0,0|0,0|0,0|0,0|0,0|0,0|1,0|0,0|0,0|0,0|0,0|0,0|0,0|0,0|0,0|0,1|0,0|0,0|0,0|0,0|0,0|0,1|0,0|0,0|0,0|0,0|0,0|0,0|0,0|0,0|0,0|0,0|1
17,35837523,.,C,T,.,PASS,AC=941;AN=5096;DP=21845;AF=0.18;EAS_AF=0.31;EUR_AF=0.11;AFR_AF=0.2;AMR_AF=0.2;SAS_AF=0.11;VT=SNP;NS=2548,GT,0|0,1|0,0|1,1|0,0|1,0|0,1|1,1|0,1|0,1|0,0|1,0|0,0|0,0|0,1|0,0|0,0|0,0|0,0|0,1|0,1|1,0|0,1|0,0|0,0|1,0|1,0|1,1|0,1|0,0|0,0|0,0|1,0|0,1|0,0|0,0|1,0|0,0|0,0|0,0|0,1|0,0|0,1|0,1|1,0|1,0|0,1|0,0|0,0|0,0|1,1|1,1|1,0|0,0|0,0|1,0|0,1|0,0|0,0|0,0|0,0|1,0|0,1|0,0|1,0|0,1|0,1|1,0|0,1|0,0|0,0|0,0|0,0|1,0|0,0|0,0|0,0|0,0|1,1|1,0|0,0|0,0|0,1|0,0|0,0|0,0|1,0|1,0|0,1|0,0|1,0|1,0|1,1|0,1|1,1|0,0|1,0|0,0|0,0|1
17,35837550,.,G,A,.,PASS,AC=3;AN=5096;DP=21467;AF=0;EAS_AF=0;EUR_AF=0;AFR_AF=0;AMR_AF=0;SAS_AF=0;VT=SNP;NS=2548,GT,0|0,0|0,0|0,0|0,0|0,0|0,0|0,0|0,0|0,0|0,0|0,0|0,0|0,0|0,0|0,0|0,0|0,0|0,0|0,0|0,0|0,0|0,0|0,0|0,0|0,0|0,0|0,0|0,0|0,0|0,0|0,0|0,0|0,0|0,0|0,0|0,0|0,0|0,0|0,0|0,0|0,0|0,0|0,0|0,0|0,0|0,0|0,0|0,0|0,0|0,0|0,0|0,0|0,0|0,0|0,0|0,0|0,0|0,0|0,0|1,0|0,0|0,0|0,0|0,0|0,0|0,0|0,0|0,0|0,0|0,0|0,0|0,0|0,0|0,0|0,0|0,0|0,0|0,0|0,0|0,0|0,0|0,0|0,0|0,0|0,0|0,0|0,0|0,0|0,0|0,0|0,0|0,0|0,0|0,0|0,0|0,0|0,0|0,0|0
17,35837700,.,GC,G,.,PASS,AC=3;AN=5096;DP=18710;AF=0;EAS_AF=0;EUR_AF=0;AFR_AF=0;AMR_AF=0;SAS_AF=0;VT=INDEL;NS=2548,GT,0|0,0|0,0|0,0|0,0|0,0|0,0|0,0|0,0|0,0|0,0|0,0|0,0|0,0|0,0|0,0|0,0|0,0|0,0|0,0|0,0|0,0|0,0|0,0|0,0|0,0|0,0|0,0|0,0|0,0|0,0|0,0|0,0|0,0|0,0|0,0|0,0|0,0|0,0|0,0|0,0|0,0|0,0|0,0|0,0|0,0|0,0|0,0|0,0|0,0|0,0|0,0|0,0|0,0|0,0|0,0|0,0|0,0|0,0|0,0|0,0|0,0|0,0|0,0|0,0|0,0|0,0|0,0|0,0|0,0|0,0|0,0|0,0|0,0|1,0|0,0|0,0|0,0|0,0|0,0|0,1|0,0|0,0|0,0|0,0|0,0|0,0|0,0|0,0|0,0|0,0|0,0|0,0|0,0|0,0|0,0|0,0|0,0|0,0|0
17,35838597,.,G,GT,.,PASS,AC=806;AN=5096;DP=211033;AF=0.16;EAS_AF=0.21;EUR_AF=0.1;AFR_AF=0.19;AMR_AF=0.19;SAS_AF=0.1;VT=INDEL;NS=2548,GT,0|0,1|0,0|1,1|0,0|0,0|0,0|1,0|0,1|0,0|0,0|1,0|0,0|0,0|0,1|0,0|0,0|0,0|0,0|0,1|0,1|1,0|0,1|0,0|0,0|1,0|0,0|1,1|0,1|0,0|0,0|0,0|1,0|0,1|0,0|0,0|1,0|0,0|0,0|0,0|0,1|0,0|0,1|0,1|1,0|1,0|0,0|0,0|0,0|0,0|1,1|1,1|1,0|0,0|0,0|1,0|0,1|0,0|0,0|0,0|0,0|1,0|0,1|0,0|1,0|0,1|0,0|1,0|0,1|0,0|0,0|0,0|0,0|1,0|0,0|0,0|0,0|0,0|1,1|1,0|0,0|0,0|0,1|0,0|0,0|0,0|1,0|0,0|0,1|0,0|1,0|0,0|0,1|0,0|1,1|0,0|1,0|0,0|0,0|1
17,35838676,.,C,T,.,PASS,AC=1;AN=5096;DP=83017;AF=0;EAS_AF=0;EUR_AF=0;AFR_AF=0;AMR_AF=0;SAS_AF=0;VT=SNP;NS=2548,GT,0|0,0|0,0|0,0|0,0|0,0|0,0|0,0|0,0|0,0|0,0|0,0|0,0|0,0|0,0|0,0|0,0|0,0|0,0|0,0|0,0|0,0|0,0|0,0|0,0|0,0|0,0|0,0|0,0|0,0|0,0|0,0|0,0|0,0|0,0|0,0|0,0|0,0|0,0|0,0|0,0|0,0|0,0|0,0|0,0|0,0|0,0|0,0|0,0|0,0|0,0|0,0|0,0|0,0|0,0|0,0|0,0|0,0|0,0|0,0|0,0|0,0|0,0|0,0|0,0|0,0|0,0|0,0|0,0|0,0|0,0|0,0|0,0|0,0|0,0|0,0|0,0|0,0|0,0|0,0|0,0|0,0|0,0|0,0|0,0|0,0|0,0|0,0|1,0|0,0|0,0|0,0|0,0|0,0|0,0|0,0|0,0|0,0|0,0|0
17,35839114,.,A,T,.,PASS,AC=139;AN=5096;DP=13972;AF=0.03;EAS_AF=0.01;EUR_AF=0.02;AFR_AF=0.05;AMR_AF=0.01;SAS_AF=0.04;VT=SNP;NS=2548,GT,0|0,0|0,0|0,0|0,0|0,0|0,0|0,0|0,0|0,0|0,0|0,0|0,0|0,0|0,0|1,0|0,0|0,0|0,0|0,0|0,0|0,0|0,0|0,0|0,0|0,0|0,0|0,0|0,0|0,0|0,0|0,1|0,0|0,0|0,0|0,0|0,0|0,0|0,0|0,0|0,0|0,0|0,0|0,0|0,0|0,0|0,0|0,0|0,0|0,0|0,0|0,0|0,0|0,0|0,0|0,0|0,0|0,0|0,0|0,0|0,0|0,0|0,0|1,1|0,0|0,0|0,0|0,0|0,0|0,0|0,0|0,0|0,0|0,0|0,0|0,0|0,0|0,0|0,0|0,0|0,0|0,0|0,0|0,0|0,0|0,0|0,0|0,0|0,0|0,0|0,0|0,0|0,0|0,0|0,0|0,0|0,0|0,0|0,0|0
17,35839410,.,C,T,.,PASS,AC=800;AN=5096;DP=7882;AF=0.16;EAS_AF=0.21;EUR_AF=0.1;AFR_AF=0.18;AMR_AF=0.19;SAS_AF=0.1;VT=SNP;NS=2548,GT,0|0,1|0,0|1,1|0,0|0,0|0,0|1,0|0,1|0,0|0,0|1,0|0,0|0,0|0,1|0,0|0,0|0,0|0,0|0,1|0,1|1,0|0,1|0,0|0,0|1,0|0,0|1,1|0,1|0,0|0,0|0,0|1,0|0,1|0,0|0,0|1,0|0,0|0,0|0,0|0,1|0,0|0,1|0,1|1,0|1,0|0,0|0,0|0,0|0,0|1,1|1,1|1,0|0,0|0,0|1,0|0,1|0,0|0,0|0,0|0,0|1,0|0,1|0,0|1,0|0,1|0,0|1,0|0,1|0,0|0,0|0,0|0,0|1,0|0,0|0,0|0,0|0,0|1,1|1,0|0,0|0,0|0,1|0,0|0,0|0,0|1,0|0,0|0,1|0,0|1,0|0,0|0,1|0,0|1,1|0,0|1,0|0,0|0,0|1
17,35839561,.,T,G,.,PASS,AC=556;AN=5096;DP=13093;AF=0.11;EAS_AF=0.21;EUR_AF=0.1;AFR_AF=0.01;AMR_AF=0.17;SAS_AF=0.1;VT=SNP;NS=2548,GT,0|0,1|0,0|1,1|0,0|0,0|0,0|1,0|0,1|0,0|0,0|1,0|0,0|0,0|0,1|0,0|0,0|0,0|0,0|0,1|0,1|1,0|0,1|0,0|0,0|1,0|0,0|1,1|0,1|0,0|0,0|0,0|1,0|0,1|0,0|0,0|1,0|0,0|0,0|0,0|0,1|0,0|0,1|0,1|1,0|1,0|0,0|0,0|0,0|0,0|1,1|1,1|1,0|0,0|0,0|1,0|0,1|0,0|0,0|0,0|0,0|1,0|0,1|0,0|1,0|0,1|0,0|1,0|0,1|0,0|0,0|0,0|0,0|1,0|0,0|0,0|0,0|0,0|1,1|1,0|0,0|0,0|0,1|0,0|0,0|0,0|1,0|0,0|0,1|0,0|1,0|0,0|0,1|0,0|1,1|0,0|1,0|0,0|0,0|1
17,35840005,.,A,G,.,PASS,AC=2;AN=5096;DP=19940;AF=0;EAS_AF=0;EUR_AF=0;AFR_AF=0;AMR_AF=0;SAS_AF=0;VT=SNP;NS=2548,GT,0|0,0|0,0|0,0|0,0|0,0|0,0|0,0|0,0|0,0|0,0|0,0|0,0|0,0|0,0|0,0|0,0|0,0|0,0|0,0|0,0|0,0|0,0|0,0|0,0|0,0|0,0|0,0|0,0|0,0|0,0|0,0|0,0|0,0|0,0|0,0|0,0|0,0|0,0|0,0|0,0|0,0|0,0|0,0|0,0|0,0|1,0|0,0|0,0|0,0|0,0|0,0|0,0|0,0|0,0|0,0|0,0|0,0|0,0|0,0|0,0|0,0|0,0|0,0|0,0|0,0|0,0|0,0|0,0|0,0|0,0|0,0|0,0|0,0|0,0|0,0|0,0|0,0|0,0|0,0|0,0|0,0|0,0|0,0|0,0|0,0|0,0|0,0|0,0|0,0|0,0|0,0|0,0|0,0|0,0|0,0|0,0|0,0|0,0|0
17,35840395,.,G,C,.,PASS,AC=554;AN=5096;DP=14491;AF=0.11;EAS_AF=0.21;EUR_AF=0.1;AFR_AF=0.01;AMR_AF=0.17;SAS_AF=0.1;VT=SNP;NS=2548,GT,0|0,1|0,0|1,1|0,0|0,0|0,0|1,0|0,1|0,0|0,0|1,0|0,0|0,0|0,1|0,0|0,0|0,0|0,0|0,1|0,1|1,0|0,1|0,0|0,0|1,0|0,0|1,1|0,1|0,0|0,0|0,0|1,0|0,1|0,0|0,0|1,0|0,0|0,0|0,0|0,1|0,0|0,1|0,1|1,0|1,0|0,0|0,0|0,0|0,0|1,1|1,1|1,0|0,0|0,0|1,0|0,1|0,0|0,0|0,0|0,0|1,0|0,1|0,0|1,0|0,1|0,0|1,0|0,1|0,0|0,0|0,0|0,0|1,0|0,0|0,0|0,0|0,0|1,1|1,0|0,0|0,0|0,1|0,0|0,0|0,0|1,0|0,0|0,1|0,0|1,0|0,0|0,1|0,0|1,1|0,0|1,0|0,0|0,0|1
17,35841182,.,TA,T,.,PASS,AC=934;AN=5096;DP=17639;AF=0.18;EAS_AF=0.31;EUR_AF=0.11;AFR_AF=0.19;AMR_AF=0.2;SAS_AF=0.11;VT=INDEL;NS=2548,GT,0|0,1|0,0|1,1|0,0|1,0|0,1|1,1|0,1|0,1|0,0|1,0|0,0|0,0|0,1|0,0|0,0|0,0|0,0|0,1|0,1|1,0|0,1|0,0|0,0|1,0|1,0|1,1|0,1|0,0|0,0|0,0|1,0|0,1|0,0|0,0|1,0|0,0|0,0|0,0|0,1|0,0|0,1|0,1|1,0|1,0|0,1|0,0|0,0|0,0|1,1|1,1|1,0|0,0|0,0|1,0|0,1|0,0|0,0|0,0|0,0|1,0|0,1|0,0|1,0|0,1|0,1|1,0|0,1|0,0|0,0|0,0|0,0|1,0|0,0|0,0|0,0|0,0|1,1|1,0|0,0|0,0|0,1|0,0|0,0|0,0|1,0|1,0|0,1|0,0|1,0|1,0|1,1|0,1|1,1|0,0|1,0|0,0|0,0|1
17,35841315,.,C,T,.,PASS,AC=555;AN=5096;DP=20820;AF=0.11;EAS_AF=0.21;EUR_AF=0.1;AFR_AF=0.01;AMR_AF=0.17;SAS_AF=0.1;VT=SNP;NS=2548,GT,0|0,1|0,0|1,1|0,0|0,0|0,0|1,0|0,1|0,0|0,0|1,0|0,0|0,0|0,1|0,0|0,0|0,0|0,0|0,1|0,1|1,0|0,1|0,0|0,0|1,0|0,0|1,1|0,1|0,0|0,0|0,0|1,0|0,1|0,0|0,0|1,0|0,0|0,0|0,0|0,1|0,0|0,1|0,1|1,0|1,0|0,0|0,0|0,0|0,0|1,1|1,1|1,0|0,0|0,0|1,0|0,1|0,0|0,0|0,0|0,0|1,0|0,1|0,0|1,0|0,1|0,0|1,0|0,1|0,0|0,0|0,0|0,0|1,0|0,0|0,0|0,0|0,0|1,1|1,0|0,0|0,0|0,1|0,0|0,0|0,0|1,0|0,0|0,1|0,0|1,0|0,0|0,1|0,0|1,1|0,0|1,0|0,0|0,0|1
17,35841336,.,G,A,.,PASS,AC=634;AN=5096;DP=20757;AF=0.12;EAS_AF=0.01;EUR_AF=0.05;AFR_AF=0.27;AMR_AF=0.02;SAS_AF=0.19;VT=SNP;NS=2548,GT,0|0,0|0,0|0,0|0,0|0,0|0,0|0,0|0,0|0,0|0,0|0,0|0,0|0,0|0,0|1,1|0,0|0,0|0,0|0,0|0,0|0,0|0,0|0,0|0,0|0,0|0,0|0,0|0,0|0,0|0,0|0,0|0,0|0,0|0,0|0,0|0,0|0,0|0,0|0,0|0,0|0,0|0,0|0,0|0,0|0,0|0,0|0,0|0,0|0,0|0,0|0,0|0,0|1,0|0,0|0,0|0,0|0,0|0,0|0,0|0,0|0,0|0,0|0,1|0,0|0,0|0,0|0,0|0,0|0,0|0,0|0,0|0,0|0,0|0,0|0,0|0,0|0,1|0,0|0,0|0,0|0,0|0,0|0,0|0,0|0,0|0,0|0,0|0,0|0,0|0,0|0,0|0,0|0,0|0,0|0,0|0,0|0,0|0,0|0
17,35841496,.,G,C,.,PASS,AC=1570;AN=5096;DP=17795;AF=0.31;EAS_AF=0.32;EUR_AF=0.16;AFR_AF=0.46;AMR_AF=0.23;SAS_AF=0.3;VT=SNP;NS=2548,GT,0|0,1|0,0|1,1|0,0|1,0|0,1|1,1|0,1|0,1|0,0|1,0|0,0|0,0|0,1|1,1|0,0|0,0|0,0|0,1|0,1|1,0|0,1|0,0|0,0|1,0|1,0|1,1|0,1|0,0|0,0|0,0|1,0|0,1|0,0|0,0|1,0|0,0|0,0|0,0|0,1|0,0|0,1|0,1|1,0|1,0|0,1|0,0|0,0|0,0|1,1|1,1|1,0|1,0|0,0|1,0|0,1|0,0|0,0|0,0|0,0|1,0|0,1|0,1|1,0|0,1|0,1|1,0|0,1|0,0|0,0|0,0|0,0|1,0|0,0|0,0|0,0|0,1|1,1|1,0|0,0|0,0|0,1|0,0|0,0|0,0|1,0|1,0|0,1|0,0|1,0|1,0|1,1|0,1|1,1|0,0|1,0|0,0|0,0|1
17,35841647,.,C,T,.,PASS,AC=569;AN=5096;DP=18555;AF=0.11;EAS_AF=0.01;EUR_AF=0.05;AFR_AF=0.22;AMR_AF=0.02;SAS_AF=0.19;VT=SNP;NS=2548,GT,0|0,0|0,0|0,0|0,0|0,0|0,0|0,0|0,0|0,0|0,0|0,0|0,0|0,0|0,0|1,1|0,0|0,0|0,0|0,0|0,0|0,0|0,0|0,0|0,0|0,0|0,0|0,0|0,0|0,0|0,0|0,0|0,0|0,0|0,0|0,0|0,0|0,0|0,0|0,0|0,0|0,0|0,0|0,0|0,0|0,0|0,0|0,0|0,0|0,0|0,0|0,0|0,0|1,0|0,0|0,0|0,0|0,0|0,0|0,0|0,0|0,0|0,0|0,1|0,0|0,0|0,0|0,0|0,0|0,0|0,0|0,0|0,0|0,0|0,0|0,0|0,0|0,1|0,0|0,0|0,0|0,0|0,0|0,0|0,0|0,0|0,0|0,0|0,0|0,0|0,0|0,0|0,0|0,0|0,0|0,0|0,0|0,0|0,0|0
17,35841714,.,TG,T,.,PASS,AC=914;AN=5096;DP=16090;AF=0.18;EAS_AF=0.3;EUR_AF=0.11;AFR_AF=0.18;AMR_AF=0.2;SAS_AF=0.11;VT=INDEL;NS=2548,GT,0|0,1|0,0|1,1|0,0|1,0|0,1|1,1|0,1|0,1|0,0|1,0|0,0|0,0|0,1|0,0|0,0|0,0|0,0|0,1|0,1|1,0|0,1|0,0|0,0|1,0|1,0|1,1|0,1|0,0|0,0|0,0|1,0|0,1|0,0|0,0|1,0|0,0|0,0|0,0|0,1|0,0|0,1|0,1|1,0|1,0|0,1|0,0|0,0|0,0|1,1|1,1|1,0|0,0|0,0|0,0|0,1|0,0|0,0|0,0|0,0|1,0|0,1|0,0|1,0|0,1|0,1|1,0|0,1|0,0|0,0|0,0|0,0|1,0|0,0|0,0|0,0|0,0|1,1|1,0|0,0|0,0|0,1|0,0|0,0|0,0|1,0|1,0|0,1|0,0|1,0|1,0|1,1|0,1|1,1|0,0|1,0|0,0|0,0|1
17,35841715,.,G,T,.,PASS,AC=916;AN=5096;DP=14009;AF=0.18;EAS_AF=0.3;EUR_AF=0.11;AFR_AF=0.18;AMR_AF=0.2;SAS_AF=0.11;VT=SNP;NS=2548,GT,0|0,1|0,0|1,1|0,0|1,0|0,1|1,1|0,1|0,1|0,0|1,0|0,0|0,0|0,1|0,0|0,0|0,0|0,0|0,1|0,1|1,0|0,1|0,0|0,0|1,0|1,0|1,1|0,1|0,0|0,0|0,0|1,0|0,1|0,0|0,0|1,0|0,0|0,0|0,0|0,1|0,0|0,1|0,1|1,0|1,0|0,1|0,0|0,0|0,0|1,1|1,1|1,0|0,0|0,0|0,0|0,1|0,0|0,0|0,0|0,0|1,0|0,1|0,0|1,0|0,1|0,1|1,0|0,1|0,0|0,0|0,0|0,0|1,0|0,0|0,0|0,0|0,0|1,1|1,0|0,0|0,0|0,1|0,0|0,0|0,0|1,0|1,0|0,1|0,0|1,0|1,0|1,1|0,1|1,1|0,0|1,0|0,0|0,0|1
17,35841785,.,A,G,.,PASS,AC=5;AN=5096;DP=19776;AF=0;EAS_AF=0;EUR_AF=0;AFR_AF=0;AMR_AF=0;SAS_AF=0;VT=SNP;NS=2548,GT,0|0,0|0,0|0,0|0,0|0,0|0,0|0,0|0,0|0,0|0,0|0,0|0,0|0,0|0,0|0,0|0,0|0,0|0,0|0,0|0,0|0,0|0,0|0,0|0,0|1,0|0,0|0,0|0,0|0,0|0,0|0,0|0,0|0,0|0,0|0,0|0,0|0,0|0,0|0,0|0,0|0,0|0,0|0,0|0,0|0,0|0,0|0,0|0,0|0,0|0,0|0,0|0,0|0,0|0,0|0,0|0,0|0,0|0,0|0,0|0,0|0,0|0,0|0,0|0,0|0,0|0,0|0,0|0,0|0,0|0,0|0,0|0,0|0,0|0,0|0,0|0,0|0,0|0,0|0,0|0,0|0,0|0,0|0,0|0,0|0,0|0,0|0,0|0,0|0,0|0,0|0,0|0,0|0,0|0,0|0,0|0,0|0,0|0,0|0
17,35842151,.,G,A,.,PASS,AC=596;AN=5096;DP=42638;AF=0.12;EAS_AF=0.21;EUR_AF=0.1;AFR_AF=0.04;AMR_AF=0.17;SAS_AF=0.1;VT=SNP;NS=2548,GT,0|0,1|0,0|1,1|0,0|0,0|0,0|1,0|0,1|0,0|0,0|1,0|0,0|0,0|0,1|0,0|0,0|0,0|0,0|0,1|0,1|1,0|0,1|0,0|0,0|1,0|0,0|1,1|0,1|0,0|0,0|0,0|1,0|0,1|0,0|0,0|1,0|0,0|0,0|0,0|0,1|0,0|0,1|0,1|1,0|1,0|0,0|0,0|0,0|0,0|1,1|1,1|1,0|0,0|0,0|1,0|0,1|0,0|0,0|0,0|0,0|1,0|0,1|0,0|1,0|0,1|0,0|1,0|0,1|0,0|0,0|0,0|0,0|1,0|0,0|0,0|0,0|0,0|1,1|1,0|0,0|0,0|0,1|0,0|0,0|0,0|1,0|0,0|0,1|0,0|1,0|0,0|0,1|0,0|1,1|0,0|1,0|0,0|0,0|1
17,35842734,.,G,T,.,PASS,AC=1;AN=5096;DP=28661;AF=0;EAS_AF=0;EUR_AF=0;AFR_AF=0;AMR_AF=0;SAS_AF=0;VT=SNP;NS=2548,GT,0|0,0|0,0|0,0|0,0|0,0|0,0|0,0|0,0|0,0|0,0|0,0|0,0|0,0|0,0|0,0|0,0|0,0|0,0|0,0|0,0|1,0|0,0|0,0|0,0|0,0|0,0|0,0|0,0|0,0|0,0|0,0|0,0|0,0|0,0|0,0|0,0|0,0|0,0|0,0|0,0|0,0|0,0|0,0|0,0|0,0|0,0|0,0|0,0|0,0|0,0|0,0|0,0|0,0|0,0|0,0|0,0|0,0|0,0|0,0|0,0|0,0|0,0|0,0|0,0|0,0|0,0|0,0|0,0|0,0|0,0|0,0|0,0|0,0|0,0|0,0|0,0|0,0|0,0|0,0|0,0|0,0|0,0|0,0|0,0|0,0|0,0|0,0|0,0|0,0|0,0|0,0|0,0|0,0|0,0|0,0|0,0|0,0|0,0|0
17,35843479,.,G,T,.,PASS,AC=13;AN=5096;DP=20885;AF=0;EAS_AF=0.01;EUR_AF=0;AFR_AF=0;AMR_AF=0;SAS_AF=0;VT=SNP;NS=2548,GT,0|0,0|0,0|0,0|0,0|0,0|0,0|0,0|0,0|0,0|0,0|0,0|0,0|0,0|0,0|0,0|0,0|0,0|0,0|0,0|0,0|0,0|0,0|0,0|0,0|0,0|0,0|0,0|0,0|0,0|0,0|0,0|0,0|0,0|0,0|0,0|0,0|1,0|0,0|0,0|0,0|0,0|0,0|0,0|0,0|0,0|0,0|0,0|0,0|0,0|0,0|0,0|0,0|0,0|0,0|0,0|0,0|0,0|0,0|0,0|0,0|0,0|1,0|0,0|0,0|0,0|0,0|0,0|0,0|0,0|0,0|0,0|0,0|0,0|0,0|0,0|0,0|0,0|0,0|0,0|0,0|0,0|0,0|0,0|0,0|0,0|0,0|0,0|0,0|0,0|0,0|0,0|0,0|0,0|0,0|0,0|0,0|0,0|0,0|0
17,35843549,.,T,A,.,PASS,AC=572;AN=5096;DP=22724;AF=0.11;EAS_AF=0.01;EUR_AF=0.05;AFR_AF=0.22;AMR_AF=0.02;SAS_AF=0.19;VT=SNP;NS=2548,GT,0|0,0|0,0|0,0|0,0|0,0|0,0|0,0|0,0|0,0|0,0|0,0|0,0|0,0|0,0|1,1|0,0|0,0|0,0|0,0|0,0|0,0|0,0|0,0|0,0|0,0|0,0|0,0|0,0|0,0|0,0|0,0|0,0|0,0|0,0|0,0|0,0|0,0|0,0|0,0|0,0|0,0|0,0|0,0|0,0|0,0|0,0|0,0|0,0|0,0|0,0|0,0|0,0|1,0|0,0|0,0|0,0|0,0|0,0|0,0|0,0|0,0|0,0|0,1|0,0|0,0|0,0|0,0|0,0|0,0|0,0|0,0|0,0|0,0|0,0|0,0|0,0|0,1|0,0|0,0|0,0|0,0|0,0|0,0|0,0|0,0|0,0|0,0|0,0|0,0|0,0|0,0|0,0|0,0|0,0|0,0|0,0|0,0|0,0|0
17,35843679,.,T,G,.,PASS,AC=2;AN=5096;DP=23772;AF=0;EAS_AF=0;EUR_AF=0;AFR_AF=0;AMR_AF=0;SAS_AF=0;VT=SNP;NS=2548,GT,0|0,0|0,0|0,0|0,0|0,0|0,0|0,0|0,0|0,0|0,0|0,0|0,0|0,0|0,0|0,0|0,0|0,0|0,0|0,0|0,0|0,0|0,0|0,0|0,0|0,0|0,0|0,0|0,0|0,0|0,0|0,0|0,0|0,0|0,0|0,0|0,0|0,0|0,0|0,0|0,0|0,0|0,0|0,0|0,0|0,0|0,0|0,0|0,0|0,0|0,0|0,0|0,0|0,0|0,0|0,0|0,0|0,0|1,0|0,0|0,0|0,0|0,0|0,0|0,0|0,0|0,0|0,0|0,0|0,0|0,0|0,0|0,0|0,0|0,0|0,0|0,0|0,0|0,0|0,0|0,0|0,0|0,0|0,0|0,0|0,0|0,0|0,0|0,0|0,0|0,0|0,0|0,0|0,0|0,0|0,0|0,0|0,0|0,0|0
17,35843729,.,G,T,.,PASS,AC=1;AN=5096;DP=25250;AF=0;EAS_AF=0;EUR_AF=0;AFR_AF=0;AMR_AF=0;SAS_AF=0;VT=SNP;NS=2548,GT,0|0,0|0,0|0,0|0,0|0,0|0,0|0,0|0,0|0,0|0,0|0,0|0,0|0,0|0,0|0,0|0,0|0,0|0,0|0,0|0,0|0,0|0,1|0,0|0,0|0,0|0,0|0,0|0,0|0,0|0,0|0,0|0,0|0,0|0,0|0,0|0,0|0,0|0,0|0,0|0,0|0,0|0,0|0,0|0,0|0,0|0,0|0,0|0,0|0,0|0,0|0,0|0,0|0,0|0,0|0,0|0,0|0,0|0,0|0,0|0,0|0,0|0,0|0,0|0,0|0,0|0,0|0,0|0,0|0,0|0,0|0,0|0,0|0,0|0,0|0,0|0,0|0,0|0,0|0,0|0,0|0,0|0,0|0,0|0,0|0,0|0,0|0,0|0,0|0,0|0,0|0,0|0,0|0,0|0,0|0,0|0,0|0,0|0,0|0
17,35843866,.,C,T,.,PASS,AC=1;AN=5096;DP=63112;AF=0;EAS_AF=0;EUR_AF=0;AFR_AF=0;AMR_AF=0;SAS_AF=0;VT=SNP;NS=2548,GT,0|0,0|0,0|0,0|0,0|0,0|0,0|0,0|0,0|0,0|0,0|0,0|0,0|0,0|0,0|0,0|0,0|0,0|0,0|0,0|0,0|0,0|0,0|0,0|0,0|0,0|0,0|0,0|0,0|0,0|0,0|0,0|0,0|0,0|0,0|0,0|0,0|0,0|0,0|0,0|0,0|0,0|0,0|0,0|0,0|0,1|0,0|0,0|0,0|0,0|0,0|0,0|0,0|0,0|0,0|0,0|0,0|0,0|0,0|0,0|0,0|0,0|0,0|0,0|0,0|0,0|0,0|0,0|0,0|0,0|0,0|0,0|0,0|0,0|0,0|0,0|0,0|0,0|0,0|0,0|0,0|0,0|0,0|0,0|0,0|0,0|0,0|0,0|0,0|0,0|0,0|0,0|0,0|0,0|0,0|0,0|0,0|0,0|0,0|0
17,35844448,.,G,A,.,PASS,AC=82;AN=5096;DP=386370;AF=0.02;EAS_AF=0.04;EUR_AF=0.02;AFR_AF=0;AMR_AF=0.01;SAS_AF=0.02;VT=SNP;NS=2548,GT,0|0,0|0,0|0,0|0,0|0,0|0,0|0,0|0,0|0,0|0,1|0,0|1,0|0,0|0,0|0,0|0,0|0,0|0,0|0,0|1,0|0,0|0,0|0,0|0,0|0,0|0,0|0,0|1,0|0,0|0,0|1,0|0,0|0,0|0,0|0,1|0,0|0,0|0,0|0,0|0,0|0,0|1,0|0,0|0,0|0,0|0,0|0,0|0,0|0,0|0,0|0,0|0,0|0,0|0,0|0,0|1,0|0,0|0,0|0,0|0,0|0,0|0,0|0,0|0,0|0,0|0,0|0,0|0,0|0,0|1,0|0,1|0,0|0,0|0,0|0,0|0,0|0,0|0,0|0,0|0,0|0,0|0,0|0,0|0,1|0,0|0,0|0,0|0,0|0,0|0,0|0,0|0,0|0,0|0,0|0,0|0,0|0,0|0,1|0
17,35844586,.,A,G,.,PASS,AC=1037;AN=5096;DP=255842;AF=0.2;EAS_AF=0.16;EUR_AF=0.11;AFR_AF=0.23;AMR_AF=0.25;SAS_AF=0.29;VT=SNP;NS=2548,GT,0|0,0|0,0|0,0|1,0|0,0|0,0|0,0|0,0|0,0|0,0|0,0|0,0|0,0|0,0|1,1|1,0|0,0|0,1|0,0|0,0|0,0|1,0|0,0|1,0|0,1|0,0|0,0|0,0|0,0|1,0|0,1|0,1|1,0|0,1|0,0|0,0|0,0|0,0|1,0|0,1|0,0|0,0|1,0|0,0|0,0|1,0|1,0|0,0|0,0|0,0|0,0|0,0|1,0|0,1|0,0|0,0|1,1|1,0|0,0|0,0|0,0|0,0|0,1|0,0|0,0|0,0|1,0|1,0|1,0|0,0|0,0|1,0|0,1|0,0|1,1|0,0|0,1|0,0|0,0|0,0|1,0|1,0|0,0|0,0|0,0|0,1|0,0|0,0|0,1|0,1|0,0|0,0|0,0|0,0|1,0|0,0|1,0|0,0|0
17,35844619,.,T,C,.,PASS,AC=2;AN=5096;DP=234136;AF=0;EAS_AF=0;EUR_AF=0;AFR_AF=0;AMR_AF=0;SAS_AF=0;VT=SNP;NS=2548,GT,0|0,0|0,0|0,0|0,0|0,0|0,0|0,0|0,0|0,0|0,0|0,0|0,0|0,0|0,0|0,0|0,0|0,0|0,0|0,0|0,0|0,0|0,0|0,0|0,0|0,0|0,0|0,0|0,0|0,0|0,0|0,0|0,0|0,0|0,0|0,0|0,0|0,0|0,0|0,0|1,0|0,0|0,0|0,0|0,0|0,0|0,0|0,0|0,0|0,0|0,0|0,0|0,0|0,0|0,0|0,0|0,0|0,0|0,0|0,0|0,0|0,0|0,0|0,0|0,0|0,0|0,0|0,0|0,0|0,0|0,0|0,0|0,0|0,0|0,0|0,0|0,0|0,0|0,0|0,0|0,0|0,0|0,0|0,0|0,0|0,0|0,0|0,0|0,0|0,0|0,0|0,0|0,0|0,0|0,0|0,0|0,0|0,0|0,0|0
17,35844691,.,T,A,.,PASS,AC=20;AN=5096;DP=269095;AF=0;EAS_AF=0.01;EUR_AF=0;AFR_AF=0.01;AMR_AF=0;SAS_AF=0;VT=SNP;NS=2548,GT,0|0,0|0,0|0,0|0,0|0,0|0,0|0,0|0,0|0,0|0,0|0,0|0,0|0,0|0,0|0,0|0,0|0,0|0,0|0,0|0,0|0,0|0,0|0,0|0,0|0,0|0,0|0,0|0,0|0,0|0,0|0,0|0,0|0,0|0,0|0,0|0,0|0,0|0,0|0,0|0,0|0,0|0,0|0,0|0,0|0,0|0,0|0,0|0,0|0,0|0,0|0,0|0,0|0,0|0,0|0,0|0,0|0,0|0,0|0,0|0,0|0,0|0,0|0,0|0,1|0,0|0,0|0,0|0,0|0,0|0,0|0,0|0,1|0,0|0,0|0,0|0,0|0,0|0,0|0,0|0,0|0,0|0,0|0,0|0,0|0,0|0,0|0,0|0,0|0,0|0,0|0,0|0,0|0,0|0,0|0,0|0,0|0,1|0,0|0
17,35844694,.,G,A,.,PASS,AC=13;AN=5096;DP=273899;AF=0;EAS_AF=0.01;EUR_AF=0;AFR_AF=0;AMR_AF=0;SAS_AF=0;VT=SNP;NS=2548,GT,0|0,0|0,0|0,0|0,0|0,0|0,0|0,0|0,0|0,0|0,0|0,0|0,0|0,0|0,0|0,0|0,0|0,0|0,0|0,0|0,0|0,0|0,0|0,0|0,0|0,0|0,0|0,0|0,0|0,0|0,0|0,0|0,0|0,0|0,0|0,0|0,0|0,0|0,0|0,0|0,0|0,0|0,0|0,0|0,0|0,0|0,0|0,0|0,0|0,0|0,0|0,0|0,0|0,0|0,0|0,0|0,0|0,0|0,0|0,0|0,0|0,0|0,0|0,0|0,1|0,0|0,0|0,0|0,0|0,0|0,0|0,0|0,1|0,0|0,0|0,0|0,0|0,0|0,0|0,0|0,0|0,0|0,0|0,0|0,0|0,0|0,0|0,0|0,0|0,0|0,0|0,0|0,0|0,0|0,0|0,0|0,0|0,1|0,0|0
17,35844698,.,A,C,.,PASS,AC=13;AN=5096;DP=276716;AF=0;EAS_AF=0.01;EUR_AF=0;AFR_AF=0;AMR_AF=0;SAS_AF=0;VT=SNP;NS=2548,GT,0|0,0|0,0|0,0|0,0|0,0|0,0|0,0|0,0|0,0|0,0|0,0|0,0|0,0|0,0|0,0|0,0|0,0|0,0|0,0|0,0|0,0|0,0|0,0|0,0|0,0|0,0|0,0|0,0|0,0|0,0|0,0|0,0|0,0|0,0|0,0|0,0|0,0|0,0|0,0|0,0|0,0|0,0|0,0|0,0|0,0|0,0|0,0|0,0|0,0|0,0|0,0|0,0|0,0|0,0|0,0|0,0|0,0|0,0|0,0|0,0|0,0|0,0|0,0|0,1|0,0|0,0|0,0|0,0|0,0|0,0|0,0|0,1|0,0|0,0|0,0|0,0|0,0|0,0|0,0|0,0|0,0|0,0|0,0|0,0|0,0|0,0|0,0|0,0|0,0|0,0|0,0|0,0|0,0|0,0|0,0|0,0|0,1|0,0|0
17,35844703,.,A,C,.,PASS,AC=30;AN=5096;DP=279261;AF=0.01;EAS_AF=0.02;EUR_AF=0;AFR_AF=0;AMR_AF=0;SAS_AF=0;VT=SNP;NS=2548,GT,0|0,0|0,0|0,0|0,0|0,0|0,0|0,0|0,0|0,0|0,0|0,0|0,0|0,0|0,0|0,0|0,0|0,0|0,0|0,0|0,1|0,0|0,0|0,0|0,0|0,0|0,0|0,0|0,0|0,0|0,0|0,0|0,0|0,0|0,0|0,0|0,0|0,0|0,0|0,0|0,0|0,0|0,0|0,0|0,0|0,0|0,0|0,0|0,0|0,0|0,0|0,0|0,0|0,0|0,0|0,0|0,0|0,0|0,0|0,0|0,0|0,0|0,0|0,0|0,1|0,0|0,0|0,0|0,0|0,0|0,0|0,0|0,1|0,0|0,0|0,0|0,0|0,0|0,0|0,0|0,0|0,0|0,0|0,0|0,0|0,0|0,0|0,0|0,0|0,0|0,0|0,0|0,0|0,0|0,0|0,0|0,0|0,1|0,0|0
17,35844706,.,C,T,.,PASS,AC=4;AN=5096;DP=280287;AF=0;EAS_AF=0;EUR_AF=0;AFR_AF=0;AMR_AF=0;SAS_AF=0;VT=SNP;NS=2548,GT,0|0,0|0,0|0,0|0,0|0,0|0,0|0,0|0,0|0,0|0,0|0,0|0,0|0,0|0,0|0,0|0,0|0,0|0,0|0,0|0,0|0,0|0,0|0,0|0,0|0,0|0,0|0,0|0,0|0,0|0,0|0,0|0,0|0,0|0,0|0,0|0,0|0,0|0,0|0,0|0,0|0,0|0,0|0,0|0,0|0,0|0,0|0,0|0,0|0,0|0,0|0,0|0,0|0,0|0,0|0,0|0,0|0,0|0,0|0,0|0,0|0,0|0,0|0,0|0,0|1,0|0,0|0,0|0,0|0,0|0,0|0,0|0,0|0,0|0,0|0,0|0,0|0,0|0,0|0,0|0,0|0,0|0,0|0,0|0,0|0,0|0,0|0,0|0,0|0,0|0,0|0,0|0,0|0,0|0,0|0,0|0,0|0,0|0,0|0
17,35844823,.,C,T,.,PASS,AC=300;AN=5096;DP=313362;AF=0.06;EAS_AF=0;EUR_AF=0.16;AFR_AF=0.01;AMR_AF=0.09;SAS_AF=0.06;VT=SNP;NS=2548,GT,0|0,0|0,0|0,0|0,0|0,0|0,0|0,0|0,0|0,0|0,0|0,0|0,0|0,0|0,0|0,0|0,0|0,0|0,0|0,0|0,0|0,0|0,0|0,0|0,0|0,0|0,0|0,0|0,0|0,0|0,0|0,0|0,0|0,0|0,0|0,0|0,0|0,0|0,0|0,0|0,0|0,0|0,0|0,0|0,0|0,0|0,0|0,0|0,0|0,0|0,0|0,0|0,0|0,0|0,0|0,0|0,0|0,0|0,0|0,0|0,0|0,0|0,0|0,0|0,0|0,0|0,0|0,0|0,0|0,0|0,0|0,0|0,0|0,0|0,0|0,0|0,0|0,0|0,0|0,0|1,0|0,0|0,0|0,0|0,0|0,0|0,0|0,0|0,0|0,0|0,0|0,0|0,0|0,0|0,0|0,0|0,0|0,0|0,0|0
17,35844991,.,G,C,.,PASS,AC=4;AN=5096;DP=432706;AF=0;EAS_AF=0;EUR_AF=0;AFR_AF=0;AMR_AF=0;SAS_AF=0;VT=SNP;NS=2548,GT,0|0,0|0,0|0,0|0,0|0,0|0,0|0,0|0,0|0,0|0,0|0,0|0,0|0,0|0,0|0,0|0,0|1,0|0,0|0,0|0,0|0,0|0,0|0,0|0,0|0,0|0,0|0,0|0,0|0,0|0,0|0,0|0,0|0,0|0,0|0,0|0,0|0,0|0,0|0,0|0,0|0,0|0,0|0,0|0,0|0,0|0,0|0,0|0,0|0,0|0,0|0,0|0,0|0,0|0,0|0,0|0,0|0,0|0,0|0,0|0,0|0,0|0,0|0,0|0,0|0,0|0,0|0,0|0,0|0,0|0,0|0,0|0,0|0,0|0,0|0,0|0,0|0,0|0,0|0,0|0,0|0,0|0,0|0,0|0,0|0,0|0,0|0,0|0,0|0,0|0,0|0,0|0,0|0,0|0,0|0,0|0,0|0,0|0,0|0
17,35844997,.,C,T,.,PASS,AC=3;AN=5096;DP=428720;AF=0;EAS_AF=0;EUR_AF=0;AFR_AF=0;AMR_AF=0;SAS_AF=0;VT=SNP;NS=2548,GT,0|0,0|0,0|0,0|0,0|0,0|0,0|0,0|0,0|0,0|0,0|0,0|0,0|0,0|0,0|0,0|0,0|1,0|0,0|0,0|0,0|0,0|0,0|0,0|0,0|0,0|0,0|0,0|0,0|0,0|0,0|0,0|0,0|0,0|0,0|0,0|0,0|0,0|0,0|0,0|0,0|0,0|0,0|0,0|0,0|0,0|0,0|0,0|0,0|0,0|0,0|0,0|0,0|0,0|0,0|0,0|0,0|0,0|0,0|0,0|0,0|0,0|0,0|0,0|0,0|0,0|0,0|0,0|0,0|0,0|0,0|0,0|0,0|0,0|0,0|0,0|0,0|0,0|0,0|0,0|0,0|0,0|0,0|0,0|0,0|0,0|0,0|0,0|0,0|0,0|0,0|0,0|0,0|0,0|0,0|0,0|0,0|0,0|0,0|0
17,35845475,.,C,T,.,PASS,AC=130;AN=5096;DP=19181;AF=0.03;EAS_AF=0.1;EUR_AF=0.01;AFR_AF=0;AMR_AF=0.01;SAS_AF=0.01;VT=SNP;NS=2548,GT,0|0,0|0,0|0,0|0,0|1,0|0,1|0,1|0,0|0,1|0,0|0,0|0,0|0,0|0,0|0,0|0,0|0,0|0,0|0,0|0,0|0,0|0,0|0,0|0,0|0,0|1,0|0,0|0,0|0,0|0,0|0,0|0,0|0,0|0,0|0,0|0,0|0,0|0,0|0,0|0,0|0,0|0,0|0,0|0,0|0,0|0,1|0,0|0,0|0,0|0,0|0,0|0,0|0,0|0,0|0,0|0,0|0,0|0,0|0,0|0,0|0,0|0,0|0,0|0,0|0,0|0,1|0,0|0,0|0,0|0,0|0,0|0,0|0,0|0,0|0,0|0,0|0,0|0,0|0,0|0,0|0,0|0,0|0,0|0,0|0,0|0,0|1,0|0,0|0,0|0,0|1,0|1,0|0,1|0,0|0,0|0,0|0,0|0,0|0
17,35845577,.,G,A,.,PASS,AC=1565;AN=5096;DP=17668;AF=0.31;EAS_AF=0.32;EUR_AF=0.16;AFR_AF=0.45;AMR_AF=0.22;SAS_AF=0.32;VT=SNP;NS=2548,GT,0|0,1|0,0|1,1|0,0|1,0|0,1|1,1|0,1|0,1|0,0|1,0|0,0|0,0|0,1|1,1|0,0|0,0|0,0|0,1|0,1|1,0|0,1|0,0|0,0|1,0|1,0|1,1|0,1|0,0|0,0|0,0|1,0|0,1|0,0|0,0|1,0|0,0|0,0|0,0|0,1|0,0|0,1|0,1|1,0|1,0|0,1|0,0|0,0|0,0|1,1|1,1|1,0|1,0|0,0|1,0|0,1|0,0|0,0|0,0|0,0|1,0|0,1|0,1|1,0|0,1|0,1|1,0|0,1|0,0|0,0|0,0|0,0|1,0|0,0|0,0|0,0|0,1|1,1|1,0|0,0|0,0|0,1|0,0|0,0|0,0|1,0|1,0|0,1|0,0|1,0|1,0|1,1|0,1|1,1|0,0|1,0|0,0|0,0|1
17,35845633,.,C,G,.,PASS,AC=826;AN=5096;DP=18186;AF=0.16;EAS_AF=0.21;EUR_AF=0.1;AFR_AF=0.21;AMR_AF=0.19;SAS_AF=0.1;VT=SNP;NS=2548,GT,0|0,1|0,0|1,1|0,0|0,0|0,0|1,0|0,1|0,0|0,0|1,0|0,0|0,0|0,1|0,0|0,0|0,0|0,0|0,1|0,1|1,0|0,1|0,0|0,0|1,0|0,0|1,1|0,1|0,0|0,0|0,0|1,0|0,1|0,0|0,0|1,0|0,0|0,0|0,0|0,1|0,0|0,1|0,1|1,0|1,0|0,0|0,0|0,0|0,0|1,1|1,1|1,0|0,0|0,0|1,0|0,1|0,0|0,0|0,0|0,0|1,0|0,1|0,0|1,0|0,1|0,0|1,0|0,1|0,0|0,0|0,0|0,0|1,0|0,0|0,0|0,0|0,0|1,1|1,0|0,0|0,0|0,1|0,0|0,0|0,0|1,0|0,0|0,1|0,0|1,0|0,0|0,1|0,0|1,1|0,0|1,0|0,0|0,0|1
17,35845711,.,A,G,.,PASS,AC=1585;AN=5096;DP=17623;AF=0.31;EAS_AF=0.32;EUR_AF=0.16;AFR_AF=0.46;AMR_AF=0.22;SAS_AF=0.32;VT=SNP;NS=2548,GT,0|0,1|0,0|1,1|0,0|1,0|0,1|1,1|0,1|0,1|0,0|1,0|0,0|0,0|0,1|1,1|0,0|0,0|0,0|0,1|0,1|1,0|0,1|0,0|0,0|1,0|1,0|1,1|0,1|0,0|0,0|0,0|1,0|0,1|0,0|0,0|1,0|0,0|0,0|0,0|0,1|0,0|0,1|0,1|1,0|1,0|0,1|0,0|0,0|0,0|1,1|1,1|1,0|1,0|0,0|1,0|0,1|0,0|0,0|0,0|0,0|1,0|0,1|0,1|1,0|0,1|0,1|1,0|0,1|0,0|0,0|0,0|0,0|1,0|0,0|0,0|0,0|0,1|1,1|1,0|0,0|0,0|0,1|0,0|0,0|0,0|1,0|1,0|0,1|0,0|1,0|1,0|1,1|0,1|1,1|0,0|1,0|0,0|0,0|1
17,35846704,.,T,G,.,PASS,AC=101;AN=5096;DP=72881;AF=0.02;EAS_AF=0.05;EUR_AF=0;AFR_AF=0;AMR_AF=0.07;SAS_AF=0;VT=SNP;NS=2548,GT,0|0,0|0,0|1,0|0,0|0,0|0,0|0,0|0,0|0,0|0,0|0,0|0,0|0,0|0,0|0,0|0,0|0,0|0,0|0,1|0,0|0,0|0,0|0,0|0,0|0,0|0,0|1,1|0,0|0,0|0,0|0,0|0,0|0,0|0,0|0,0|0,0|0,0|0,0|0,0|0,0|0,0|0,1|0,0|1,0|0,0|0,0|0,0|0,0|0,0|0,0|0,1|0,0|0,0|0,0|0,0|0,0|0,0|0,0|0,0|0,0|0,0|0,0|0,0|0,0|0,0|0,0|0,0|0,1|0,0|0,0|0,0|0,0|1,0|0,0|0,0|0,0|0,0|0,1|0,0|0,0|0,0|0,1|0,0|0,0|0,0|0,0|0,0|0,0|0,0|0,0|0,0|0,0|0,0|0,0|0,0|0,0|0,0|0,0|1
