#CHROM,POS,ID,REF,ALT,QUAL,FILTER,INFO,FORMAT,HG01595,HG01596,HG01597,HG01598,HG01599,HG01600,HG01840,HG01841,HG01842,HG01843,HG01844,HG01845,HG01846,HG01847,HG01848,HG01849,HG01850,HG01851,HG01852,HG01853,HG01855,HG01857,HG01858,HG01859,HG01860,HG01861,HG01862,HG01863,HG01864,HG01865,HG01866,HG01867,HG01868,HG01869,HG01870,HG01871,HG01872,HG01873,HG01874,HG01878,HG02016,HG02017,HG02019,HG02020,HG02023,HG02025,HG02026,HG02028,HG02029,HG02031,HG02032,HG02035,HG02040,HG02047,HG02048,HG02049,HG02050,HG02057,HG02058,HG02060,HG02061,HG02064,HG02067,HG02069,HG02070,HG02072,HG02073,HG02075,HG02076,HG02078,HG02079,HG02081,HG02082,HG02084,HG02085,HG02086,HG02087,HG02088,HG02113,HG02116,HG02121,HG02122,HG02127,HG02128,HG02130,HG02131,HG02133,HG02134,HG02136,HG02137,HG02138,HG02139,HG02140,HG02141,HG02142,HG02512,HG02513,HG02521,HG02522
1,11012828,.,C,T,.,PASS,AC=2972;AN=5096;DP=15835;AF=0.58;EAS_AF=0.66;EUR_AF=0.82;AFR_AF=0.18;AMR_AF=0.76;SAS_AF=0.69;VT=SNP;NS=2548,GT,1|1,0|0,0|0,0|0,1|0,0|1,1|0,1|0,0|0,1|1,1|1,0|1,0|1,1|1,1|0,1|0,1|1,1|1,0|1,1|1,1|0,0|0,1|1,1|0,1|1,0|0,1|1,1|1,1|1,0|1,0|1,0|1,1|1,1|1,0|0,1|1,0|1,0|1,0|1,0|1,0|1,1|0,0|1,1|1,1|0,1|0,1|0,0|1,0|1,0|0,1|1,0|0,1|1,1|0,0|1,0|1,1|0,1|1,1|1,0|1,0|1,1|0,1|0,1|1,0|0,1|1,0|0,0|0,1|0,1|1,0|0,1|1,0|1,0|1,1|1,1|1,1|1,0|1,1|1,0|1,1|0,1|0,1|1,0|0,1|1,1|0,1|1,1|0,0|0,0|1,0|1,0|1,1|1,0|1,1|1,1|1,1|1,1|0,1|1
1,11012865,.,C,G,.,PASS,AC=2;AN=5096;DP=15710;AF=0;EAS_AF=0;EUR_AF=0;AFR_AF=0;AMR_AF=0;SAS_AF=0;VT=SNP;NS=2548,GT,0|0,0|0,0|0,0|0,0|0,0|0,0|0,0|0,0|0,0|0,0|0,0|0,0|0,0|0,0|0,0|0,0|0,0|0,0|0,0|0,0|0,0|0,0|0,0|0,0|0,0|0,0|0,0|0,1|0,0|0,0|0,0|0,0|0,0|0,0|0,0|0,0|0,0|0,0|0,0|0,0|0,0|0,0|0,0|1,0|0,0|0,0|0,0|0,0|0,0|0,0|0,0|0,0|0,0|0,0|0,0|0,0|0,0|0,0|0,0|0,0|0,0|0,0|0,0|0,0|0,0|0,0|0,0|0,0|0,0|0,0|0,0|0,0|0,0|0,0|0,0|0,0|0,0|0,0|0,0|0,0|0,0|0,0|0,0|0,0|0,0|0,0|0,0|0,0|0,0|0,0|0,0|0,0|0,0|0,0|0,0|0,0|0,0|0,0|0
1,11013450,.,TCA,T,.,PASS,AC=3513;AN=5096;DP=28001;AF=0.69;EAS_AF=0.87;EUR_AF=0.84;AFR_AF=0.3;AMR_AF=0.8;SAS_AF=0.8;VT=INDEL;NS=2548,GT,1|1,0|0,0|0,1|1,1|1,0|1,1|0,1|0,1|0,1|1,1|1,1|1,0|1,1|1,1|0,1|1,1|1,1|1,1|1,1|1,1|1,0|1,1|1,1|1,1|1,0|1,1|1,1|1,1|1,1|1,1|1,1|1,1|1,1|1,1|0,1|1,1|1,1|1,1|1,0|1,1|1,1|1,1|1,1|1,1|1,1|1,1|0,0|1,0|1,0|1,1|1,1|1,1|1,1|1,1|1,1|1,1|1,1|1,1|1,1|1,0|1,1|1,1|0,1|1,0|0,1|1,1|1,0|1,1|0,1|1,0|1,1|1,0|1,0|1,1|1,1|1,1|1,1|1,1|1,0|1,1|1,1|1,1|1,1|0,1|1,1|0,1|1,1|0,1|1,1|1,1|1,0|1,1|1,0|1,1|1,1|1,1|1,1|0,1|1
1,11013660,.,A,G,.,PASS,AC=1;AN=5096;DP=85803;AF=0;EAS_AF=0;EUR_AF=0;AFR_AF=0;AMR_AF=0;SAS_AF=0;EX_TARGET;VT=SNP;NS=2548,GT,0|0,0|0,0|0,0|0,0|0,0|0,0|0,0|0,0|0,0|0,0|0,0|0,0|0,0|0,0|0,0|0,0|0,0|0,0|0,0|0,0|0,0|0,0|0,0|0,0|0,0|0,0|0,0|0,0|0,0|0,0|0,0|0,0|0,0|0,1|0,0|0,0|0,0|0,0|0,0|0,0|0,0|0,0|0,0|0,0|0,0|0,0|0,0|0,0|0,0|0,0|0,0|0,0|0,0|0,0|0,0|0,0|0,0|0,0|0,0|0,0|0,0|0,0|0,0|0,0|0,0|0,0|0,0|0,0|0,0|0,0|0,0|0,0|0,0|0,0|0,0|0,0|0,0|0,0|0,0|0,0|0,0|0,0|0,0|0,0|0,0|0,0|0,0|0,0|0,0|0,0|0,0|0,0|0,0|0,0|0,0|0,0|0,0|0,0|0
1,11013784,.,A,G,.,PASS,AC=1;AN=5096;DP=244101;AF=0;EAS_AF=0;EUR_AF=0;AFR_AF=0;AMR_AF=0;SAS_AF=0;EX_TARGET;VT=SNP;NS=2548,GT,0|0,0|0,0|0,0|0,0|0,0|0,0|0,0|0,0|0,0|0,0|0,0|0,0|0,0|0,0|0,0|0,0|0,0|0,0|0,0|0,0|0,0|1,0|0,0|0,0|0,0|0,0|0,0|0,0|0,0|0,0|0,0|0,0|0,0|0,0|0,0|0,0|0,0|0,0|0,0|0,0|0,0|0,0|0,0|0,0|0,0|0,0|0,0|0,0|0,0|0,0|0,0|0,0|0,0|0,0|0,0|0,0|0,0|0,0|0,0|0,0|0,0|0,0|0,0|0,0|0,0|0,0|0,0|0,0|0,0|0,0|0,0|0,0|0,0|0,0|0,0|0,0|0,0|0,0|0,0|0,0|0,0|0,0|0,0|0,0|0,0|0,0|0,0|0,0|0,0|0,0|0,0|0,0|0,0|0,0|0,0|0,0|0,0|0,0|0
1,11014193,.,A,G,.,PASS,AC=4310;AN=5096;DP=39425;AF=0.85;EAS_AF=0.87;EUR_AF=0.84;AFR_AF=0.86;AMR_AF=0.84;SAS_AF=0.82;VT=SNP;NS=2548,GT,1|1,0|0,0|0,1|1,1|1,0|1,1|0,1|0,1|0,1|1,1|1,1|1,0|1,1|1,1|0,1|1,1|1,1|1,1|1,1|1,1|1,0|1,1|1,1|1,1|1,0|1,1|1,1|1,1|1,1|1,1|1,1|1,1|1,1|1,1|0,1|1,1|1,1|1,1|1,0|1,1|1,1|1,1|1,1|1,1|1,1|1,1|0,0|1,0|1,0|1,1|1,1|1,1|1,1|1,1|1,1|1,1|1,1|1,1|1,1|1,0|1,1|1,1|0,1|1,0|0,1|1,1|1,0|1,1|0,1|1,0|1,1|1,0|1,0|1,1|1,1|1,1|1,1|1,1|1,0|1,1|1,1|1,1|1,1|0,1|1,1|0,1|1,1|0,1|1,1|1,1|1,0|1,1|1,0|1,1|1,1|1,1|1,1|0,1|1
1,11014288,.,T,G,.,PASS,AC=6;AN=5096;DP=26863;AF=0;EAS_AF=0.01;EUR_AF=0;AFR_AF=0;AMR_AF=0;SAS_AF=0;VT=SNP;NS=2548,GT,0|0,0|0,0|0,0|0,0|0,0|0,0|0,0|0,0|0,0|0,0|0,0|0,0|0,0|0,0|0,0|0,0|0,0|0,0|0,0|0,0|0,0|0,0|0,0|0,0|0,0|0,0|0,0|0,0|0,0|0,0|0,0|0,0|0,0|0,0|0,0|0,1|0,1|0,1|0,0|0,0|0,0|0,1|0,0|0,0|0,0|0,0|0,0|0,0|0,0|0,0|0,0|0,0|0,0|0,0|0,0|0,0|0,0|0,0|0,0|0,0|0,0|0,0|0,0|0,0|0,0|0,0|0,0|1,0|0,0|0,0|0,0|0,0|0,0|0,0|0,0|0,0|0,0|0,0|0,0|0,0|0,0|0,0|0,0|0,0|0,0|0,0|0,0|0,0|0,0|0,0|0,0|0,0|0,0|0,0|0,0|0,0|0,0|0,0|0
1,11014363,.,G,A,.,PASS,AC=4257;AN=5096;DP=23874;AF=0.84;EAS_AF=0.87;EUR_AF=0.84;AFR_AF=0.83;AMR_AF=0.84;SAS_AF=0.8;VT=SNP;NS=2548,GT,1|1,0|0,0|0,1|1,1|1,0|1,1|0,1|0,1|0,1|1,1|1,1|1,0|1,1|1,1|0,1|1,1|1,1|1,1|1,1|1,1|1,0|1,1|1,1|1,1|1,0|1,1|1,1|1,1|1,1|1,1|1,1|1,1|1,1|1,1|0,1|1,1|1,1|1,1|1,0|1,1|1,1|1,1|1,1|1,1|1,1|1,1|0,0|1,0|1,0|1,1|1,1|1,1|1,1|1,1|1,1|1,1|1,1|1,1|1,1|1,0|1,1|1,1|0,1|1,0|0,1|1,1|1,0|1,1|0,1|1,0|1,1|1,0|1,0|1,1|1,1|1,1|1,1|1,1|1,0|1,1|1,1|1,1|1,1|0,1|1,1|0,1|1,1|0,1|1,1|1,1|1,0|1,1|1,0|1,1|1,1|1,1|1,1|0,1|1
1,11014525,.,A,G,.,PASS,AC=517;AN=5096;DP=25686;AF=0.1;EAS_AF=0.21;EUR_AF=0.02;AFR_AF=0.1;AMR_AF=0.04;SAS_AF=0.12;VT=SNP;NS=2548,GT,0|0,0|0,0|0,1|1,0|1,0|0,0|0,0|0,1|0,0|0,0|0,1|0,0|0,0|0,0|0,0|1,0|0,0|0,1|0,0|0,0|1,0|1,0|0,0|1,0|0,0|1,0|0,0|0,0|0,1|0,1|0,1|0,0|0,0|0,1|0,0|0,1|0,1|0,1|0,0|0,1|0,0|1,1|0,0|0,0|1,0|1,0|0,0|0,0|0,0|1,0|0,1|1,0|0,0|1,1|0,1|0,0|1,0|0,0|0,1|0,0|0,0|1,0|0,0|0,0|0,0|0,1|1,0|1,0|0,0|0,0|1,0|0,0|0,0|0,0|0,0|0,0|0,1|0,0|0,0|0,0|1,0|1,0|0,1|0,0|0,0|0,0|0,0|0,1|1,1|0,1|0,0|0,0|0,0|0,0|0,0|0,0|0,0|0,0|0
1,11014941,.,CA,C,.,PASS,AC=3511;AN=5096;DP=19382;AF=0.69;EAS_AF=0.87;EUR_AF=0.84;AFR_AF=0.3;AMR_AF=0.8;SAS_AF=0.8;VT=INDEL;NS=2548,GT,1|1,0|0,0|0,1|1,1|1,0|1,1|0,1|0,1|0,1|1,1|1,1|1,0|1,1|1,1|0,1|1,1|1,1|1,1|1,1|1,1|1,0|1,1|1,1|1,1|1,0|1,1|1,1|1,1|1,1|1,1|1,1|1,1|1,1|1,1|0,1|1,1|1,1|1,1|1,0|1,1|1,1|1,1|1,1|1,1|1,1|1,1|0,0|1,0|1,0|1,1|1,1|1,1|1,1|1,1|1,1|1,1|1,1|1,1|1,1|1,0|1,1|1,1|0,1|1,0|0,1|1,1|1,0|1,1|0,1|1,0|1,1|1,0|1,0|1,1|1,1|1,1|1,1|1,1|1,0|1,1|1,1|1,1|1,1|0,1|1,1|0,1|1,1|0,1|1,1|1,1|1,0|1,1|1,0|1,1|1,1|1,1|1,1|0,1|1
1,11015040,.,G,T,.,PASS,AC=2;AN=5096;DP=18941;AF=0;EAS_AF=0;EUR_AF=0;AFR_AF=0;AMR_AF=0;SAS_AF=0;VT=SNP;NS=2548,GT,0|0,0|0,0|0,0|0,0|0,0|0,0|0,0|0,0|0,0|0,0|0,0|0,0|0,0|0,0|0,0|0,0|0,0|0,0|0,0|0,0|0,0|0,0|0,0|0,0|0,0|0,0|0,0|0,0|0,0|0,0|0,1|0,0|0,0|0,0|0,0|0,0|0,0|0,0|0,0|0,0|0,0|0,0|0,0|0,0|0,0|0,0|0,0|0,0|0,0|0,0|0,0|0,0|0,0|0,0|0,0|0,0|0,0|0,0|0,0|0,0|0,0|0,0|0,0|0,0|0,0|0,0|0,0|0,0|0,0|0,0|0,0|0,0|0,0|0,0|0,0|0,0|0,0|0,0|0,0|0,0|0,0|0,0|0,0|0,0|0,0|0,0|0,0|0,0|0,0|0,0|0,0|0,0|0,0|0,0|0,0|0,0|0,0|0,0|0
1,11015078,.,A,G,.,PASS,AC=516;AN=5096;DP=17356;AF=0.1;EAS_AF=0.21;EUR_AF=0.02;AFR_AF=0.1;AMR_AF=0.03;SAS_AF=0.12;VT=SNP;NS=2548,GT,0|0,0|0,0|0,1|1,0|1,0|0,0|0,0|0,1|0,0|0,0|0,1|0,0|0,0|0,0|0,0|1,0|0,0|0,1|0,0|0,0|1,0|1,0|0,0|1,0|0,0|1,0|0,0|0,0|0,1|0,1|0,1|0,0|0,0|0,1|0,0|0,1|0,1|0,1|0,0|0,1|0,0|1,1|0,0|0,0|1,0|1,0|0,0|0,0|0,0|1,0|0,1|1,0|0,0|1,1|0,1|0,0|1,0|0,0|0,1|0,0|0,0|1,0|0,0|0,0|0,0|0,1|1,0|1,0|0,0|0,0|1,0|0,0|0,0|0,0|0,0|0,0|0,1|0,0|0,0|0,0|1,0|1,0|0,1|0,0|0,0|0,0|0,0|0,1|1,1|0,1|0,0|0,0|0,0|0,0|0,0|0,0|0,0|0,0|0
1,11015104,.,CAAA,C,.,PASS,AC=15;AN=5096;DP=18208;AF=0;EAS_AF=0.01;EUR_AF=0;AFR_AF=0;AMR_AF=0;SAS_AF=0;VT=INDEL;NS=2548,GT,0|0,0|0,0|0,0|0,0|0,0|0,0|0,0|1,0|0,0|0,0|0,0|0,0|0,0|0,0|0,0|0,0|0,0|0,0|0,0|0,0|0,0|0,0|0,0|0,0|0,0|0,0|0,0|0,0|0,0|0,0|0,0|0,0|0,0|0,0|0,0|0,0|0,0|0,0|0,0|0,0|0,0|0,0|0,0|0,0|0,0|0,0|0,0|0,0|0,0|0,0|0,0|0,0|0,0|0,0|0,0|0,0|0,0|0,0|0,0|0,1|0,0|0,0|0,0|0,0|0,0|0,0|0,0|0,0|0,0|0,0|0,0|0,0|0,0|0,0|0,0|0,0|0,0|0,0|0,0|0,0|0,0|0,0|0,0|0,0|0,0|0,0|0,0|0,0|0,0|0,0|0,0|0,0|0,0|0,0|0,0|0,0|0,0|0,0|0
1,11015314,.,T,C,.,PASS,AC=3573;AN=5096;DP=17385;AF=0.7;EAS_AF=0.87;EUR_AF=0.84;AFR_AF=0.34;AMR_AF=0.8;SAS_AF=0.8;VT=SNP;NS=2548,GT,1|1,0|0,0|0,1|1,1|1,0|1,1|0,1|0,1|0,1|1,1|1,1|1,0|1,1|1,1|0,1|1,1|1,1|1,1|1,1|1,1|1,0|1,1|1,1|1,1|1,0|1,1|1,1|1,1|1,1|1,1|1,1|1,1|1,1|1,1|0,1|1,1|1,1|1,1|1,0|1,1|1,1|1,1|1,1|1,1|1,1|1,1|0,0|1,0|1,0|1,1|1,1|1,1|1,1|1,1|1,1|1,1|1,1|1,1|1,1|1,0|1,1|1,1|0,1|1,0|0,1|1,1|1,0|1,1|0,1|1,0|1,1|1,0|1,0|1,1|1,1|1,1|1,1|1,1|1,0|1,1|1,1|1,1|1,1|0,1|1,1|0,1|1,1|0,1|1,1|1,1|1,0|1,1|1,0|1,1|1,1|1,1|1,1|0,1|1
1,11015454,.,T,C,.,PASS,AC=4247;AN=5096;DP=17740;AF=0.83;EAS_AF=0.87;EUR_AF=0.84;AFR_AF=0.83;AMR_AF=0.84;SAS_AF=0.8;VT=SNP;NS=2548,GT,1|1,0|0,0|0,1|1,1|1,0|1,1|0,1|0,1|0,1|1,1|1,1|1,0|1,1|1,1|0,1|1,1|1,1|1,1|1,1|1,1|1,0|1,1|1,1|1,1|1,0|1,1|1,1|1,1|1,1|1,1|1,1|1,1|1,1|1,1|0,1|1,1|1,1|1,1|1,0|1,1|1,1|1,1|1,1|1,1|1,1|1,1|0,0|1,0|1,0|1,1|1,1|1,1|1,1|1,1|1,1|1,1|1,1|1,1|1,1|1,0|1,1|1,1|0,1|1,0|0,1|1,1|1,0|1,1|0,1|1,0|1,1|1,0|1,0|1,1|1,1|1,1|1,1|1,1|1,0|1,1|1,1|1,1|1,1|0,1|1,1|0,1|1,1|0,1|1,1|1,1|1,0|1,1|1,0|1,1|1,1|1,1|1,1|0,1|1
1,11015470,.,C,G,.,PASS,AC=171;AN=5096;DP=17366;AF=0.03;EAS_AF=0.12;EUR_AF=0.01;AFR_AF=0;AMR_AF=0;SAS_AF=0.04;VT=SNP;NS=2548,GT,0|0,0|0,0|0,0|0,0|1,0|0,0|0,0|0,0|0,0|0,0|0,1|0,0|0,0|0,0|0,0|1,0|0,0|0,0|0,0|0,0|1,0|1,0|0,0|1,0|0,0|0,0|0,0|0,0|0,0|0,0|0,0|0,0|0,0|0,0|0,0|0,0|0,0|0,0|0,0|0,1|0,0|1,0|0,0|0,0|0,0|0,0|0,0|0,0|0,0|0,0|0,0|1,0|0,0|0,0|0,0|0,0|0,0|0,0|0,0|0,0|0,0|1,0|0,0|0,0|0,0|0,0|1,0|0,0|0,0|0,0|0,0|0,0|0,0|0,0|0,0|0,0|0,0|0,0|0,0|0,0|0,0|0,0|0,0|0,0|0,0|0,0|0,0|0,1|1,0|0,1|0,0|0,0|0,0|0,0|0,0|0,0|0,0|0,0|0
1,11015664,.,C,T,.,PASS,AC=5;AN=5096;DP=14294;AF=0;EAS_AF=0;EUR_AF=0;AFR_AF=0;AMR_AF=0;SAS_AF=0;VT=SNP;NS=2548,GT,0|0,0|0,0|0,0|0,0|0,0|0,0|0,0|0,0|0,0|0,0|0,0|0,0|0,0|0,0|0,0|0,0|0,0|0,0|0,0|0,0|0,0|0,0|0,0|0,0|0,0|0,0|0,0|0,0|0,0|0,0|0,0|0,0|0,0|0,0|0,0|0,0|0,0|0,0|0,0|0,0|0,0|0,0|0,0|0,0|0,0|0,0|0,0|0,0|0,0|0,0|0,0|0,0|0,0|0,0|0,0|0,0|0,0|0,0|0,0|0,0|0,0|0,0|0,0|0,0|0,0|0,0|0,0|0,0|0,0|0,0|1,0|0,0|0,0|0,0|0,0|0,0|0,0|0,0|0,0|0,0|0,0|0,0|0,0|0,0|0,0|0,0|0,0|0,0|0,0|0,0|0,0|0,0|0,0|0,0|0,0|0,0|0,0|0,0|0
1,11015669,.,C,CA,.,PASS,AC=2970;AN=5096;DP=14008;AF=0.58;EAS_AF=0.65;EUR_AF=0.81;AFR_AF=0.19;AMR_AF=0.76;SAS_AF=0.68;VT=INDEL;NS=2548,GT,1|1,0|0,0|0,0|0,1|0,0|1,1|0,1|0,0|0,1|1,1|1,0|1,0|1,1|1,1|0,1|0,1|1,1|1,0|1,1|1,1|0,0|0,1|1,1|0,1|1,0|0,1|1,1|1,1|1,0|1,0|1,0|1,1|1,1|1,0|0,1|1,0|1,0|1,0|1,0|1,0|1,1|0,0|1,1|1,1|0,1|0,1|0,0|1,0|1,0|0,1|1,0|0,1|1,1|0,0|1,0|1,1|0,1|1,1|1,0|1,0|1,1|0,1|0,1|1,0|0,1|1,0|0,0|0,1|0,1|1,0|0,1|1,0|1,0|1,1|1,1|1,1|1,0|1,1|1,0|1,1|0,1|0,1|1,0|0,1|1,1|0,1|1,1|0,0|1,0|1,0|1,0|1,1|1,0|1,1|1,1|1,1|1,1|0,1|1
1,11015768,.,C,CAG,.,PASS,AC=4258;AN=5096;DP=13608;AF=0.84;EAS_AF=0.87;EUR_AF=0.84;AFR_AF=0.83;AMR_AF=0.84;SAS_AF=0.8;VT=INDEL;NS=2548,GT,1|1,0|0,0|0,1|1,1|1,0|1,1|0,1|0,1|0,1|1,1|1,1|1,0|1,1|1,1|0,1|1,1|1,1|1,1|1,1|1,1|1,0|1,1|1,1|1,1|1,0|1,1|1,1|1,1|1,1|1,1|1,1|1,1|1,1|1,1|0,1|1,1|1,1|1,1|1,0|1,1|1,1|1,1|1,1|1,1|1,1|1,1|0,0|1,0|1,0|1,1|1,1|1,1|1,1|1,1|1,1|1,1|1,1|1,1|1,1|1,0|1,1|1,1|0,1|1,0|0,1|1,1|1,0|1,1|0,1|1,0|1,1|1,0|1,0|1,1|1,1|1,1|1,1|1,1|1,0|1,1|1,1|1,1|1,1|0,1|1,1|0,1|1,1|0,1|1,1|1,1|1,0|1,1|1,0|1,1|1,0|1,1|1,1|0,1|1
1,11015915,.,GTATTTTTATTTATT,G,.,PASS,AC=8;AN=5096;DP=13207;AF=0;EAS_AF=0.01;EUR_AF=0;AFR_AF=0;AMR_AF=0;SAS_AF=0;VT=INDEL;NS=2548,GT,0|0,0|0,0|0,0|0,0|0,0|0,0|0,0|0,0|0,0|0,0|0,0|0,0|0,0|0,0|0,0|0,0|0,0|0,0|0,0|0,0|0,0|0,0|0,0|0,0|0,0|0,0|0,0|0,0|0,0|0,0|0,0|0,0|0,0|0,0|0,0|0,0|0,0|0,0|0,0|0,0|0,0|0,0|0,0|0,0|0,0|0,0|0,0|0,0|0,0|0,0|0,0|0,0|1,0|0,0|0,0|0,0|0,0|0,0|0,0|0,0|0,0|0,0|0,0|0,0|0,1|0,0|0,0|0,0|0,0|0,0|0,0|0,0|0,0|0,0|0,0|0,0|0,0|0,0|0,0|0,0|0,0|0,0|0,0|0,0|0,0|0,0|0,0|0,0|0,0|0,0|1,0|0,0|0,0|0,0|0,0|0,0|0,0|0,0|0
1,11016133,.,G,A,.,PASS,AC=22;AN=5096;DP=16509;AF=0;EAS_AF=0;EUR_AF=0;AFR_AF=0;AMR_AF=0;SAS_AF=0.02;VT=SNP;NS=2548,GT,0|0,0|0,0|0,0|0,0|0,0|0,0|0,0|0,0|0,0|0,0|0,0|0,0|0,0|0,0|0,0|0,0|0,0|1,0|0,0|0,0|0,0|0,0|0,0|0,0|0,0|0,0|0,0|0,0|0,0|0,0|0,0|0,0|0,0|0,0|0,0|0,0|0,0|0,0|0,0|0,0|0,0|0,0|0,0|0,0|0,0|0,0|0,0|0,0|0,0|0,0|0,0|0,0|0,0|0,0|0,0|0,0|0,0|0,0|0,0|0,0|0,0|0,0|0,0|0,0|0,0|0,0|0,0|0,0|0,0|0,0|0,0|0,0|0,0|0,0|0,0|0,0|0,0|0,0|0,0|0,0|0,0|0,0|0,0|0,0|0,0|0,0|0,0|0,0|0,0|0,0|0,0|0,0|0,0|0,0|0,0|0,0|0,0|0,0|0
1,11017267,.,G,A,.,PASS,AC=1;AN=5096;DP=23853;AF=0;EAS_AF=0;EUR_AF=0;AFR_AF=0;AMR_AF=0;SAS_AF=0;VT=SNP;NS=2548,GT,0|0,0|0,0|0,0|0,0|0,0|0,0|0,0|0,0|0,0|0,0|0,0|0,0|0,0|0,0|0,0|0,0|0,0|0,0|0,0|0,0|0,0|0,0|0,0|0,0|0,0|0,0|0,0|0,0|0,0|0,0|0,0|0,0|0,0|0,0|0,0|0,0|0,0|0,0|1,0|0,0|0,0|0,0|0,0|0,0|0,0|0,0|0,0|0,0|0,0|0,0|0,0|0,0|0,0|0,0|0,0|0,0|0,0|0,0|0,0|0,0|0,0|0,0|0,0|0,0|0,0|0,0|0,0|0,0|0,0|0,0|0,0|0,0|0,0|0,0|0,0|0,0|0,0|0,0|0,0|0,0|0,0|0,0|0,0|0,0|0,0|0,0|0,0|0,0|0,0|0,0|0,0|0,0|0,0|0,0|0,0|0,0|0,0|0,0|0
1,11017496,.,C,T,.,PASS,AC=392;AN=5096;DP=18629;AF=0.08;EAS_AF=0.17;EUR_AF=0.02;AFR_AF=0.05;AMR_AF=0.03;SAS_AF=0.12;VT=SNP;NS=2548,GT,0|0,0|0,0|0,1|0,0|1,0|0,0|0,0|0,1|0,0|0,0|0,0|0,0|0,0|0,0|0,0|1,0|0,0|0,1|0,0|0,0|1,0|1,0|0,0|1,0|0,0|1,0|0,0|0,0|0,0|0,1|0,1|0,0|0,0|0,1|0,0|0,1|0,1|0,1|0,0|0,1|0,0|1,1|0,0|0,0|0,0|1,0|0,0|0,0|0,0|0,0|0,0|0,0|0,0|1,0|0,0|0,0|0,0|0,0|0,1|0,0|0,0|1,0|0,0|0,0|0,0|0,0|1,0|1,0|0,0|0,0|0,0|0,0|0,0|0,0|0,0|0,0|0,0|0,0|0,0|0,0|0,0|0,0|0,0|0,0|0,0|0,0|0,0|0,0|0,1|0,1|0,0|0,0|0,0|0,0|0,0|0,0|0,0|0,0|0
1,11017772,.,T,C,.,PASS,AC=2;AN=5096;DP=16850;AF=0;EAS_AF=0;EUR_AF=0;AFR_AF=0;AMR_AF=0;SAS_AF=0;VT=SNP;NS=2548,GT,0|0,0|0,0|0,0|0,0|0,0|0,0|0,0|0,0|0,0|0,0|0,0|0,0|0,0|1,0|0,0|0,0|0,0|0,0|0,0|0,0|0,0|0,0|0,0|0,0|0,0|0,0|0,0|0,0|0,0|0,0|0,0|0,0|0,0|0,0|0,0|0,0|0,0|0,0|0,0|0,0|0,0|0,0|0,0|0,0|0,0|0,0|0,0|0,0|0,0|0,0|0,0|0,0|0,0|0,0|0,0|0,0|0,0|0,0|0,0|0,0|0,0|0,0|0,0|0,0|0,0|0,0|0,0|0,0|0,0|0,0|0,0|0,0|0,0|0,0|0,0|0,0|0,0|0,0|0,0|0,0|0,0|0,0|0,0|0,0|0,0|0,0|0,0|0,0|0,0|0,0|0,0|0,0|0,0|0,0|0,0|0,0|0,0|0,0|0
1,11017860,.,G,A,.,PASS,AC=14;AN=5096;DP=16794;AF=0;EAS_AF=0.01;EUR_AF=0;AFR_AF=0;AMR_AF=0;SAS_AF=0;VT=SNP;NS=2548,GT,0|0,0|0,0|0,0|0,0|0,0|0,0|0,0|0,0|0,0|0,0|0,0|0,0|0,0|0,0|0,0|0,0|0,0|0,0|0,0|0,0|0,0|0,0|0,0|0,0|0,0|0,0|0,0|0,0|0,0|0,0|0,0|0,0|0,0|0,0|0,0|0,0|0,0|0,0|0,0|0,0|0,0|0,0|0,0|1,0|0,0|0,0|0,0|0,0|0,0|0,0|0,0|0,0|0,0|0,0|1,0|0,0|0,0|0,0|0,0|0,0|0,0|0,0|0,0|0,0|0,0|0,0|0,0|0,0|0,1|0,0|0,0|0,0|1,0|0,0|0,0|0,0|0,0|0,0|0,0|0,0|0,0|0,0|0,0|0,0|0,0|0,0|0,0|0,0|0,0|0,0|0,0|0,0|0,0|0,0|0,0|0,0|0,0|0,0|0
1,11018168,.,T,C,.,PASS,AC=4308;AN=5096;DP=19535;AF=0.85;EAS_AF=0.87;EUR_AF=0.84;AFR_AF=0.86;AMR_AF=0.84;SAS_AF=0.82;VT=SNP;NS=2548,GT,1|1,0|0,0|0,1|1,1|1,0|1,1|0,1|0,1|0,1|1,1|1,1|1,0|1,1|1,1|0,1|1,1|1,1|1,1|1,1|1,1|1,0|1,1|1,1|1,1|1,0|1,1|1,1|1,1|1,1|1,1|1,1|1,1|1,1|1,1|0,1|1,1|1,1|1,1|1,0|1,1|1,1|1,1|1,1|1,1|1,1|1,1|0,0|1,0|1,0|1,1|1,1|1,1|1,1|1,1|1,1|1,1|1,1|1,1|1,1|1,0|1,1|1,1|0,1|1,0|0,1|1,1|1,0|1,1|0,1|1,0|1,1|1,0|1,0|1,1|1,1|1,1|1,1|1,1|1,0|1,1|1,1|1,1|1,1|0,1|1,1|0,1|1,1|0,1|1,1|1,1|1,0|1,1|1,0|1,1|1,1|1,1|1,1|0,1|1
1,11018255,.,G,C,.,PASS,AC=4269;AN=5096;DP=20732;AF=0.84;EAS_AF=0.87;EUR_AF=0.83;AFR_AF=0.83;AMR_AF=0.84;SAS_AF=0.81;VT=SNP;NS=2548,GT,1|1,0|0,0|0,1|1,1|1,0|1,1|0,1|0,1|0,1|1,1|1,1|1,0|1,1|1,1|0,1|1,1|1,1|1,1|1,1|1,1|1,0|1,1|1,1|1,1|1,0|1,1|1,1|1,1|1,1|1,1|1,1|1,1|1,1|1,1|0,1|1,1|1,1|1,1|1,1|1,1|1,1|1,1|1,1|1,1|1,1|1,1|0,0|1,0|1,0|1,1|1,1|1,1|1,1|1,1|1,1|1,1|1,1|1,1|1,1|1,0|1,1|1,1|0,1|1,0|0,1|1,1|1,0|1,1|0,1|1,0|1,1|1,0|1,0|1,1|1,1|1,1|1,1|1,1|1,0|1,1|1,1|1,1|1,1|0,1|1,1|0,1|1,1|0,1|1,1|1,1|1,0|1,1|1,0|1,1|1,1|1,1|1,1|0,1|1
1,11018341,.,A,AATCTTTG,.,PASS,AC=2958;AN=5096;DP=13897;AF=0.58;EAS_AF=0.66;EUR_AF=0.81;AFR_AF=0.18;AMR_AF=0.75;SAS_AF=0.68;VT=INDEL;NS=2548,GT,1|1,0|0,0|0,0|0,1|0,0|1,1|0,1|0,0|0,1|1,1|1,1|1,0|1,1|1,1|0,1|0,1|1,1|1,0|1,1|1,1|0,0|0,1|1,1|0,1|1,0|0,1|1,1|1,1|1,0|1,0|1,0|1,1|1,1|1,0|0,1|1,0|1,0|1,0|1,0|1,0|1,1|0,0|1,1|1,1|0,1|0,1|0,0|1,0|1,0|0,1|1,0|1,1|1,1|0,0|1,0|1,1|0,1|1,1|1,0|1,0|1,1|0,1|0,1|1,0|0,1|1,0|0,0|0,1|0,1|1,0|0,1|1,0|1,0|1,1|1,1|1,1|1,0|1,1|1,0|1,1|0,1|0,1|1,0|0,1|1,1|0,1|1,1|0,1|1,0|1,0|1,0|1,1|1,0|1,1|1,1|1,1|1,1|0,1|1
1,11018624,.,C,A,.,PASS,AC=16;AN=5096;DP=146391;AF=0;EAS_AF=0.02;EUR_AF=0;AFR_AF=0;AMR_AF=0;SAS_AF=0;VT=SNP;NS=2548,GT,0|0,0|0,0|0,0|0,0|0,0|0,0|0,0|1,0|0,0|0,0|0,0|0,1|0,0|0,0|0,0|0,0|0,0|0,0|0,0|0,0|0,0|0,0|0,0|0,0|0,0|0,0|0,0|0,0|0,0|0,0|0,0|0,0|0,0|0,0|0,0|0,0|0,0|0,0|0,0|0,0|0,0|0,0|0,0|0,0|0,0|0,0|0,0|0,0|0,0|0,0|0,0|0,0|0,0|0,0|0,0|0,0|0,0|0,0|0,0|0,1|0,0|0,0|0,0|0,0|0,0|0,0|0,0|0,0|0,0|0,0|0,0|0,0|0,0|0,0|0,0|0,0|0,0|0,0|0,0|0,0|0,0|0,0|0,0|0,0|0,0|0,0|0,0|0,0|0,0|0,0|0,0|0,0|0,0|0,0|0,0|0,0|0,0|0,0|0
1,11018970,.,G,T,.,PASS,AC=1;AN=5096;DP=168732;AF=0;EAS_AF=0;EUR_AF=0;AFR_AF=0;AMR_AF=0;SAS_AF=0;VT=SNP;NS=2548,GT,0|0,0|0,0|0,0|0,0|0,0|0,0|0,0|0,0|0,0|0,0|0,0|0,0|0,0|0,0|0,0|0,0|0,0|0,0|0,0|0,0|0,0|0,0|0,0|0,0|0,0|0,0|0,0|0,0|0,0|0,0|0,0|0,0|0,0|0,0|0,0|0,0|0,0|0,0|0,0|0,0|0,0|0,0|0,0|0,0|0,0|0,0|0,0|0,0|0,0|0,0|0,0|0,0|0,0|0,0|0,0|0,0|0,0|0,0|0,0|0,0|0,0|0,0|0,0|0,0|0,0|0,0|0,0|0,0|0,0|0,0|0,0|0,0|0,0|0,0|0,0|0,0|0,0|0,0|0,0|0,0|0,0|0,0|0,1|0,0|0,0|0,0|0,0|0,0|0,0|0,0|0,0|0,0|0,0|0,0|0,0|0,0|0,0|0,0|0
1,11019020,.,A,G,.,PASS,AC=2983;AN=5096;DP=106309;AF=0.59;EAS_AF=0.67;EUR_AF=0.82;AFR_AF=0.18;AMR_AF=0.76;SAS_AF=0.68;VT=SNP;NS=2548,GT,1|1,0|0,0|0,0|0,1|0,0|1,1|0,1|0,0|0,1|1,1|1,1|1,0|1,1|1,1|0,1|0,1|1,1|1,0|1,1|1,1|0,0|0,1|1,1|0,1|1,0|0,1|1,1|1,1|1,0|1,0|1,0|1,1|1,1|1,0|0,1|1,0|1,0|1,0|1,0|1,0|1,1|0,0|1,1|1,1|0,1|0,1|0,0|1,0|1,0|0,1|1,0|1,1|1,1|0,0|1,0|1,1|0,1|1,1|1,0|1,0|1,1|0,1|0,1|1,0|0,1|1,0|0,0|0,1|0,1|1,0|0,1|1,0|1,0|1,1|1,1|1,1|1,0|1,1|1,0|1,1|0,1|0,1|1,0|0,1|1,1|0,1|1,1|0,1|1,0|1,0|1,0|1,1|1,0|1,1|1,1|1,1|1,1|0,1|1
1,11019086,.,A,G,.,PASS,AC=2;AN=5096;DP=55705;AF=0;EAS_AF=0;EUR_AF=0;AFR_AF=0;AMR_AF=0;SAS_AF=0;VT=SNP;NS=2548,GT,0|0,0|0,0|0,0|0,0|0,0|0,0|0,0|0,0|0,0|0,0|0,0|0,0|0,0|0,0|0,0|0,0|0,0|0,0|0,0|0,0|0,0|0,0|0,0|0,0|0,0|0,0|0,0|0,0|0,0|0,0|0,0|0,0|0,0|0,0|0,0|0,0|0,0|0,0|0,0|0,0|0,0|0,0|0,0|0,0|0,0|0,0|0,0|0,0|0,0|0,0|0,0|0,0|0,0|0,0|0,0|0,0|0,0|0,0|0,0|0,0|0,0|0,0|0,0|0,0|0,0|0,0|0,0|0,0|0,0|0,0|0,0|0,0|0,0|0,0|0,0|0,0|0,0|0,0|0,0|0,0|0,0|0,0|0,0|0,0|0,0|0,0|0,0|0,0|0,0|1,0|0,0|0,0|0,0|0,0|0,0|0,0|0,0|0,0|0
1,11019356,.,T,A,.,PASS,AC=4278;AN=5096;DP=23802;AF=0.84;EAS_AF=0.87;EUR_AF=0.84;AFR_AF=0.83;AMR_AF=0.84;SAS_AF=0.82;VT=SNP;NS=2548,GT,1|1,0|0,0|0,1|1,1|1,0|1,1|0,1|0,1|0,1|1,1|1,1|1,0|1,1|1,1|0,1|1,1|1,1|1,1|1,1|1,1|1,0|1,1|1,1|1,1|1,0|1,1|1,1|1,1|1,1|1,1|1,1|1,1|1,1|1,1|0,1|1,1|1,1|1,1|1,0|1,1|1,1|1,1|1,1|1,1|1,1|1,1|0,0|1,0|1,0|1,1|1,1|1,1|1,1|1,1|1,1|1,1|1,1|1,1|1,1|1,0|1,1|1,1|0,1|1,0|0,1|1,1|1,0|1,1|0,1|1,0|1,1|1,0|1,0|1,1|1,1|1,1|1,1|1,1|1,0|1,1|1,1|1,1|1,1|0,1|1,1|0,1|1,1|0,1|1,1|1,1|1,0|1,1|1,0|1,1|1,1|1,1|1,1|0,1|1
1,11019522,.,A,C,.,PASS,AC=575;AN=5096;DP=23494;AF=0.11;EAS_AF=0.2;EUR_AF=0.02;AFR_AF=0.15;AMR_AF=0.04;SAS_AF=0.12;VT=SNP;NS=2548,GT,0|0,0|0,0|0,1|1,0|1,0|0,0|0,0|0,1|0,0|0,0|0,0|0,0|0,0|0,0|0,0|1,0|0,0|0,1|0,0|0,0|1,0|1,0|0,0|1,0|0,0|1,0|0,0|0,0|0,1|0,1|0,1|0,0|0,0|0,1|0,0|0,1|0,1|0,1|0,0|0,1|0,0|1,1|0,0|0,0|1,0|1,0|0,0|0,0|0,0|1,0|0,1|0,0|0,0|1,1|0,1|0,0|1,0|0,0|0,1|0,0|0,0|1,0|0,0|0,0|0,0|0,1|1,0|1,0|0,0|0,0|1,0|0,0|0,0|0,0|0,0|0,0|0,1|0,0|0,0|0,0|1,0|1,0|0,1|0,0|0,0|0,0|0,0|0,0|0,1|0,1|0,0|0,0|0,0|0,0|0,0|0,0|0,0|0,0|0
1,11019716,.,A,G,.,PASS,AC=4267;AN=5096;DP=18140;AF=0.84;EAS_AF=0.87;EUR_AF=0.84;AFR_AF=0.83;AMR_AF=0.84;SAS_AF=0.8;VT=SNP;NS=2548,GT,1|1,0|0,0|0,1|1,1|1,0|1,1|0,1|0,1|0,1|1,1|1,1|1,0|1,1|1,1|0,1|1,1|1,1|1,1|1,1|1,1|1,0|1,1|1,1|1,1|1,0|1,1|1,1|1,1|1,1|1,1|1,1|1,1|1,1|1,1|0,1|1,1|1,1|1,1|1,0|1,1|1,1|1,1|1,1|1,1|1,1|1,1|0,0|1,0|1,0|1,1|1,1|1,1|1,1|1,1|1,1|1,1|1,1|1,1|1,1|1,0|1,1|1,1|0,1|1,0|0,1|1,1|1,0|1,1|0,1|1,0|1,1|1,0|1,0|1,1|1,1|1,1|1,1|1,1|1,0|1,1|1,1|1,1|1,1|0,1|1,1|0,1|1,1|0,1|1,1|1,1|1,0|1,1|1,0|1,1|1,1|1,1|1,1|0,1|1
1,11019901,.,A,G,.,PASS,AC=4278;AN=5096;DP=15169;AF=0.84;EAS_AF=0.87;EUR_AF=0.84;AFR_AF=0.83;AMR_AF=0.84;SAS_AF=0.82;VT=SNP;NS=2548,GT,1|1,0|0,0|0,1|1,1|1,0|1,1|0,1|0,1|0,1|1,1|1,1|1,0|1,1|1,1|0,1|1,1|1,1|1,1|1,1|1,1|1,0|1,1|1,1|1,1|1,0|1,1|1,1|1,1|1,1|1,1|1,1|1,1|1,1|1,1|0,1|1,1|1,1|1,1|1,0|1,1|1,1|1,1|1,1|1,1|1,1|1,1|0,0|1,0|1,0|1,1|1,1|1,1|1,1|1,1|1,1|1,1|1,1|1,1|1,1|1,0|1,1|1,1|0,1|1,0|0,1|1,1|1,0|1,1|0,1|1,0|1,1|1,0|1,0|1,1|1,1|1,1|1,1|1,1|1,0|1,1|1,1|1,1|1,1|0,1|1,1|0,1|1,1|0,1|1,1|1,1|1,0|1,1|1,0|1,1|1,1|1,1|1,1|0,1|1
1,11020666,.,T,TG,.,PASS,AC=4662;AN=5096;DP=179543;AF=0.91;EAS_AF=0.92;EUR_AF=0.84;AFR_AF=0.99;AMR_AF=0.91;SAS_AF=0.89;VT=INDEL;NS=2548,GT,1|1,0|0,1|0,1|1,1|1,0|1,1|0,1|0,1|1,1|1,1|1,1|1,0|1,1|1,1|1,1|1,1|1,1|1,1|1,1|1,1|1,1|1,1|1,1|1,1|1,1|1,1|1,1|1,1|1,1|1,1|1,1|1,1|1,1|1,1|0,1|1,1|1,1|1,1|1,1|1,1|1,1|1,1|1,1|1,1|1,1|1,1|1,0|1,1|1,1|1,1|1,1|1,1|1,1|1,1|1,1|1,1|1,1|1,1|1,1|1,0|1,1|1,1|0,1|1,1|0,1|1,1|1,1|1,1|0,1|1,0|1,1|1,0|1,0|1,1|1,1|1,1|1,1|1,1|1,0|1,1|1,1|1,1|1,1|0,1|1,1|0,1|1,1|0,1|1,1|1,1|1,0|1,1|1,0|1,1|1,1|1,1|1,1|0,1|1
1,11021153,.,T,A,.,PASS,AC=3407;AN=5096;DP=19272;AF=0.67;EAS_AF=0.84;EUR_AF=0.81;AFR_AF=0.29;AMR_AF=0.78;SAS_AF=0.78;VT=SNP;NS=2548,GT,1|1,0|0,0|0,1|1,1|1,0|1,1|0,1|0,1|0,1|1,1|1,1|1,0|1,1|1,1|0,1|1,1|1,1|1,1|1,1|1,1|1,0|1,1|1,1|1,1|1,0|1,1|1,1|1,1|1,1|1,1|1,1|1,0|1,1|1,1|0,1|1,0|1,1|1,1|1,0|1,1|1,1|1,1|1,1|1,1|1,0|1,1|0,0|1,0|1,0|1,1|1,1|1,1|1,1|1,1|1,1|0,1|1,1|1,1|1,1|1,0|1,1|1,1|0,1|1,0|0,1|1,1|1,0|1,1|0,1|1,0|1,1|1,0|1,0|1,0|1,1|1,1|1,1|1,1|1,0|1,0|1,1|1,1|1,1|0,1|1,1|0,1|1,1|0,1|1,1|1,1|1,0|1,1|1,0|1,1|1,1|1,1|1,1|0,1|1
1,11021780,.,G,GT,.,PASS,AC=114;AN=5096;DP=22947;AF=0.02;EAS_AF=0.01;EUR_AF=0.01;AFR_AF=0.03;AMR_AF=0.02;SAS_AF=0.04;VT=INDEL;NS=2548,GT,0|0,0|0,0|0,0|0,0|0,0|0,0|0,0|0,0|0,0|0,0|0,0|0,0|0,0|0,0|0,0|0,0|0,0|0,0|0,0|0,0|0,0|0,0|0,0|0,0|0,0|0,0|0,0|0,0|0,0|0,0|0,1|0,0|0,0|0,0|0,0|0,0|0,0|0,0|0,0|0,0|0,0|0,0|0,0|0,0|0,0|0,0|0,0|0,0|0,0|0,1|0,0|0,0|0,0|0,0|0,0|0,0|0,0|0,0|0,1|0,0|0,0|0,0|0,0|0,0|0,0|0,0|0,0|0,0|0,0|0,0|0,0|0,0|0,0|0,0|0,0|0,0|0,0|0,0|0,0|0,0|0,0|0,0|0,0|0,0|0,0|0,0|0,0|0,0|0,0|0,0|0,0|0,0|0,0|0,0|0,0|0,0|0,0|0,0|0
1,11021823,.,G,T,.,PASS,AC=2976;AN=5096;DP=25079;AF=0.58;EAS_AF=0.66;EUR_AF=0.82;AFR_AF=0.18;AMR_AF=0.76;SAS_AF=0.68;VT=SNP;NS=2548,GT,1|1,0|0,0|0,0|0,1|0,0|1,1|0,1|0,0|0,1|1,1|1,1|1,0|1,1|1,1|0,1|0,1|1,1|1,0|1,1|1,1|0,0|0,1|1,1|0,1|1,0|0,1|1,1|1,1|1,0|1,0|1,0|1,1|1,1|1,0|0,1|1,0|1,0|1,0|1,0|1,0|1,1|0,0|1,1|1,1|0,1|0,1|0,0|1,0|1,0|0,1|1,0|1,1|1,1|0,0|1,0|1,1|0,1|1,1|1,0|1,0|1,1|0,1|0,1|1,0|0,1|1,0|0,0|0,1|0,1|1,0|0,1|1,0|1,0|1,1|1,1|1,1|1,0|1,1|1,0|1,1|0,1|0,1|1,0|0,1|1,1|0,1|1,1|0,1|1,0|1,0|1,0|1,1|1,0|1,1|1,1|1,1|1,1|0,1|1
1,11021925,.,T,C,.,PASS,AC=1;AN=5096;DP=41094;AF=0;EAS_AF=0;EUR_AF=0;AFR_AF=0;AMR_AF=0;SAS_AF=0;VT=SNP;NS=2548,GT,0|0,0|0,0|0,0|0,0|0,0|0,0|0,0|0,0|0,0|0,0|0,0|0,0|0,0|0,0|0,0|0,0|0,0|0,0|0,0|0,0|0,0|0,0|0,0|0,0|0,0|0,0|0,0|0,0|0,0|0,0|0,0|0,0|0,0|0,0|0,0|0,0|0,0|0,0|0,0|0,0|0,0|0,0|0,0|0,0|0,0|0,0|0,0|0,0|0,0|0,0|0,0|0,0|0,0|0,0|0,0|0,0|0,0|0,0|0,0|0,0|0,0|0,0|0,0|0,0|0,0|0,0|0,0|0,0|0,0|0,0|0,0|0,0|0,0|0,0|0,0|0,0|0,0|0,0|0,0|0,0|0,0|0,0|1,0|0,0|0,0|0,0|0,0|0,0|0,0|0,0|0,0|0,0|0,0|0,0|0,0|0,0|0,0|0,0|0
1,11021997,.,AG,A,.,PASS,AC=2975;AN=5096;DP=86542;AF=0.58;EAS_AF=0.66;EUR_AF=0.82;AFR_AF=0.18;AMR_AF=0.76;SAS_AF=0.68;VT=INDEL;NS=2548,GT,1|1,0|0,0|0,0|0,1|0,0|1,1|0,1|0,0|0,1|1,1|1,1|1,0|1,1|1,1|0,1|0,1|1,1|1,0|1,1|1,1|0,0|0,1|1,1|0,1|1,0|0,1|1,1|1,1|1,0|1,0|1,0|1,1|1,1|1,0|0,1|1,0|1,0|1,0|1,0|1,0|1,1|0,0|1,1|1,1|0,1|0,1|0,0|1,0|1,0|0,1|1,0|1,1|1,1|0,0|1,0|1,1|0,1|1,1|1,0|1,0|1,1|0,1|0,1|1,0|0,1|1,0|0,0|0,1|0,1|1,0|0,1|1,0|1,0|1,1|1,1|1,1|1,0|1,1|1,0|1,1|0,1|0,1|1,0|0,1|1,1|0,1|1,1|0,1|1,0|1,0|1,0|1,1|1,0|1,1|1,1|1,1|1,1|0,1|1
1,11024470,.,G,A,.,PASS,AC=2;AN=5096;DP=23741;AF=0;EAS_AF=0;EUR_AF=0;AFR_AF=0;AMR_AF=0;SAS_AF=0;VT=SNP;NS=2548,GT,0|0,0|0,0|0,0|0,0|0,0|0,0|0,0|0,0|0,0|0,0|0,0|0,0|0,0|0,0|0,0|0,0|0,0|0,0|0,0|0,0|0,0|0,0|0,0|0,0|0,0|0,0|0,0|0,0|0,0|1,0|0,0|0,0|0,0|0,0|0,0|0,0|0,0|0,0|0,0|0,0|0,0|0,0|0,0|0,0|0,0|0,0|0,0|0,0|0,0|0,0|0,0|0,0|0,0|0,0|0,0|0,0|0,0|0,0|0,0|0,0|0,0|0,0|0,0|0,0|0,0|0,0|0,0|0,0|0,0|0,0|0,0|0,0|0,0|0,0|0,0|0,0|0,0|0,0|0,0|0,0|0,0|0,0|0,0|0,0|0,0|0,0|0,0|0,0|0,0|0,0|0,0|0,0|0,0|0,0|0,0|0,0|0,0|0,0|0
1,11025394,.,G,A,.,PASS,AC=4;AN=5096;DP=19297;AF=0;EAS_AF=0;EUR_AF=0;AFR_AF=0;AMR_AF=0;SAS_AF=0;VT=SNP;NS=2548,GT,0|0,0|0,0|0,0|0,0|0,0|0,0|0,0|0,0|0,0|0,0|0,0|0,0|0,0|0,0|0,0|0,0|0,0|0,0|0,0|0,0|0,0|0,0|0,0|0,0|0,0|0,0|0,0|0,1|0,0|0,0|0,0|0,0|0,0|0,0|0,0|0,0|0,0|0,0|0,0|0,0|0,0|0,0|0,0|0,0|0,0|0,0|0,0|0,0|0,0|0,0|0,0|0,0|0,0|0,0|0,0|0,0|0,0|0,0|0,0|0,0|0,0|0,0|0,0|0,0|0,0|0,0|0,0|0,0|0,0|0,0|0,0|0,0|0,0|0,0|0,0|0,0|0,0|0,0|0,0|0,0|0,0|0,0|0,0|0,0|0,0|0,0|0,0|0,0|0,0|0,0|0,0|0,0|0,0|0,0|0,0|0,0|0,0|0,0|0
1,11025427,.,A,G,.,PASS,AC=5;AN=5096;DP=18465;AF=0;EAS_AF=0;EUR_AF=0;AFR_AF=0;AMR_AF=0;SAS_AF=0;VT=SNP;NS=2548,GT,0|0,0|0,0|0,0|0,0|0,0|0,0|0,0|0,0|0,0|0,0|0,0|0,0|0,0|0,0|0,0|0,0|0,0|0,1|0,0|0,0|0,0|0,0|0,0|0,0|0,0|0,0|0,0|0,0|0,0|0,0|0,0|0,0|0,0|0,0|0,0|0,0|0,0|0,0|0,0|0,0|0,0|0,0|0,0|0,0|0,0|0,0|0,0|0,0|0,0|0,0|0,0|0,0|0,0|0,0|0,0|0,0|0,0|0,0|0,0|0,0|0,0|0,0|0,0|0,0|0,0|0,0|0,0|0,0|0,0|0,0|0,0|0,0|0,0|0,0|0,0|0,0|0,0|0,0|0,0|0,0|0,0|0,0|0,0|0,0|0,0|0,0|0,0|0,0|0,0|0,0|0,0|0,0|0,0|0,0|0,0|0,0|0,0|0,0|0
1,11026040,.,A,AT,.,PASS,AC=2984;AN=5096;DP=31638;AF=0.59;EAS_AF=0.66;EUR_AF=0.82;AFR_AF=0.18;AMR_AF=0.76;SAS_AF=0.68;VT=INDEL;NS=2548,GT,1|1,0|0,0|0,0|0,1|0,0|1,1|0,1|0,0|0,1|1,1|1,1|1,0|1,1|1,1|0,1|0,1|1,1|1,0|1,1|1,1|0,0|0,1|1,1|0,1|1,0|0,1|1,1|1,1|1,0|1,0|1,0|1,1|1,1|1,0|0,1|1,0|1,0|1,0|1,0|1,0|1,1|0,0|1,1|1,1|0,1|0,1|0,0|1,0|1,0|0,1|1,0|1,1|1,1|0,0|1,0|1,1|0,1|1,1|1,0|1,0|1,1|0,1|0,1|1,0|0,1|1,0|0,0|0,1|0,1|1,0|0,1|1,0|1,0|1,1|1,1|1,1|1,0|1,1|1,0|1,1|0,1|0,1|1,0|0,1|1,1|0,1|1,1|0,1|1,0|1,0|1,0|1,1|1,0|1,1|1,1|1,1|1,1|0,1|1
1,11026275,.,A,G,.,PASS,AC=2985;AN=5096;DP=24470;AF=0.59;EAS_AF=0.67;EUR_AF=0.82;AFR_AF=0.18;AMR_AF=0.76;SAS_AF=0.68;VT=SNP;NS=2548,GT,1|1,0|0,0|0,0|0,1|0,0|1,1|0,1|0,0|0,1|1,1|1,1|1,0|1,1|1,1|0,1|0,1|1,1|1,0|1,1|1,1|0,0|0,1|1,1|0,1|1,0|0,1|1,1|1,1|1,0|1,0|1,0|1,1|1,1|1,0|0,1|1,0|1,0|1,0|1,0|1,0|1,1|0,0|1,1|1,1|0,1|0,1|0,0|1,0|1,0|0,1|1,0|1,1|1,1|0,0|1,0|1,1|0,1|1,1|1,0|1,0|1,1|0,1|0,1|1,0|0,1|1,0|0,0|0,1|0,1|1,0|0,1|1,0|1,0|1,1|1,1|1,1|1,0|1,1|1,0|1,1|0,1|0,1|1,0|0,1|1,1|0,1|1,1|0,1|1,0|1,0|1,0|1,1|1,0|1,1|1,1|1,1|1,1|0,1|1
1,11026382,.,C,T,.,PASS,AC=4246;AN=5096;DP=23194;AF=0.83;EAS_AF=0.87;EUR_AF=0.83;AFR_AF=0.82;AMR_AF=0.84;SAS_AF=0.8;VT=SNP;NS=2548,GT,1|1,0|0,0|0,1|1,1|1,0|1,1|0,1|0,1|0,1|1,1|1,1|1,0|1,1|1,1|0,1|1,1|1,1|1,1|1,1|1,1|1,0|1,1|1,1|1,1|1,0|1,1|1,1|1,1|1,1|1,1|1,1|1,1|1,1|1,1|0,1|1,1|1,1|1,1|1,0|1,1|1,1|1,1|1,1|1,1|1,1|1,1|0,0|1,0|1,0|1,1|1,1|1,1|1,1|1,1|1,1|1,1|1,1|1,1|1,1|1,0|1,1|1,1|0,1|1,0|0,1|1,1|1,0|1,1|0,1|1,0|1,1|1,0|1,0|1,1|1,1|1,1|1,1|1,1|1,0|1,1|1,1|1,1|1,1|0,1|1,1|0,1|1,1|0,1|1,1|1,1|1,0|1,1|1,0|1,1|1,1|1,1|1,1|0,1|1
1,11026660,.,A,G,.,PASS,AC=3615;AN=5096;DP=35735;AF=0.71;EAS_AF=0.87;EUR_AF=0.84;AFR_AF=0.37;AMR_AF=0.8;SAS_AF=0.8;VT=SNP;NS=2548,GT,1|1,0|0,0|0,1|1,1|1,0|1,1|0,1|0,1|0,1|1,1|1,1|1,0|1,1|1,1|0,1|1,1|1,1|1,1|1,1|1,1|1,0|1,1|1,1|1,1|1,0|1,1|1,1|1,1|1,1|1,1|1,1|1,1|1,1|1,1|0,1|1,1|1,1|1,1|1,0|1,1|1,1|1,1|1,1|1,1|1,1|1,1|0,0|1,0|1,0|1,1|1,1|1,1|1,1|1,1|1,1|1,1|1,1|1,1|1,1|1,0|1,1|1,1|0,1|1,0|0,1|1,1|1,0|1,1|0,1|1,0|1,1|1,0|1,0|1,1|1,1|1,1|1,1|1,1|1,0|1,1|1,1|1,1|1,1|0,1|1,1|0,1|1,1|0,1|1,1|1,1|1,0|1,1|1,0|1,1|1,1|1,1|1,1|0,1|1
1,11026856,.,T,C,.,PASS,AC=2;AN=5096;DP=206597;AF=0;EAS_AF=0;EUR_AF=0;AFR_AF=0;AMR_AF=0;SAS_AF=0;EX_TARGET;VT=SNP;NS=2548,GT,0|0,0|0,0|0,0|0,0|0,0|0,0|0,0|0,0|0,0|0,0|0,0|0,0|0,0|0,0|0,0|0,0|0,0|0,0|0,0|0,0|0,0|0,0|0,0|0,0|0,0|0,0|0,0|0,0|0,0|0,0|0,0|0,0|0,0|0,0|0,0|0,0|0,0|0,0|0,0|1,0|0,0|0,0|0,0|0,0|0,0|0,0|0,0|0,0|0,0|0,0|0,0|0,0|0,0|0,0|0,0|0,0|0,0|0,0|0,0|0,0|0,0|0,0|0,0|0,0|0,0|0,0|0,0|0,0|0,0|0,0|0,1|0,0|0,0|0,0|0,0|0,0|0,0|0,0|0,0|0,0|0,0|0,0|0,0|0,0|0,0|0,0|0,0|0,0|0,0|0,0|0,0|0,0|0,0|0,0|0,0|0,0|0,0|0,0|0
1,11026880,.,G,A,.,PASS,AC=1;AN=5096;DP=267287;AF=0;EAS_AF=0;EUR_AF=0;AFR_AF=0;AMR_AF=0;SAS_AF=0;EX_TARGET;VT=SNP;NS=2548,GT,0|0,0|0,0|0,0|0,0|0,0|0,0|0,0|0,0|0,0|0,0|0,1|0,0|0,0|0,0|0,0|0,0|0,0|0,0|0,0|0,0|0,0|0,0|0,0|0,0|0,0|0,0|0,0|0,0|0,0|0,0|0,0|0,0|0,0|0,0|0,0|0,0|0,0|0,0|0,0|0,0|0,0|0,0|0,0|0,0|0,0|0,0|0,0|0,0|0,0|0,0|0,0|0,0|0,0|0,0|0,0|0,0|0,0|0,0|0,0|0,0|0,0|0,0|0,0|0,0|0,0|0,0|0,0|0,0|0,0|0,0|0,0|0,0|0,0|0,0|0,0|0,0|0,0|0,0|0,0|0,0|0,0|0,0|0,0|0,0|0,0|0,0|0,0|0,0|0,0|0,0|0,0|0,0|0,0|0,0|0,0|0,0|0,0|0,0|0
1,11027215,.,T,G,.,PASS,AC=36;AN=5096;DP=404082;AF=0.01;EAS_AF=0.03;EUR_AF=0;AFR_AF=0;AMR_AF=0;SAS_AF=0;EX_TARGET;VT=SNP;NS=2548,GT,0|0,0|0,0|0,0|0,0|0,0|1,0|0,0|0,0|0,0|0,0|0,0|0,0|0,0|0,0|0,0|0,0|0,0|0,0|0,0|1,0|0,0|0,0|0,0|0,0|0,0|0,0|0,0|0,0|0,0|0,0|0,0|0,0|0,0|0,0|0,0|0,0|0,0|0,0|0,0|0,0|0,0|0,0|0,0|0,0|0,0|0,0|0,0|0,0|0,0|0,0|0,0|0,0|0,0|0,0|0,0|0,1|0,0|0,0|0,0|0,0|0,0|0,0|0,0|0,0|0,0|0,0|0,0|0,0|0,0|0,0|0,0|0,0|0,0|0,0|0,0|0,0|0,0|0,0|0,0|0,0|0,0|0,0|0,0|0,0|0,0|0,0|0,0|0,0|0,0|0,0|0,0|0,0|0,0|0,0|0,0|0,1|0,0|0,0|0
1,11027467,.,G,A,.,PASS,AC=3505;AN=5096;DP=423544;AF=0.69;EAS_AF=0.87;EUR_AF=0.84;AFR_AF=0.3;AMR_AF=0.8;SAS_AF=0.8;EX_TARGET;VT=SNP;NS=2548,GT,1|1,0|0,0|0,1|1,1|1,0|1,1|0,1|0,1|0,1|1,1|1,1|1,0|1,1|1,1|0,1|1,1|1,1|1,1|1,1|1,1|1,0|1,1|1,1|1,1|1,0|1,1|1,1|1,1|1,1|1,1|1,1|1,1|1,1|1,1|0,1|1,1|1,1|1,1|1,0|1,1|1,1|1,1|1,1|1,1|1,1|1,1|0,0|1,0|1,0|1,1|1,1|1,1|1,1|1,1|1,1|1,1|1,1|1,1|1,1|1,0|1,1|1,1|0,1|1,0|0,1|1,1|1,0|1,1|0,1|1,0|1,1|1,0|1,0|1,1|1,1|1,1|1,1|1,1|1,0|1,1|1,1|1,1|1,1|0,1|1,1|0,1|1,1|0,1|1,1|1,1|1,0|1,1|1,0|1,1|1,1|1,1|1,1|0,1|1
1,11027778,.,T,C,.,PASS,AC=4267;AN=5096;DP=49043;AF=0.84;EAS_AF=0.87;EUR_AF=0.84;AFR_AF=0.83;AMR_AF=0.84;SAS_AF=0.81;VT=SNP;NS=2548,GT,1|1,0|0,0|0,1|1,1|1,0|1,1|0,1|0,1|0,1|1,1|1,1|1,0|1,1|1,1|0,1|1,1|1,1|1,1|1,1|1,1|1,0|1,1|1,1|1,1|1,0|1,1|1,1|1,1|1,1|1,1|1,1|1,1|1,1|1,1|0,1|1,1|1,1|1,1|1,0|1,1|1,1|1,1|1,1|1,1|1,1|1,1|0,0|1,0|1,0|1,1|1,1|1,1|1,1|1,1|1,1|1,1|1,1|1,1|1,1|1,0|1,1|1,1|0,1|1,0|0,1|1,1|1,0|1,1|0,1|1,0|1,1|1,0|1,0|1,1|1,1|1,1|1,1|1,1|1,0|1,1|1,1|1,1|1,1|0,1|1,1|0,1|1,1|0,1|1,1|1,1|1,0|1,1|1,0|1,1|1,1|1,1|1,1|0,1|1
1,11028247,.,A,C,.,PASS,AC=36;AN=5096;DP=23858;AF=0.01;EAS_AF=0.03;EUR_AF=0;AFR_AF=0;AMR_AF=0;SAS_AF=0;VT=SNP;NS=2548,GT,0|0,0|0,0|0,0|0,0|0,0|1,0|0,0|0,0|0,0|0,0|0,0|0,0|0,0|0,0|0,0|0,0|0,0|0,0|0,0|1,0|0,0|0,0|0,0|0,0|0,0|0,0|0,0|0,0|0,0|0,0|0,0|0,0|0,0|0,0|0,0|0,0|0,0|0,0|0,0|0,0|0,0|0,0|0,0|0,0|0,0|0,0|0,0|0,0|0,0|0,0|0,0|0,0|0,0|0,0|0,0|0,1|0,0|0,0|0,0|0,0|0,0|0,0|0,0|0,0|0,0|0,0|0,0|0,0|0,0|0,0|0,0|0,0|0,0|0,0|0,0|0,0|0,0|0,0|0,0|0,0|0,0|0,0|0,0|0,0|0,0|0,0|0,0|0,0|0,0|0,0|0,0|0,0|0,0|0,0|0,0|0,1|0,0|0,0|0
1,11028712,.,T,G,.,PASS,AC=3057;AN=5096;DP=16273;AF=0.6;EAS_AF=0.61;EUR_AF=0.7;AFR_AF=0.43;AMR_AF=0.71;SAS_AF=0.63;VT=SNP;NS=2548,GT,1|1,0|0,0|0,0|0,1|0,0|1,1|0,1|0,0|0,1|0,0|1,1|1,0|1,0|1,1|0,1|0,1|0,1|0,0|1,1|1,1|0,0|0,1|1,1|0,1|1,0|0,1|0,1|1,1|0,0|1,0|1,0|1,1|1,1|1,0|0,1|1,0|1,0|1,0|1,0|1,0|1,1|0,0|1,1|1,1|0,1|0,1|0,0|1,0|1,0|0,1|0,0|1,1|1,1|0,0|1,0|1,1|0,0|1,0|1,0|1,0|1,1|0,1|0,1|1,0|0,1|1,0|0,0|0,1|0,1|1,0|0,1|1,0|1,0|1,1|1,1|1,1|1,0|1,1|1,0|1,1|1,1|0,1|1,0|0,1|1,1|0,1|1,1|0,1|1,0|1,0|1,0|1,1|1,0|1,1|1,1|1,1|1,1|0,1|0
1,11028715,.,T,G,.,PASS,AC=138;AN=5096;DP=16504;AF=0.03;EAS_AF=0.03;EUR_AF=0.04;AFR_AF=0;AMR_AF=0.04;SAS_AF=0.03;VT=SNP;NS=2548,GT,0|0,0|0,0|0,0|0,0|0,0|0,0|0,0|0,0|0,0|1,1|0,0|0,0|0,1|0,0|0,0|0,0|1,0|1,0|0,0|0,0|1,0|0,0|0,0|0,0|0,0|0,0|0,0|0,0|1,0|0,0|0,0|0,0|0,0|0,0|0,0|0,0|0,0|0,0|0,0|0,0|0,0|0,0|0,0|0,0|0,0|0,0|0,0|0,0|0,0|0,0|1,0|0,0|0,0|0,0|0,0|0,0|0,0|0,1|0,0|0,0|0,0|0,0|0,0|0,0|0,0|0,0|0,0|0,0|0,0|0,0|0,0|0,0|0,0|0,0|0,0|0,0|0,0|0,0|0,0|0,0|0,0|0,0|0,0|0,0|0,0|0,0|0,0|0,0|0,0|0,0|0,0|0,0|0,0|0,0|0,0|0,0|0,0|0,0|0
1,11028716,.,T,G,.,PASS,AC=2622;AN=5096;DP=16542;AF=0.51;EAS_AF=0.61;EUR_AF=0.7;AFR_AF=0.13;AMR_AF=0.68;SAS_AF=0.62;VT=SNP;NS=2548,GT,1|1,0|0,0|0,0|0,1|0,0|1,1|0,1|0,0|0,1|0,0|1,1|1,0|1,0|1,1|0,1|0,1|0,1|0,0|1,1|1,1|0,0|0,1|1,1|0,1|1,0|0,1|0,1|1,1|0,0|1,0|1,0|1,1|1,1|1,0|0,1|1,0|1,0|1,0|1,0|1,0|1,1|0,0|1,1|1,1|0,1|0,1|0,0|1,0|1,0|0,1|0,0|1,1|1,1|0,0|1,0|1,1|0,0|1,0|1,0|1,0|1,1|0,1|0,1|1,0|0,1|1,0|0,0|0,1|0,1|1,0|0,1|1,0|1,0|1,1|1,1|1,1|1,0|1,1|1,0|1,1|1,1|0,1|1,0|0,1|1,1|0,1|1,1|0,1|1,0|1,0|1,0|1,1|1,0|1,1|1,1|1,1|1,1|0,1|0
1,11028717,.,T,G,.,PASS,AC=1177;AN=5096;DP=16595;AF=0.23;EAS_AF=0.2;EUR_AF=0.06;AFR_AF=0.52;AMR_AF=0.09;SAS_AF=0.14;VT=SNP;NS=2548,GT,0|0,0|0,0|0,1|1,0|1,0|0,0|0,0|0,1|0,0|0,0|0,0|0,0|0,0|1,0|0,0|1,0|0,0|0,1|0,0|0,0|1,0|1,0|0,0|1,0|0,0|1,0|0,0|0,0|0,1|0,1|0,1|0,0|0,0|0,1|0,0|0,1|0,1|0,1|0,0|0,1|0,0|1,1|0,0|0,0|1,0|1,0|0,0|0,1|0,0|1,0|0,1|0,0|0,0|1,1|0,1|0,0|1,1|0,0|0,1|0,0|0,0|1,0|0,0|0,0|0,0|0,1|1,0|1,0|0,0|0,0|1,0|0,0|0,0|0,0|0,0|0,0|0,1|0,0|0,0|0,0|0,0|1,0|0,1|0,0|0,0|0,0|0,0|0,0|0,1|0,1|0,0|0,0|0,0|0,0|0,0|0,0|0,0|0,0|1
1,11028719,.,T,G,.,PASS,AC=258;AN=5096;DP=16746;AF=0.05;EAS_AF=0.03;EUR_AF=0.04;AFR_AF=0.09;AMR_AF=0.04;SAS_AF=0.03;VT=SNP;NS=2548,GT,0|0,0|0,0|0,0|0,0|0,0|0,0|0,0|0,0|0,0|1,1|0,0|0,0|0,1|0,0|0,0|0,0|1,0|1,0|0,0|0,0|1,0|0,0|0,0|0,0|0,0|0,0|0,0|0,0|1,0|0,0|0,0|0,0|0,0|0,0|0,0|0,0|0,0|0,0|0,0|0,0|0,0|0,0|0,0|0,0|0,0|0,0|0,0|0,0|0,0|0,0|1,0|0,0|0,0|0,0|0,0|0,0|0,0|0,1|0,0|0,0|0,0|0,0|0,0|0,0|0,0|0,0|0,0|0,0|0,0|0,0|0,0|0,0|0,0|0,0|0,0|0,0|0,0|0,0|0,0|0,0|0,0|0,0|0,0|0,0|0,0|0,0|0,0|0,0|0,0|0,0|0,0|0,0|0,0|0,0|0,0|0,0|0,0|0,0|0
1,11028720,.,T,G,.,PASS,AC=2058;AN=5096;DP=16850;AF=0.4;EAS_AF=0.5;EUR_AF=0.56;AFR_AF=0.06;AMR_AF=0.56;SAS_AF=0.5;VT=SNP;NS=2548,GT,1|1,0|0,0|0,0|0,1|0,0|1,0|0,1|0,0|0,1|0,0|1,1|0,0|1,0|1,1|0,1|0,1|0,1|0,0|1,1|1,1|0,0|0,1|1,1|0,1|0,0|0,1|0,1|0,1|0,0|1,0|1,0|1,1|0,0|1,0|0,1|1,0|1,0|1,0|0,0|1,0|1,1|0,0|0,1|0,1|0,1|0,1|0,0|1,0|1,0|0,1|0,0|1,0|1,1|0,0|1,0|1,1|0,0|1,0|1,0|1,0|1,1|0,1|0,1|0,0|0,1|1,0|0,0|0,1|0,1|0,0|0,1|1,0|1,0|1,1|1,1|1,1|0,0|1,1|1,0|1,1|0,1|0,1|1,0|0,1|1,1|0,1|1,1|0,1|0,0|1,0|1,0|1,1|1,0|1,1|0,1|0,1|1,1|0,1|0
1,11028724,.,T,G,.,PASS,AC=214;AN=5096;DP=17500;AF=0.04;EAS_AF=0.03;EUR_AF=0.05;AFR_AF=0.01;AMR_AF=0.07;SAS_AF=0.08;VT=SNP;NS=2548,GT,0|0,0|0,0|0,0|0,0|0,0|0,0|0,0|0,0|0,0|0,0|0,0|0,0|0,0|0,0|0,0|0,0|0,0|0,0|0,0|0,0|0,0|0,0|0,0|0,0|0,0|0,0|0,0|0,0|0,0|0,0|0,0|0,0|0,0|0,0|0,0|0,0|0,0|0,0|0,0|1,0|0,0|0,0|0,0|0,0|0,0|0,0|0,0|0,0|0,0|0,0|0,0|0,0|0,1|0,0|0,0|0,0|0,0|0,0|0,0|0,0|0,0|0,0|0,0|0,0|0,0|0,0|0,0|0,0|0,0|0,0|0,1|0,0|0,0|0,0|0,0|0,0|0,0|0,0|0,0|0,0|0,0|0,0|1,0|0,0|0,0|0,0|0,0|0,0|0,0|0,0|0,0|0,0|0,0|0,1|0,0|0,0|0,1|0,0|0
1,11028950,.,C,T,.,PASS,AC=3;AN=5096;DP=18904;AF=0;EAS_AF=0;EUR_AF=0;AFR_AF=0;AMR_AF=0;SAS_AF=0;VT=SNP;NS=2548,GT,0|0,0|0,0|0,0|0,0|0,0|0,0|0,0|0,0|0,0|0,0|0,0|0,0|0,0|0,0|0,0|0,0|0,0|0,0|0,0|0,0|0,0|0,0|0,0|0,0|0,0|0,0|0,0|0,0|0,0|0,0|0,0|0,0|0,0|0,0|1,0|0,0|0,0|0,0|0,0|0,0|0,0|0,0|0,0|0,0|0,0|0,0|0,0|0,0|0,0|0,0|0,0|0,0|0,0|0,0|0,0|0,0|0,0|0,0|0,0|0,0|0,0|0,0|0,0|0,0|0,0|0,0|0,0|0,0|0,0|0,0|0,0|0,0|0,0|0,0|0,0|0,0|0,0|0,0|0,1|0,0|0,0|0,0|0,0|0,0|0,0|0,0|0,0|0,0|0,0|0,0|0,0|0,0|0,0|0,0|0,0|0,0|0,0|0,0|0
1,11029168,.,AT,A,.,PASS,AC=3628;AN=5096;DP=16247;AF=0.71;EAS_AF=0.87;EUR_AF=0.84;AFR_AF=0.38;AMR_AF=0.8;SAS_AF=0.81;VT=INDEL;NS=2548,GT,1|1,0|0,0|0,1|1,1|1,0|1,1|0,1|0,1|0,1|1,1|1,1|1,0|1,1|1,1|0,1|1,1|1,1|1,1|1,1|1,1|1,0|1,1|1,1|1,1|1,0|1,1|1,1|1,1|1,1|1,1|1,1|1,1|1,1|1,1|0,1|1,1|1,1|1,1|1,0|1,1|1,1|1,1|1,1|1,1|1,1|1,1|0,0|1,0|1,0|1,1|1,1|1,1|1,1|1,1|1,1|1,1|1,1|1,1|1,1|1,0|1,1|1,1|0,1|1,0|0,1|1,1|1,0|1,1|0,1|1,0|1,1|1,0|1,0|1,1|1,1|1,1|1,1|1,1|1,0|1,1|1,1|1,1|1,1|0,1|1,1|0,1|1,1|0,1|1,1|1,1|1,0|1,1|1,0|1,1|1,1|1,1|1,1|0,1|1
1,11029387,.,G,A,.,PASS,AC=5;AN=5096;DP=13686;AF=0;EAS_AF=0;EUR_AF=0;AFR_AF=0;AMR_AF=0;SAS_AF=0;VT=SNP;NS=2548,GT,0|0,0|0,0|0,1|0,0|0,0|0,0|0,0|0,0|0,0|0,0|0,0|0,0|0,0|0,0|0,0|0,0|0,0|0,0|0,0|0,0|0,0|0,0|0,0|0,0|0,0|0,0|0,0|0,0|0,0|0,1|0,0|0,0|0,0|0,0|0,0|0,0|0,0|0,0|0,0|0,0|0,0|0,0|0,0|0,0|0,0|0,0|0,0|0,0|0,0|0,0|0,0|0,0|0,0|1,0|0,0|0,0|0,0|0,0|0,0|0,0|0,0|0,0|0,0|0,0|0,0|0,0|0,0|0,0|0,0|0,0|0,0|0,0|0,0|0,0|0,0|0,0|0,0|0,0|0,0|0,0|0,0|0,0|0,0|0,0|0,0|0,0|0,0|0,0|0,0|0,0|0,0|0,0|0,0|0,0|0,0|0,0|0,0|0,0|0
1,11029406,.,T,A,.,PASS,AC=4266;AN=5096;DP=13102;AF=0.84;EAS_AF=0.87;EUR_AF=0.84;AFR_AF=0.83;AMR_AF=0.84;SAS_AF=0.82;VT=SNP;NS=2548,GT,1|1,0|0,0|0,1|1,1|1,0|1,1|0,1|0,1|0,1|1,1|1,1|1,0|1,1|1,1|0,1|1,1|1,1|1,1|1,1|1,1|1,0|1,1|1,1|1,1|1,0|1,1|1,1|1,1|1,1|1,1|1,1|1,1|1,1|1,1|0,1|1,1|1,1|1,1|1,0|1,1|1,1|1,1|1,1|1,1|1,1|1,1|0,0|1,0|1,0|1,1|1,1|1,1|1,1|1,1|1,1|1,1|1,1|1,1|1,1|1,0|1,1|1,1|0,1|1,0|0,1|1,1|1,0|1,1|0,1|1,0|1,1|1,0|1,0|1,1|1,1|1,1|1,1|1,1|1,0|1,1|1,1|1,1|1,1|0,1|1,1|0,1|1,1|0,1|1,1|1,1|1,0|1,1|1,0|1,1|1,1|1,1|1,1|0,1|1
1,11030023,.,T,C,.,PASS,AC=1;AN=5096;DP=78750;AF=0;EAS_AF=0;EUR_AF=0;AFR_AF=0;AMR_AF=0;SAS_AF=0;VT=SNP;NS=2548,GT,0|0,0|0,0|0,0|0,0|0,0|0,0|0,0|0,0|0,0|0,0|0,0|0,0|0,0|0,0|0,0|0,0|0,0|0,0|0,0|0,0|0,0|0,0|0,0|0,0|0,0|0,0|0,0|0,0|0,0|0,0|0,0|0,0|0,0|0,0|0,0|0,0|0,0|0,0|0,0|0,0|0,0|0,0|0,0|0,0|0,0|0,0|0,0|0,0|0,0|0,0|0,0|0,0|0,0|0,0|0,0|0,0|0,0|1,0|0,0|0,0|0,0|0,0|0,0|0,0|0,0|0,0|0,0|0,0|0,0|0,0|0,0|0,0|0,0|0,0|0,0|0,0|0,0|0,0|0,0|0,0|0,0|0,0|0,0|0,0|0,0|0,0|0,0|0,0|0,0|0,0|0,0|0,0|0,0|0,0|0,0|0,0|0,0|0,0|0
1,11030028,.,A,C,.,PASS,AC=1;AN=5096;DP=82812;AF=0;EAS_AF=0;EUR_AF=0;AFR_AF=0;AMR_AF=0;SAS_AF=0;VT=SNP;NS=2548,GT,0|0,0|0,0|0,0|0,0|0,0|0,0|0,0|0,0|0,0|0,0|0,0|0,0|0,0|0,0|0,0|0,0|0,0|0,0|0,0|0,0|0,0|0,0|0,0|0,0|0,0|0,0|0,0|0,0|0,0|0,0|0,0|0,0|0,0|0,0|0,0|0,0|0,0|0,0|0,0|0,0|0,0|0,0|0,0|0,0|0,0|0,0|0,0|0,0|0,0|0,0|0,0|0,0|0,0|0,0|0,0|0,0|0,0|0,0|0,0|0,0|0,0|0,0|0,0|0,0|0,0|0,0|0,0|0,0|0,0|0,0|0,0|0,0|0,0|0,0|0,0|0,0|0,0|0,0|0,0|0,0|0,0|0,0|0,0|0,0|0,0|0,0|0,0|0,1|0,0|0,0|0,0|0,0|0,0|0,0|0,0|0,0|0,0|0,0|0
1,11030470,.,A,G,.,PASS,AC=1;AN=5096;DP=49869;AF=0;EAS_AF=0;EUR_AF=0;AFR_AF=0;AMR_AF=0;SAS_AF=0;VT=SNP;NS=2548,GT,0|0,0|0,0|0,0|0,0|0,0|0,0|0,0|0,0|0,0|0,0|0,0|0,0|0,0|0,0|0,0|0,0|0,0|0,0|0,0|0,0|0,0|0,0|0,0|0,0|0,0|0,0|0,0|0,0|0,0|0,0|0,0|0,0|0,0|0,0|0,0|0,0|0,0|0,0|0,0|0,0|0,0|0,0|0,0|0,0|0,0|0,0|0,0|0,0|0,0|0,0|0,0|0,0|0,0|0,0|0,0|0,0|0,0|0,0|0,0|0,0|0,0|0,0|0,0|0,0|0,0|0,0|0,0|0,0|0,0|0,0|0,0|0,0|0,0|0,0|0,0|0,0|0,0|0,0|0,0|0,0|0,0|0,1|0,0|0,0|0,0|0,0|0,0|0,0|0,0|0,0|0,0|0,0|0,0|0,0|0,0|0,0|0,0|0,0|0
1,11030504,.,GTTAAA,G,.,PASS,AC=5;AN=5096;DP=45986;AF=0;EAS_AF=0;EUR_AF=0;AFR_AF=0;AMR_AF=0;SAS_AF=0;VT=INDEL;NS=2548,GT,0|0,0|0,0|0,0|0,0|0,0|0,0|0,0|0,0|0,1|0,0|0,0|0,0|0,0|0,0|0,0|0,0|0,0|0,0|0,0|0,0|0,0|0,0|0,0|0,0|0,0|0,0|0,0|0,0|0,0|0,0|0,0|0,0|0,0|0,0|0,0|0,0|0,0|0,0|0,0|0,0|0,0|0,0|0,0|0,0|0,0|0,0|0,0|0,0|0,0|0,0|0,0|0,0|0,0|0,0|0,0|0,0|0,0|0,0|0,0|0,0|0,0|0,0|0,0|0,0|0,0|0,0|0,0|0,0|0,0|0,0|0,0|0,0|0,0|0,0|0,0|0,0|0,0|0,0|0,0|0,0|0,0|0,0|0,0|0,0|0,0|0,0|0,0|0,0|0,0|0,0|0,0|0,0|0,0|0,0|0,0|0,0|0,0|0,0|0
