#CHROM,POS,ID,REF,ALT,QUAL,FILTER,INFO,FORMAT,HG01595,HG01596,HG01597,HG01598,HG01599,HG01600,HG01840,HG01841,HG01842,HG01843,HG01844,HG01845,HG01846,HG01847,HG01848,HG01849,HG01850,HG01851,HG01852,HG01853,HG01855,HG01857,HG01858,HG01859,HG01860,HG01861,HG01862,HG01863,HG01864,HG01865,HG01866,HG01867,HG01868,HG01869,HG01870,HG01871,HG01872,HG01873,HG01874,HG01878,HG02016,HG02017,HG02019,HG02020,HG02023,HG02025,HG02026,HG02028,HG02029,HG02031,HG02032,HG02035,HG02040,HG02047,HG02048,HG02049,HG02050,HG02057,HG02058,HG02060,HG02061,HG02064,HG02067,HG02069,HG02070,HG02072,HG02073,HG02075,HG02076,HG02078,HG02079,HG02081,HG02082,HG02084,HG02085,HG02086,HG02087,HG02088,HG02113,HG02116,HG02121,HG02122,HG02127,HG02128,HG02130,HG02131,HG02133,HG02134,HG02136,HG02137,HG02138,HG02139,HG02140,HG02141,HG02142,HG02512,HG02513,HG02521,HG02522
9,35056211,.,T,C,.,PASS,AC=16;AN=5096;DP=19178;AF=0;EAS_AF=0;EUR_AF=0.01;AFR_AF=0;AMR_AF=0;SAS_AF=0;VT=SNP;NS=2548,GT,0|0,0|0,0|0,0|0,0|0,0|0,0|0,0|0,0|0,0|0,0|0,0|0,0|0,1|0,0|0,0|0,0|0,0|0,0|0,0|0,0|0,0|0,0|0,0|0,0|0,0|0,0|0,0|0,0|0,0|0,0|0,0|0,0|0,0|0,0|0,0|0,0|0,0|0,0|0,0|0,0|0,0|0,0|0,0|0,0|0,0|0,0|0,0|0,0|0,0|0,0|0,0|0,0|0,0|0,0|0,0|0,0|0,0|0,0|0,0|0,0|0,0|0,0|0,0|0,0|0,0|0,0|0,0|0,0|0,0|0,0|0,0|0,0|0,0|0,0|0,0|0,0|0,0|0,0|0,0|0,0|0,0|0,0|0,0|0,0|0,0|0,0|0,0|0,0|0,0|0,0|0,0|0,0|0,0|0,0|0,0|0,0|0,0|0,0|0
9,35056417,.,G,A,.,PASS,AC=1;AN=5096;DP=23981;AF=0;EAS_AF=0;EUR_AF=0;AFR_AF=0;AMR_AF=0;SAS_AF=0;VT=SNP;NS=2548,GT,0|0,0|0,0|0,0|0,0|0,0|0,0|0,0|0,0|0,0|0,0|0,0|0,0|0,0|0,0|0,0|0,0|0,0|0,0|0,0|0,0|0,0|0,0|0,0|0,0|0,0|0,0|0,0|0,0|0,0|0,0|0,0|0,0|0,0|0,0|0,0|0,0|0,0|0,0|0,0|0,0|0,0|0,0|0,0|0,0|0,0|0,0|0,0|0,0|0,0|0,0|0,0|0,0|0,0|0,0|0,0|0,0|0,0|0,0|0,0|0,0|0,0|0,0|0,0|0,0|0,0|0,0|0,0|0,0|0,0|0,0|0,0|0,0|0,0|0,0|0,0|0,0|0,0|0,0|0,0|0,0|0,0|0,0|0,0|0,1|0,0|0,0|0,0|0,0|0,0|0,0|0,0|0,0|0,0|0,0|0,0|0,0|0,0|0,0|0
9,35056540,.,G,A,.,PASS,AC=2;AN=5096;DP=33016;AF=0;EAS_AF=0;EUR_AF=0;AFR_AF=0;AMR_AF=0;SAS_AF=0;VT=SNP;NS=2548,GT,0|0,0|0,0|0,0|0,0|0,0|0,0|0,0|0,0|0,0|0,0|0,0|0,0|0,0|0,0|0,0|0,0|0,0|0,0|0,0|0,0|0,0|0,0|0,0|0,0|0,0|0,0|0,0|0,0|0,0|0,0|0,0|0,0|0,0|0,0|0,0|0,0|0,0|0,0|0,0|0,0|0,0|0,0|0,0|0,0|0,0|0,0|0,0|0,0|0,0|0,0|0,0|0,0|0,0|0,0|0,0|0,0|0,0|0,0|0,0|0,0|0,0|0,0|0,0|0,0|0,0|0,0|0,0|0,0|0,0|0,0|0,0|0,0|0,0|0,0|0,0|0,0|0,0|0,0|0,0|0,0|0,0|0,0|0,0|0,0|0,0|0,0|0,0|0,0|0,0|0,0|0,0|0,0|0,0|0,0|0,0|0,0|0,0|0,0|1
9,35056737,.,G,T,.,PASS,AC=1;AN=5096;DP=31894;AF=0;EAS_AF=0;EUR_AF=0;AFR_AF=0;AMR_AF=0;SAS_AF=0;VT=SNP;NS=2548,GT,0|0,0|0,0|0,0|0,0|0,0|0,0|0,0|0,0|0,0|0,0|0,0|0,0|0,0|0,0|0,0|0,0|0,0|0,0|0,0|0,0|0,0|0,0|0,0|0,0|0,0|0,0|0,0|0,0|0,0|0,0|0,0|0,0|0,0|0,0|0,0|0,0|0,0|0,0|0,0|0,0|0,0|0,0|0,0|0,0|0,0|0,0|0,0|0,0|0,0|0,0|0,0|0,0|0,0|0,0|0,0|0,0|0,0|0,0|0,0|0,0|0,0|0,0|0,0|0,0|0,0|0,0|0,0|0,0|0,0|0,0|0,0|0,0|0,0|0,1|0,0|0,0|0,0|0,0|0,0|0,0|0,0|0,0|0,0|0,0|0,0|0,0|0,0|0,0|0,0|0,0|0,0|0,0|0,0|0,0|0,0|0,0|0,0|0,0|0
9,35056964,.,C,A,.,PASS,AC=950;AN=5096;DP=68599;AF=0.19;EAS_AF=0.08;EUR_AF=0.2;AFR_AF=0.19;AMR_AF=0.21;SAS_AF=0.27;VT=SNP;NS=2548,GT,0|0,0|0,0|0,0|0,0|0,1|1,0|0,0|1,0|0,1|0,0|0,0|0,1|0,0|0,0|0,0|0,0|0,0|0,0|0,0|0,0|0,0|0,0|0,1|0,0|1,0|0,0|0,0|0,0|0,0|0,0|0,0|0,0|0,0|0,0|0,0|0,0|0,0|1,0|0,0|0,0|0,0|0,0|0,0|0,0|0,0|0,0|0,0|0,0|0,1|0,0|0,0|0,0|0,0|0,0|0,0|0,0|0,0|0,0|0,0|0,0|0,0|0,0|0,0|0,0|0,0|0,0|0,1|0,0|0,0|0,0|0,0|0,0|0,0|0,0|0,0|0,0|0,0|0,0|0,0|0,0|0,0|0,0|1,0|0,0|0,0|0,0|0,0|0,0|0,0|0,0|0,0|0,0|0,0|0,0|0,0|0,0|0,0|0,0|0
9,35057026,.,C,T,.,PASS,AC=1;AN=5096;DP=89660;AF=0;EAS_AF=0;EUR_AF=0;AFR_AF=0;AMR_AF=0;SAS_AF=0;VT=SNP;NS=2548,GT,1|0,0|0,0|0,0|0,0|0,0|0,0|0,0|0,0|0,0|0,0|0,0|0,0|0,0|0,0|0,0|0,0|0,0|0,0|0,0|0,0|0,0|0,0|0,0|0,0|0,0|0,0|0,0|0,0|0,0|0,0|0,0|0,0|0,0|0,0|0,0|0,0|0,0|0,0|0,0|0,0|0,0|0,0|0,0|0,0|0,0|0,0|0,0|0,0|0,0|0,0|0,0|0,0|0,0|0,0|0,0|0,0|0,0|0,0|0,0|0,0|0,0|0,0|0,0|0,0|0,0|0,0|0,0|0,0|0,0|0,0|0,0|0,0|0,0|0,0|0,0|0,0|0,0|0,0|0,0|0,0|0,0|0,0|0,0|0,0|0,0|0,0|0,0|0,0|0,0|0,0|0,0|0,0|0,0|0,0|0,0|0,0|0,0|0,0|0
9,35057368,.,C,G,.,PASS,AC=1;AN=5096;DP=365961;AF=0;EAS_AF=0;EUR_AF=0;AFR_AF=0;AMR_AF=0;SAS_AF=0;EX_TARGET;VT=SNP;NS=2548,GT,0|0,0|0,0|0,0|0,0|1,0|0,0|0,0|0,0|0,0|0,0|0,0|0,0|0,0|0,0|0,0|0,0|0,0|0,0|0,0|0,0|0,0|0,0|0,0|0,0|0,0|0,0|0,0|0,0|0,0|0,0|0,0|0,0|0,0|0,0|0,0|0,0|0,0|0,0|0,0|0,0|0,0|0,0|0,0|0,0|0,0|0,0|0,0|0,0|0,0|0,0|0,0|0,0|0,0|0,0|0,0|0,0|0,0|0,0|0,0|0,0|0,0|0,0|0,0|0,0|0,0|0,0|0,0|0,0|0,0|0,0|0,0|0,0|0,0|0,0|0,0|0,0|0,0|0,0|0,0|0,0|0,0|0,0|0,0|0,0|0,0|0,0|0,0|0,0|0,0|0,0|0,0|0,0|0,0|0,0|0,0|0,0|0,0|0,0|0
9,35057566,.,A,G,.,PASS,AC=7;AN=5096;DP=263967;AF=0;EAS_AF=0.01;EUR_AF=0;AFR_AF=0;AMR_AF=0;SAS_AF=0;EX_TARGET;VT=SNP;NS=2548,GT,0|1,0|0,0|0,0|0,0|0,0|0,0|0,0|0,0|0,0|0,0|0,0|0,0|0,0|0,0|0,0|0,0|0,0|0,0|0,0|0,0|0,0|0,0|0,0|0,0|0,0|0,0|0,0|0,0|0,0|0,0|0,0|0,0|0,0|0,0|0,0|0,0|0,0|0,0|0,0|0,0|0,0|0,0|0,0|0,0|0,0|0,0|0,0|0,0|0,0|0,0|0,0|0,0|0,0|0,0|0,0|0,0|0,0|0,0|0,0|0,0|0,0|0,0|0,0|0,0|0,0|0,0|0,0|0,0|0,0|0,0|0,0|0,0|0,0|0,0|0,0|0,0|0,0|0,0|0,0|0,0|0,0|0,0|0,0|0,0|0,0|0,0|0,0|0,0|0,0|0,0|0,0|0,0|0,0|0,0|0,0|0,0|0,0|0,0|0
9,35057771,.,G,A,.,PASS,AC=962;AN=5096;DP=41092;AF=0.19;EAS_AF=0.08;EUR_AF=0.21;AFR_AF=0.19;AMR_AF=0.21;SAS_AF=0.27;VT=SNP;NS=2548,GT,0|0,0|0,0|0,0|0,0|0,1|1,0|0,0|1,0|0,1|0,0|0,0|0,1|0,0|0,0|0,0|0,0|0,1|0,0|0,0|0,0|0,0|0,0|0,1|0,0|1,0|0,0|0,0|0,0|0,0|0,0|0,0|0,0|0,0|0,0|0,0|0,0|0,0|1,0|0,0|0,0|0,0|0,0|0,0|0,0|0,0|0,0|0,0|0,0|0,1|0,0|0,0|0,0|0,0|0,0|0,0|0,0|0,0|0,0|0,0|0,0|0,0|0,0|0,0|0,0|0,0|0,0|0,1|0,0|0,0|0,0|0,0|0,0|0,0|0,0|0,0|0,0|0,0|0,0|0,0|0,0|0,0|0,0|1,0|0,0|0,0|0,0|0,0|0,0|0,0|0,0|0,0|0,0|0,0|0,0|0,0|0,0|0,0|0,0|0
9,35058590,.,G,A,.,PASS,AC=958;AN=5096;DP=21459;AF=0.19;EAS_AF=0.08;EUR_AF=0.2;AFR_AF=0.19;AMR_AF=0.21;SAS_AF=0.27;VT=SNP;NS=2548,GT,0|0,0|0,0|0,0|0,0|0,1|1,0|0,0|1,0|0,1|0,0|0,0|0,1|0,0|0,0|0,0|0,0|0,0|0,0|0,0|0,0|0,0|0,0|0,1|0,0|1,0|0,0|0,0|0,0|0,0|0,0|0,0|0,0|0,0|0,0|0,0|0,0|0,0|1,0|0,0|0,0|0,0|0,0|0,0|0,0|0,0|0,0|0,0|0,0|0,1|0,0|0,0|0,0|0,0|0,0|0,0|0,0|0,0|0,0|0,0|0,0|0,0|0,0|0,0|0,0|0,0|0,0|0,1|0,0|0,0|0,0|0,0|0,0|0,0|0,0|0,0|0,0|0,0|0,0|0,0|0,0|0,0|0,0|1,0|0,0|0,0|0,0|0,0|0,0|0,0|0,0|0,0|0,0|0,0|0,0|0,0|0,0|0,0|0,0|0
9,35058611,.,C,G,.,PASS,AC=958;AN=5096;DP=21295;AF=0.19;EAS_AF=0.08;EUR_AF=0.2;AFR_AF=0.19;AMR_AF=0.21;SAS_AF=0.27;VT=SNP;NS=2548,GT,0|0,0|0,0|0,0|0,0|0,1|1,0|0,0|1,0|0,1|0,0|0,0|0,1|0,0|0,0|0,0|0,0|0,0|0,0|0,0|0,0|0,0|0,0|0,1|0,0|1,0|0,0|0,0|0,0|0,0|0,0|0,0|0,0|0,0|0,0|0,0|0,0|0,0|1,0|0,0|0,0|0,0|0,0|0,0|0,0|0,0|0,0|0,0|0,0|0,1|0,0|0,0|0,0|0,0|0,0|0,0|0,0|0,0|0,0|0,0|0,0|0,0|0,0|0,0|0,0|0,0|0,0|0,1|0,0|0,0|0,0|0,0|0,0|0,0|0,0|0,0|0,0|0,0|0,0|0,0|0,0|0,0|0,0|1,0|0,0|0,0|0,0|0,0|0,0|0,0|0,0|0,0|0,0|0,0|0,0|0,0|0,0|0,0|0,0|0
9,35058664,.,G,A,.,PASS,AC=958;AN=5096;DP=23240;AF=0.19;EAS_AF=0.08;EUR_AF=0.2;AFR_AF=0.19;AMR_AF=0.21;SAS_AF=0.27;VT=SNP;NS=2548,GT,0|0,0|0,0|0,0|0,0|0,1|1,0|0,0|1,0|0,1|0,0|0,0|0,1|0,0|0,0|0,0|0,0|0,0|0,0|0,0|0,0|0,0|0,0|0,1|0,0|1,0|0,0|0,0|0,0|0,0|0,0|0,0|0,0|0,0|0,0|0,0|0,0|0,0|1,0|0,0|0,0|0,0|0,0|0,0|0,0|0,0|0,0|0,0|0,0|0,1|0,0|0,0|0,0|0,0|0,0|0,0|0,0|0,0|0,0|0,0|0,0|0,0|0,0|0,0|0,0|0,0|0,0|0,1|0,0|0,0|0,0|0,0|0,0|0,0|0,0|0,0|0,0|0,0|0,0|0,0|0,0|0,0|0,0|1,0|0,0|0,0|0,0|0,0|0,0|0,0|0,0|0,0|0,0|0,0|0,0|0,0|0,0|0,0|0,0|0
9,35058770,.,A,AC,.,PASS,AC=958;AN=5096;DP=28270;AF=0.19;EAS_AF=0.08;EUR_AF=0.2;AFR_AF=0.19;AMR_AF=0.21;SAS_AF=0.27;VT=INDEL;NS=2548,GT,0|0,0|0,0|0,0|0,0|0,1|1,0|0,0|1,0|0,1|0,0|0,0|0,1|0,0|0,0|0,0|0,0|0,0|0,0|0,0|0,0|0,0|0,0|0,1|0,0|1,0|0,0|0,0|0,0|0,0|0,0|0,0|0,0|0,0|0,0|0,0|0,0|0,0|1,0|0,0|0,0|0,0|0,0|0,0|0,0|0,0|0,0|0,0|0,0|0,1|0,0|0,0|0,0|0,0|0,0|0,0|0,0|0,0|0,0|0,0|0,0|0,0|0,0|0,0|0,0|0,0|0,0|0,1|0,0|0,0|0,0|0,0|0,0|0,0|0,0|0,0|0,0|0,0|0,0|0,0|0,0|0,0|0,0|1,0|0,0|0,0|0,0|0,0|0,0|0,0|0,0|0,0|0,0|0,0|0,0|0,0|0,0|0,0|0,0|0
9,35058791,.,CA,C,.,PASS,AC=871;AN=5096;DP=34623;AF=0.17;EAS_AF=0.08;EUR_AF=0.2;AFR_AF=0.13;AMR_AF=0.2;SAS_AF=0.27;VT=INDEL;NS=2548,GT,0|0,0|0,0|0,0|0,0|0,1|1,0|0,0|1,0|0,1|0,0|0,0|0,1|0,0|0,0|0,0|0,0|0,0|0,0|0,0|0,0|0,0|0,0|0,1|0,0|1,0|0,0|0,0|0,0|0,0|0,0|0,0|0,0|0,0|0,0|0,0|0,0|0,0|1,0|0,0|0,0|0,0|0,0|0,0|0,0|0,0|0,0|0,0|0,0|0,1|0,0|0,0|0,0|0,0|0,0|0,0|0,0|0,0|0,0|0,0|0,0|0,0|0,0|0,0|0,0|0,0|0,0|0,1|0,0|0,0|0,0|0,0|0,0|0,0|0,0|0,0|0,0|0,0|0,0|0,0|0,0|0,0|0,0|1,0|0,0|0,0|0,0|0,0|0,0|0,0|0,0|0,0|0,0|0,0|0,0|0,0|0,0|0,0|0,0|0
9,35058793,.,A,T,.,PASS,AC=1;AN=5096;DP=35213;AF=0;EAS_AF=0;EUR_AF=0;AFR_AF=0;AMR_AF=0;SAS_AF=0;VT=SNP;NS=2548,GT,0|0,0|0,0|0,0|0,0|0,0|0,0|0,0|0,0|0,0|0,0|0,0|0,0|0,0|0,0|0,0|0,0|0,0|0,0|0,0|0,0|0,0|0,0|0,0|0,0|0,0|0,0|0,0|0,0|0,0|0,0|0,0|0,0|0,0|0,0|0,0|0,0|0,0|0,0|0,0|0,0|0,0|0,0|0,0|0,0|0,0|0,0|0,0|0,0|0,0|0,0|0,0|0,0|0,0|0,0|0,0|0,0|0,0|0,0|0,0|0,0|0,0|0,0|0,0|0,0|0,0|0,0|0,0|0,0|0,0|0,0|0,0|0,0|0,0|0,0|0,0|0,0|0,0|0,0|0,0|0,0|0,0|0,0|0,0|0,0|0,0|0,0|0,0|1,0|0,0|0,0|0,0|0,0|0,0|0,0|0,0|0,0|0,0|0,0|0
9,35059373,.,T,C,.,PASS,AC=1;AN=5096;DP=98870;AF=0;EAS_AF=0;EUR_AF=0;AFR_AF=0;AMR_AF=0;SAS_AF=0;VT=SNP;NS=2548,GT,0|0,0|0,0|0,0|0,0|0,0|0,0|0,0|0,0|0,0|0,0|0,0|0,0|0,0|0,0|0,0|0,0|0,0|0,0|0,0|0,0|0,0|0,0|0,0|0,0|0,0|0,0|0,0|0,0|0,0|0,0|0,0|0,0|0,0|0,0|0,0|0,0|0,0|0,0|0,0|0,0|1,0|0,0|0,0|0,0|0,0|0,0|0,0|0,0|0,0|0,0|0,0|0,0|0,0|0,0|0,0|0,0|0,0|0,0|0,0|0,0|0,0|0,0|0,0|0,0|0,0|0,0|0,0|0,0|0,0|0,0|0,0|0,0|0,0|0,0|0,0|0,0|0,0|0,0|0,0|0,0|0,0|0,0|0,0|0,0|0,0|0,0|0,0|0,0|0,0|0,0|0,0|0,0|0,0|0,0|0,0|0,0|0,0|0,0|0
9,35059854,.,C,T,.,PASS,AC=26;AN=5096;DP=113848;AF=0.01;EAS_AF=0.02;EUR_AF=0;AFR_AF=0;AMR_AF=0;SAS_AF=0;VT=SNP;NS=2548,GT,0|0,0|0,1|1,0|0,0|0,0|0,0|0,0|0,0|0,0|0,0|0,0|0,0|0,0|0,0|0,0|0,0|0,0|0,0|0,0|0,0|0,0|0,0|0,0|0,0|0,0|1,0|0,0|0,0|0,0|0,0|0,0|0,0|0,0|0,0|0,0|0,0|0,0|0,0|0,0|0,0|0,0|0,0|0,0|0,0|0,0|0,0|0,0|0,0|0,0|0,0|0,0|0,0|0,0|0,0|0,0|0,0|0,0|0,0|0,0|0,0|0,0|0,0|0,0|0,0|0,0|0,0|0,0|0,0|0,0|0,0|0,0|0,0|0,0|0,0|0,0|0,0|0,0|0,0|0,0|0,0|0,0|0,0|0,0|0,0|0,0|0,0|0,0|0,0|0,0|0,0|0,0|0,0|0,0|0,0|0,0|0,0|0,0|0,0|0
9,35060608,.,T,C,.,PASS,AC=1;AN=5096;DP=157559;AF=0;EAS_AF=0;EUR_AF=0;AFR_AF=0;AMR_AF=0;SAS_AF=0;VT=SNP;NS=2548,GT,0|0,0|0,0|0,0|0,0|0,0|0,1|0,0|0,0|0,0|0,0|0,0|0,0|0,0|0,0|0,0|0,0|0,0|0,0|0,0|0,0|0,0|0,0|0,0|0,0|0,0|0,0|0,0|0,0|0,0|0,0|0,0|0,0|0,0|0,0|0,0|0,0|0,0|0,0|0,0|0,0|0,0|0,0|0,0|0,0|0,0|0,0|0,0|0,0|0,0|0,0|0,0|0,0|0,0|0,0|0,0|0,0|0,0|0,0|0,0|0,0|0,0|0,0|0,0|0,0|0,0|0,0|0,0|0,0|0,0|0,0|0,0|0,0|0,0|0,0|0,0|0,0|0,0|0,0|0,0|0,0|0,0|0,0|0,0|0,0|0,0|0,0|0,0|0,0|0,0|0,0|0,0|0,0|0,0|0,0|0,0|0,0|0,0|0,0|0
9,35060749,.,A,G,.,PASS,AC=3518;AN=5096;DP=293399;AF=0.69;EAS_AF=0.46;EUR_AF=0.75;AFR_AF=0.73;AMR_AF=0.82;SAS_AF=0.73;EX_TARGET;VT=SNP;NS=2548,GT,1|1,0|1,1|1,0|0,0|0,1|1,0|1,1|1,0|1,1|0,0|1,1|0,1|0,0|0,0|0,0|1,0|0,1|0,0|0,1|0,1|0,0|0,0|0,1|1,0|1,0|1,0|0,0|0,0|1,0|0,0|0,0|0,1|0,0|0,0|0,0|1,1|0,0|1,0|0,1|1,1|1,0|1,0|1,1|1,0|0,0|0,1|0,0|0,1|0,1|1,1|1,0|1,1|1,1|0,0|0,1|1,1|0,1|0,0|0,0|1,0|0,0|0,0|1,0|1,1|0,1|0,0|1,1|1,1|1,1|1,1|0,0|0,1|0,0|0,1|0,0|1,0|0,1|1,1|1,1|0,0|0,0|0,0|1,0|1,1|0,1|0,0|0,0|0,1|0,0|0,0|0,0|1,0|1,0|1,0|0,0|1,0|0,1|0,0|0
9,35060753,.,A,C,.,PASS,AC=26;AN=5096;DP=306146;AF=0.01;EAS_AF=0.02;EUR_AF=0;AFR_AF=0;AMR_AF=0;SAS_AF=0;EX_TARGET;VT=SNP;NS=2548,GT,0|0,0|0,1|1,0|0,0|0,0|0,0|0,0|0,0|0,0|0,0|0,0|0,0|0,0|0,0|0,0|0,0|0,0|0,0|0,0|0,0|0,0|0,0|0,0|0,0|0,0|1,0|0,0|0,0|0,0|0,0|0,0|0,0|0,0|0,0|0,0|0,0|0,0|0,0|0,0|0,0|0,0|0,0|0,0|0,0|0,0|0,0|0,0|0,0|0,0|0,0|0,0|0,0|0,0|0,0|0,0|0,0|0,0|0,0|0,0|0,0|0,0|0,0|0,0|0,0|0,0|0,0|0,0|0,0|0,0|0,0|0,0|0,0|0,0|0,0|0,0|0,0|0,0|0,0|0,0|0,0|0,0|0,0|0,0|0,0|0,0|0,0|0,0|0,0|0,0|0,0|0,0|0,0|0,0|0,0|0,0|0,0|0,0|0,0|0
9,35060958,.,T,C,.,PASS,AC=3570;AN=5096;DP=405568;AF=0.7;EAS_AF=0.46;EUR_AF=0.77;AFR_AF=0.74;AMR_AF=0.84;SAS_AF=0.74;EX_TARGET;VT=SNP;NS=2548,GT,1|1,0|1,1|1,0|0,0|0,1|1,0|1,1|1,0|1,1|0,0|1,1|0,1|0,0|0,0|0,0|1,0|0,1|0,0|0,1|0,1|0,0|0,0|0,1|1,0|1,0|1,0|0,0|0,0|1,0|0,0|0,0|0,1|0,0|0,0|0,0|1,1|0,0|1,0|0,1|1,1|1,0|1,0|1,1|1,0|0,0|0,1|0,0|0,1|0,1|1,1|1,0|1,1|1,1|0,0|0,1|1,1|0,1|0,0|0,0|1,0|0,0|0,0|1,0|1,1|0,1|0,0|1,1|1,1|1,1|1,1|0,0|0,1|0,0|0,1|0,0|1,0|0,1|1,1|1,1|0,0|0,0|0,0|1,0|1,1|0,1|0,0|0,0|0,1|0,0|0,0|0,0|1,0|1,0|1,0|0,0|1,0|0,1|0,0|0
9,35061493,.,C,A,.,PASS,AC=399;AN=5096;DP=236278;AF=0.08;EAS_AF=0.05;EUR_AF=0;AFR_AF=0.19;AMR_AF=0.02;SAS_AF=0.07;VT=SNP;NS=2548,GT,0|0,0|0,1|0,0|0,0|0,0|0,0|0,0|0,0|0,0|0,0|0,0|0,0|0,0|0,0|0,0|0,0|0,0|0,0|0,0|0,0|0,0|0,0|0,0|0,0|0,0|1,0|0,0|0,0|0,0|0,0|0,0|0,1|0,0|0,0|0,0|0,0|0,0|0,0|0,0|0,0|0,0|0,0|0,0|0,0|0,0|0,1|0,0|0,0|0,0|0,0|0,0|0,0|0,0|0,0|0,0|0,0|0,0|0,0|0,0|0,0|0,0|0,0|0,0|0,0|0,0|0,0|0,0|0,0|0,0|0,0|0,0|0,0|0,0|0,0|0,0|0,0|0,0|0,0|0,1|0,0|0,0|0,0|0,0|0,0|0,0|0,0|0,0|0,1|0,0|0,0|0,0|0,0|0,0|0,0|0,0|0,0|0,0|0,0|0
9,35061506,.,T,C,.,PASS,AC=629;AN=5096;DP=264887;AF=0.12;EAS_AF=0.32;EUR_AF=0.06;AFR_AF=0.04;AMR_AF=0.09;SAS_AF=0.11;VT=SNP;NS=2548,GT,1|1,0|1,0|0,0|0,0|0,0|0,0|1,1|0,0|1,0|0,0|1,1|0,0|0,0|0,0|0,0|1,0|0,0|0,0|0,1|0,1|0,0|0,0|0,0|1,0|0,0|0,0|0,0|0,0|1,0|0,0|0,0|0,0|0,0|0,0|0,0|1,1|0,0|0,0|0,1|1,1|1,0|1,0|1,1|1,0|0,0|0,0|0,0|0,1|0,0|1,1|1,0|1,1|1,1|0,0|0,1|1,1|0,1|0,0|0,0|1,0|0,0|0,0|0,0|1,1|0,0|0,0|1,0|1,1|1,1|1,1|0,0|0,1|0,0|0,1|0,0|1,0|0,1|1,1|1,0|0,0|0,0|0,0|0,0|1,1|0,1|0,0|0,0|0,0|0,0|0,0|0,0|1,0|1,0|1,0|0,0|1,0|0,1|0,0|0
9,35061696,.,G,GACAGTACACAA,.,PASS,AC=2019;AN=5096;DP=379913;AF=0.4;EAS_AF=0.08;EUR_AF=0.66;AFR_AF=0.21;AMR_AF=0.69;SAS_AF=0.5;VT=INDEL;NS=2548,GT,0|0,0|0,0|0,0|0,0|0,1|1,0|0,0|1,0|0,1|0,0|0,0|0,1|0,0|0,0|0,0|0,0|0,1|0,0|0,0|0,0|0,0|0,0|0,1|0,0|1,0|0,0|0,0|0,0|0,0|0,0|0,0|0,0|0,0|0,0|0,0|0,0|0,0|1,0|0,0|0,0|0,0|0,0|0,0|0,0|0,0|0,0|0,0|0,0|0,1|0,0|0,0|0,0|0,0|0,0|0,0|0,0|0,0|0,0|0,0|0,0|0,0|0,0|1,0|0,0|0,1|0,0|0,1|0,0|0,0|0,0|0,0|0,0|0,0|0,0|0,0|0,0|0,0|0,0|0,0|0,0|0,0|0,0|1,0|0,0|0,0|0,0|0,0|0,0|0,0|0,0|0,0|0,0|0,0|0,0|0,0|0,0|0,0|0,0|0
9,35062616,.,A,G,.,PASS,AC=3168;AN=5096;DP=34563;AF=0.62;EAS_AF=0.46;EUR_AF=0.75;AFR_AF=0.47;AMR_AF=0.81;SAS_AF=0.73;VT=SNP;NS=2548,GT,1|1,0|1,1|1,0|0,0|0,1|1,0|1,1|1,0|1,1|0,0|1,1|0,1|0,0|0,0|0,0|1,0|0,1|0,0|0,1|0,1|0,0|0,0|0,1|1,0|1,0|1,0|0,0|0,0|1,0|0,0|0,0|0,1|0,0|0,0|0,0|1,1|0,0|1,0|0,1|1,1|1,0|1,0|1,1|1,0|0,0|0,1|0,0|0,1|0,1|1,1|1,0|1,1|1,1|0,0|0,1|1,1|0,1|0,0|0,0|1,0|0,0|0,0|1,0|1,1|0,1|0,0|1,1|1,1|1,1|1,1|0,0|0,1|0,0|0,1|0,0|1,0|0,1|1,1|1,1|0,0|0,0|0,0|1,0|1,1|0,1|0,0|0,0|0,1|0,0|0,0|0,0|1,0|1,0|1,0|0,0|1,0|0,1|0,0|0
9,35062655,.,T,C,.,PASS,AC=1;AN=5096;DP=34708;AF=0;EAS_AF=0;EUR_AF=0;AFR_AF=0;AMR_AF=0;SAS_AF=0;VT=SNP;NS=2548,GT,0|0,0|0,0|0,0|0,0|0,0|0,0|0,0|0,0|0,0|0,0|0,0|0,0|0,0|0,0|0,0|0,0|0,0|0,0|0,0|0,0|0,0|0,0|0,0|0,0|0,0|0,0|0,0|0,0|0,0|0,0|0,0|0,0|0,0|0,0|0,0|0,0|0,0|0,0|0,0|0,0|0,0|0,0|0,0|0,0|0,0|0,0|0,0|0,0|0,0|0,0|0,0|0,0|0,0|0,0|0,0|0,0|0,0|0,0|0,0|0,0|0,0|0,0|0,0|0,0|0,0|0,0|0,0|0,0|0,0|0,0|0,0|0,0|0,0|0,0|0,0|0,0|0,0|0,0|0,0|0,0|0,0|0,0|0,0|0,0|0,1|0,0|0,0|0,0|0,0|0,0|0,0|0,0|0,0|0,0|0,0|0,0|0,0|0,0|0
9,35062850,.,CA,C,.,PASS,AC=1;AN=5096;DP=127069;AF=0;EAS_AF=0;EUR_AF=0;AFR_AF=0;AMR_AF=0;SAS_AF=0;VT=INDEL;NS=2548,GT,0|0,0|0,0|0,0|0,0|0,0|0,0|0,0|0,0|0,0|0,0|0,0|0,0|0,0|0,0|0,0|0,0|0,0|0,0|0,0|0,0|0,0|0,0|0,0|0,0|0,0|0,0|0,0|0,0|0,0|0,0|0,0|0,0|0,0|0,0|0,0|0,0|0,0|0,0|0,0|0,0|0,0|0,0|0,0|0,0|0,0|0,0|0,0|0,0|0,0|0,0|0,0|0,0|0,0|0,0|0,0|0,0|0,0|0,0|0,0|0,0|0,0|0,0|0,0|0,0|0,0|0,0|0,0|0,0|0,0|0,0|0,0|0,0|0,0|0,0|0,0|0,0|0,0|0,0|0,0|0,0|0,0|0,0|0,0|0,0|0,0|0,0|0,0|0,0|0,0|0,1|0,0|0,0|0,0|0,0|0,0|0,0|0,0|0,0|0
9,35062975,.,C,T,.,PASS,AC=3566;AN=5096;DP=416799;AF=0.7;EAS_AF=0.46;EUR_AF=0.76;AFR_AF=0.74;AMR_AF=0.84;SAS_AF=0.74;EX_TARGET;VT=SNP;NS=2548,GT,1|1,0|1,1|1,0|0,0|0,1|1,0|1,1|1,0|1,1|0,0|1,1|0,1|0,0|0,0|0,0|1,0|0,1|0,0|0,1|0,1|0,0|0,0|0,1|1,0|1,0|1,0|0,0|0,0|1,0|0,0|0,0|0,1|0,0|0,0|0,0|1,1|0,0|1,0|0,1|1,0|1,0|1,0|1,1|1,0|0,0|0,1|0,0|0,1|0,1|1,1|1,0|1,1|1,1|0,0|0,1|1,1|0,1|0,0|0,0|1,0|0,0|0,0|1,0|1,1|0,1|0,0|1,1|1,1|1,1|1,1|0,0|0,1|0,0|0,1|0,0|1,0|0,1|1,1|1,1|0,0|0,0|0,0|1,0|1,1|0,1|0,0|0,0|0,1|0,0|0,0|0,0|1,0|1,0|1,0|0,0|1,0|0,1|0,0|0
9,35063702,.,G,T,.,PASS,AC=5;AN=5096;DP=26827;AF=0;EAS_AF=0;EUR_AF=0;AFR_AF=0;AMR_AF=0;SAS_AF=0;VT=SNP;NS=2548,GT,0|0,0|0,0|0,0|0,0|0,0|0,0|0,0|0,0|0,1|0,0|0,0|0,0|0,0|0,0|0,0|0,0|0,0|0,0|0,0|0,0|0,0|0,0|0,1|0,0|1,0|0,0|0,0|0,0|0,0|0,0|0,0|0,0|0,0|0,0|0,0|0,0|0,0|0,0|0,0|0,0|0,0|0,0|0,0|0,0|0,0|0,0|0,0|0,0|0,0|0,0|0,0|0,0|0,0|0,0|0,0|0,0|0,0|0,0|0,0|0,0|0,0|0,0|0,0|0,0|0,0|0,0|0,0|0,0|0,0|0,0|0,0|0,0|0,0|0,0|0,0|0,0|0,0|0,0|0,0|0,0|0,0|0,0|0,0|0,0|0,0|0,0|0,0|0,0|0,0|0,0|0,0|0,0|0,0|0,0|0,0|0,0|0,0|0,0|0
9,35063727,.,A,G,.,PASS,AC=2082;AN=5096;DP=26005;AF=0.41;EAS_AF=0.08;EUR_AF=0.68;AFR_AF=0.21;AMR_AF=0.7;SAS_AF=0.52;VT=SNP;NS=2548,GT,0|0,0|0,0|0,0|0,0|0,1|1,0|0,0|1,0|0,1|0,0|0,0|0,1|0,0|0,0|0,0|0,0|0,1|0,0|0,0|0,0|0,0|0,0|0,1|0,0|1,0|0,0|0,0|0,0|0,0|0,0|0,0|0,0|0,0|0,0|0,0|0,0|0,0|1,0|0,0|0,0|0,0|0,0|0,0|0,0|0,0|0,0|0,0|0,0|0,1|0,0|0,0|0,0|0,0|0,0|0,0|0,0|0,0|0,0|0,0|0,0|0,0|0,0|1,0|0,0|0,1|0,0|0,1|0,0|0,0|0,0|0,0|0,0|0,0|0,0|0,0|0,0|0,0|0,0|0,0|0,0|0,0|0,0|1,0|0,0|0,0|0,0|0,0|0,0|0,0|0,0|0,0|0,0|0,0|0,0|0,0|0,0|0,0|0,0|0
9,35064388,.,G,A,.,PASS,AC=8;AN=5096;DP=88669;AF=0;EAS_AF=0.01;EUR_AF=0;AFR_AF=0;AMR_AF=0;SAS_AF=0;VT=SNP;NS=2548,GT,0|0,0|0,0|0,0|0,0|0,0|0,0|0,0|0,0|0,0|0,0|0,0|1,0|0,0|0,0|0,0|0,0|0,0|0,0|0,0|0,0|0,1|0,0|0,0|0,0|0,0|0,0|0,0|0,0|0,0|0,0|0,0|0,0|0,0|0,0|0,0|0,0|0,0|0,0|0,0|0,0|0,0|0,0|0,0|0,0|0,0|0,0|0,0|0,0|0,0|0,0|0,0|0,0|0,0|0,0|0,0|0,0|0,0|0,0|0,0|0,0|0,0|0,0|0,0|0,0|0,0|0,1|0,0|0,0|0,0|0,0|0,0|0,0|0,0|0,0|0,0|0,0|0,0|0,0|0,0|0,0|0,0|0,0|0,0|0,0|0,0|0,0|0,0|0,0|0,0|0,0|0,0|0,0|0,0|0,0|0,0|0,0|0,0|0,0|0
9,35064791,.,A,G,.,PASS,AC=2101;AN=5096;DP=21863;AF=0.41;EAS_AF=0.08;EUR_AF=0.68;AFR_AF=0.22;AMR_AF=0.7;SAS_AF=0.52;VT=SNP;NS=2548,GT,0|0,0|0,0|0,0|0,0|0,1|1,0|0,0|1,0|0,1|0,0|0,0|0,1|0,0|0,0|0,0|0,0|0,1|0,0|0,0|0,0|0,0|0,0|0,1|0,0|1,0|0,0|0,0|0,0|0,0|0,0|0,0|0,0|0,0|0,0|0,0|0,0|0,0|1,0|0,0|0,0|0,0|0,0|0,0|0,0|0,0|0,0|0,0|0,0|0,1|0,0|0,0|0,0|0,0|0,0|0,0|0,0|0,0|0,0|0,0|0,0|0,0|0,0|1,0|0,0|0,1|0,0|0,1|0,0|0,0|0,0|0,0|0,0|0,0|0,0|0,0|0,0|0,0|0,0|0,0|0,0|0,0|0,0|1,0|0,0|0,0|0,0|0,0|0,0|0,0|0,0|0,0|0,0|0,0|0,0|0,0|0,0|0,0|0,0|0
9,35065168,.,G,A,.,PASS,AC=1;AN=5096;DP=127995;AF=0;EAS_AF=0;EUR_AF=0;AFR_AF=0;AMR_AF=0;SAS_AF=0;VT=SNP;NS=2548,GT,0|0,0|0,0|0,0|0,0|0,0|0,0|0,0|0,0|0,0|0,0|0,0|0,0|0,0|0,0|0,0|0,0|0,0|0,0|0,1|0,0|0,0|0,0|0,0|0,0|0,0|0,0|0,0|0,0|0,0|0,0|0,0|0,0|0,0|0,0|0,0|0,0|0,0|0,0|0,0|0,0|0,0|0,0|0,0|0,0|0,0|0,0|0,0|0,0|0,0|0,0|0,0|0,0|0,0|0,0|0,0|0,0|0,0|0,0|0,0|0,0|0,0|0,0|0,0|0,0|0,0|0,0|0,0|0,0|0,0|0,0|0,0|0,0|0,0|0,0|0,0|0,0|0,0|0,0|0,0|0,0|0,0|0,0|0,0|0,0|0,0|0,0|0,0|0,0|0,0|0,0|0,0|0,0|0,0|0,0|0,0|0,0|0,0|0,0|0
9,35065203,.,C,T,.,PASS,AC=1;AN=5096;DP=188376;AF=0;EAS_AF=0;EUR_AF=0;AFR_AF=0;AMR_AF=0;SAS_AF=0;EX_TARGET;VT=SNP;NS=2548,GT,0|0,1|0,0|0,0|0,0|0,0|0,0|0,0|0,0|0,0|0,0|0,0|0,0|0,0|0,0|0,0|0,0|0,0|0,0|0,0|0,0|0,0|0,0|0,0|0,0|0,0|0,0|0,0|0,0|0,0|0,0|0,0|0,0|0,0|0,0|0,0|0,0|0,0|0,0|0,0|0,0|0,0|0,0|0,0|0,0|0,0|0,0|0,0|0,0|0,0|0,0|0,0|0,0|0,0|0,0|0,0|0,0|0,0|0,0|0,0|0,0|0,0|0,0|0,0|0,0|0,0|0,0|0,0|0,0|0,0|0,0|0,0|0,0|0,0|0,0|0,0|0,0|0,0|0,0|0,0|0,0|0,0|0,0|0,0|0,0|0,0|0,0|0,0|0,0|0,0|0,0|0,0|0,0|0,0|0,0|0,0|0,0|0,0|0,0|0
9,35065417,.,G,A,.,PASS,AC=1;AN=5096;DP=159541;AF=0;EAS_AF=0;EUR_AF=0;AFR_AF=0;AMR_AF=0;SAS_AF=0;EX_TARGET;VT=SNP;NS=2548,GT,0|0,0|0,0|0,0|0,0|0,0|0,0|0,0|0,0|0,0|0,0|0,0|0,0|0,0|0,0|0,0|0,0|0,0|0,0|0,0|0,0|0,0|0,0|0,0|0,0|0,0|0,0|0,0|0,0|0,0|0,0|0,0|0,0|0,0|0,0|0,0|0,0|0,0|0,0|0,0|0,0|0,0|0,0|0,0|0,0|0,0|0,0|0,0|0,0|0,0|0,0|0,0|0,0|0,0|0,0|0,0|0,0|0,0|0,0|0,0|0,0|0,0|0,0|0,0|0,0|0,0|0,0|0,0|0,0|0,0|0,0|0,0|0,0|0,0|0,0|0,0|0,0|0,0|0,0|0,0|0,0|0,0|0,0|0,0|0,0|0,0|0,0|0,0|0,0|1,0|0,0|0,0|0,0|0,0|0,0|0,0|0,0|0,0|0,0|0
9,35065770,.,C,G,.,PASS,AC=1;AN=5096;DP=26351;AF=0;EAS_AF=0;EUR_AF=0;AFR_AF=0;AMR_AF=0;SAS_AF=0;VT=SNP;NS=2548,GT,0|0,0|0,0|0,0|0,0|0,0|0,0|0,0|0,0|0,0|0,0|0,0|0,0|0,0|0,0|0,0|0,0|0,0|0,0|0,0|0,0|0,0|0,0|0,0|0,0|0,0|0,0|0,0|0,0|0,0|0,0|1,0|0,0|0,0|0,0|0,0|0,0|0,0|0,0|0,0|0,0|0,0|0,0|0,0|0,0|0,0|0,0|0,0|0,0|0,0|0,0|0,0|0,0|0,0|0,0|0,0|0,0|0,0|0,0|0,0|0,0|0,0|0,0|0,0|0,0|0,0|0,0|0,0|0,0|0,0|0,0|0,0|0,0|0,0|0,0|0,0|0,0|0,0|0,0|0,0|0,0|0,0|0,0|0,0|0,0|0,0|0,0|0,0|0,0|0,0|0,0|0,0|0,0|0,0|0,0|0,0|0,0|0,0|0,0|0
9,35066279,.,TG,T,.,PASS,AC=113;AN=5096;DP=15098;AF=0.02;EAS_AF=0.01;EUR_AF=0.04;AFR_AF=0.02;AMR_AF=0.02;SAS_AF=0.03;VT=INDEL;NS=2548,GT,0|1,0|0,0|0,0|0,0|0,0|0,0|0,0|0,0|0,0|0,0|0,0|0,0|0,0|0,0|0,0|0,0|0,0|0,0|0,0|0,0|0,0|0,0|0,0|0,0|0,0|0,0|0,0|0,0|0,0|0,0|0,0|0,0|0,0|0,0|0,0|0,0|0,0|0,0|0,0|0,0|0,0|0,0|0,0|0,0|0,0|0,0|0,0|0,0|0,0|0,0|0,0|0,0|1,0|0,0|0,0|0,0|0,0|0,0|0,0|0,0|0,0|0,0|0,0|0,0|0,0|0,0|0,0|0,0|0,0|0,0|0,0|0,0|0,0|0,0|0,0|0,0|0,0|0,0|0,0|0,0|0,0|0,0|0,0|0,0|0,0|0,0|0,0|0,0|0,0|0,0|0,0|0,0|0,0|0,0|0,0|0,0|0,0|0,0|0
9,35066582,.,T,TA,.,PASS,AC=1955;AN=5096;DP=76051;AF=0.38;EAS_AF=0.12;EUR_AF=0.6;AFR_AF=0.22;AMR_AF=0.63;SAS_AF=0.48;VT=INDEL;NS=2548,GT,0|0,0|0,0|0,0|0,0|0,0|1,0|0,0|1,0|0,1|0,0|0,0|0,1|0,0|0,0|0,0|0,0|1,1|0,0|0,0|0,0|0,0|0,0|0,1|0,0|1,0|0,0|0,0|1,0|0,0|0,0|0,0|0,0|0,0|0,0|0,0|0,0|0,0|1,0|0,0|0,0|0,0|0,0|0,0|0,0|0,0|1,0|0,0|0,0|0,1|0,0|0,0|0,0|0,0|0,0|0,0|0,0|0,0|0,0|0,0|0,0|0,1|0,0|1,0|0,0|0,1|0,0|0,1|0,0|0,0|0,0|0,0|0,0|0,0|0,0|0,0|0,0|0,0|0,0|0,0|0,0|0,0|0,0|1,0|0,0|0,0|0,0|0,0|1,0|0,0|0,0|0,0|0,0|0,0|0,0|0,0|0,0|0,0|0,0|0
9,35067040,.,C,G,.,PASS,AC=2;AN=5096;DP=42875;AF=0;EAS_AF=0;EUR_AF=0;AFR_AF=0;AMR_AF=0;SAS_AF=0;VT=SNP;NS=2548,GT,0|0,0|0,0|0,0|0,0|0,0|0,0|0,0|0,0|0,0|0,0|0,0|0,0|0,0|0,0|0,0|0,0|0,0|0,0|0,0|0,0|0,0|0,0|0,0|0,0|0,0|0,0|0,0|0,0|0,0|0,0|0,0|0,0|0,0|0,0|0,0|0,0|0,0|0,0|0,0|0,0|0,0|0,0|0,0|0,0|0,0|0,0|0,0|0,0|0,0|0,0|0,0|0,0|0,0|0,0|0,0|0,0|0,0|0,0|0,0|0,0|0,0|1,0|0,0|0,0|0,0|0,0|0,0|0,0|0,0|0,0|0,0|0,0|0,0|0,0|0,0|0,0|0,0|0,0|0,0|0,0|0,0|0,0|0,0|0,0|0,0|0,0|0,0|0,0|0,0|0,0|0,0|0,0|0,0|0,0|0,0|0,0|0,0|0,0|0
9,35067308,.,G,C,.,PASS,AC=6;AN=5096;DP=24539;AF=0;EAS_AF=0.01;EUR_AF=0;AFR_AF=0;AMR_AF=0;SAS_AF=0;VT=SNP;NS=2548,GT,0|0,0|0,0|0,0|0,0|0,0|0,0|0,0|0,0|0,0|0,0|0,0|0,0|0,0|0,0|0,0|0,0|0,0|0,0|0,0|0,0|0,0|0,0|0,0|0,0|0,0|0,0|0,0|0,0|0,0|0,0|0,0|0,0|0,0|0,0|0,0|0,0|0,0|0,0|0,0|0,0|0,0|0,0|0,0|0,0|0,0|0,0|0,0|0,0|0,0|0,0|0,0|0,0|0,0|0,0|0,0|0,0|0,0|0,0|0,0|0,0|0,0|0,0|0,0|0,0|0,0|0,0|0,0|0,0|0,0|0,0|0,0|0,0|0,0|0,0|0,0|0,0|0,0|0,0|0,0|0,0|0,0|0,0|0,0|0,0|0,1|0,0|0,0|0,0|0,0|0,0|0,0|0,0|0,0|0,0|0,0|0,0|0,0|0,0|0
9,35067444,.,T,A,.,PASS,AC=2;AN=5096;DP=24017;AF=0;EAS_AF=0;EUR_AF=0;AFR_AF=0;AMR_AF=0;SAS_AF=0;VT=SNP;NS=2548,GT,0|0,0|0,0|0,0|0,0|0,0|0,0|0,0|0,0|0,0|0,0|0,0|0,0|0,0|0,0|0,0|0,0|0,0|0,0|0,0|0,0|0,0|0,0|0,0|0,0|0,0|0,0|0,0|0,0|0,0|0,0|0,0|0,0|0,0|0,0|0,0|0,0|0,0|0,0|0,0|0,0|0,0|0,0|0,0|0,0|0,0|0,0|0,0|0,0|0,0|0,0|0,0|0,0|0,0|0,0|0,0|0,0|0,0|0,0|0,0|0,0|0,0|0,0|0,0|0,0|0,0|0,0|0,0|0,0|0,0|1,0|0,0|0,0|0,0|0,0|0,0|0,0|0,0|0,0|0,0|0,0|0,0|0,0|0,0|0,0|0,0|0,0|0,0|0,0|0,0|0,0|0,0|0,0|0,0|0,0|0,0|0,0|0,0|0,0|0
9,35067529,.,G,C,.,PASS,AC=1;AN=5096;DP=28743;AF=0;EAS_AF=0;EUR_AF=0;AFR_AF=0;AMR_AF=0;SAS_AF=0;VT=SNP;NS=2548,GT,0|0,0|0,0|0,0|0,0|0,0|0,0|0,0|0,0|0,0|0,0|0,0|0,0|0,0|0,0|0,0|0,0|0,0|0,0|0,0|0,0|0,0|0,0|0,0|0,0|0,0|0,0|0,0|0,0|0,0|0,0|0,0|0,1|0,0|0,0|0,0|0,0|0,0|0,0|0,0|0,0|0,0|0,0|0,0|0,0|0,0|0,0|0,0|0,0|0,0|0,0|0,0|0,0|0,0|0,0|0,0|0,0|0,0|0,0|0,0|0,0|0,0|0,0|0,0|0,0|0,0|0,0|0,0|0,0|0,0|0,0|0,0|0,0|0,0|0,0|0,0|0,0|0,0|0,0|0,0|0,0|0,0|0,0|0,0|0,0|0,0|0,0|0,0|0,0|0,0|0,0|0,0|0,0|0,0|0,0|0,0|0,0|0,0|0,0|0
9,35067597,.,G,A,.,PASS,AC=4;AN=5096;DP=35816;AF=0;EAS_AF=0;EUR_AF=0;AFR_AF=0;AMR_AF=0;SAS_AF=0;VT=SNP;NS=2548,GT,0|0,0|0,0|0,0|0,0|0,0|0,0|0,0|0,0|0,0|0,0|0,0|0,0|0,0|0,0|0,0|0,0|0,0|0,0|0,0|0,0|0,0|0,0|0,0|0,0|0,0|0,0|0,0|0,0|0,0|0,0|0,0|0,0|0,0|0,0|0,1|0,0|0,0|0,0|0,0|0,0|0,0|0,0|0,0|0,0|0,1|0,0|0,0|0,0|0,0|0,0|0,0|0,0|0,0|0,0|0,0|0,0|0,0|0,0|0,0|0,0|0,0|0,0|0,0|0,0|0,0|0,0|0,0|0,0|0,0|0,0|0,0|0,0|0,0|0,0|0,0|0,0|0,0|0,0|0,0|0,0|0,0|0,0|0,0|0,0|0,0|0,0|0,0|0,0|0,0|0,0|0,0|0,0|0,0|0,0|0,0|0,0|0,0|0,0|0
9,35067634,.,G,A,.,PASS,AC=32;AN=5096;DP=42978;AF=0.01;EAS_AF=0.03;EUR_AF=0;AFR_AF=0;AMR_AF=0;SAS_AF=0;VT=SNP;NS=2548,GT,0|0,0|0,0|0,0|0,0|0,0|0,0|0,0|0,1|0,0|0,0|0,0|0,0|0,0|0,0|1,1|0,0|0,0|0,0|0,0|0,0|0,0|0,0|0,0|0,0|0,0|0,1|0,0|0,0|0,0|0,0|0,1|1,0|0,0|0,0|0,1|0,0|0,0|0,0|0,0|0,0|0,0|0,0|0,0|0,0|0,1|0,0|0,0|0,0|0,0|0,0|0,0|0,0|0,0|0,0|0,0|0,0|0,0|0,0|0,0|0,0|0,0|0,0|0,0|0,0|0,0|0,0|0,0|0,0|0,0|0,0|0,0|0,0|0,0|0,0|0,0|0,0|0,0|0,0|0,0|0,0|0,0|0,0|0,0|0,0|0,0|1,0|1,0|0,0|1,0|0,0|0,0|0,0|0,0|0,0|0,0|0,0|0,0|0,0|0
9,35068204,.,C,T,.,PASS,AC=868;AN=5096;DP=443579;AF=0.17;EAS_AF=0.08;EUR_AF=0.2;AFR_AF=0.12;AMR_AF=0.2;SAS_AF=0.27;VT=SNP;NS=2548,GT,0|0,0|0,0|0,0|0,0|0,1|1,0|0,0|1,0|0,1|0,0|0,0|0,1|0,0|0,0|0,0|0,0|0,1|0,0|0,0|0,0|0,0|0,0|0,1|0,0|1,0|0,0|0,0|0,0|0,0|0,0|0,0|0,0|0,0|0,0|0,0|0,0|0,0|1,0|0,0|0,0|0,0|0,0|0,0|0,0|0,0|0,0|0,0|0,0|0,1|0,0|0,0|0,0|0,0|0,0|0,0|0,0|0,0|0,0|0,0|0,0|0,0|0,0|0,0|0,0|0,0|0,0|0,1|0,0|0,0|0,0|0,0|0,0|0,0|0,0|0,0|0,0|0,0|0,0|0,0|0,0|0,0|0,0|1,0|0,0|0,0|0,0|0,0|0,0|0,0|0,0|0,0|0,0|0,0|0,0|0,0|0,0|0,0|0,0|0
9,35068527,.,T,C,.,PASS,AC=1;AN=5096;DP=71123;AF=0;EAS_AF=0;EUR_AF=0;AFR_AF=0;AMR_AF=0;SAS_AF=0;VT=SNP;NS=2548,GT,0|0,0|0,0|1,0|0,0|0,0|0,0|0,0|0,0|0,0|0,0|0,0|0,0|0,0|0,0|0,0|0,0|0,0|0,0|0,0|0,0|0,0|0,0|0,0|0,0|0,0|0,0|0,0|0,0|0,0|0,0|0,0|0,0|0,0|0,0|0,0|0,0|0,0|0,0|0,0|0,0|0,0|0,0|0,0|0,0|0,0|0,0|0,0|0,0|0,0|0,0|0,0|0,0|0,0|0,0|0,0|0,0|0,0|0,0|0,0|0,0|0,0|0,0|0,0|0,0|0,0|0,0|0,0|0,0|0,0|0,0|0,0|0,0|0,0|0,0|0,0|0,0|0,0|0,0|0,0|0,0|0,0|0,0|0,0|0,0|0,0|0,0|0,0|0,0|0,0|0,0|0,0|0,0|0,0|0,0|0,0|0,0|0,0|0,0|0
9,35068643,.,A,T,.,PASS,AC=627;AN=5096;DP=33255;AF=0.12;EAS_AF=0.32;EUR_AF=0.06;AFR_AF=0.04;AMR_AF=0.09;SAS_AF=0.12;VT=SNP;NS=2548,GT,1|1,0|1,0|0,0|0,0|0,0|0,0|1,1|0,0|1,0|0,0|1,1|0,0|0,0|0,0|0,0|1,0|0,0|0,0|0,1|0,1|0,0|0,0|0,0|1,0|0,0|0,0|0,0|0,0|1,0|0,0|0,0|0,0|0,0|0,0|0,0|1,1|0,0|0,0|0,1|1,1|1,0|1,0|1,1|1,0|0,0|0,0|0,0|0,1|0,0|1,1|1,0|1,1|1,1|0,0|0,1|1,1|0,1|0,0|0,0|1,0|0,0|0,0|0,0|1,1|0,0|0,0|1,0|1,1|1,1|1,1|0,0|0,1|0,0|0,1|0,0|1,0|0,1|1,1|1,0|0,0|0,0|0,0|0,0|1,1|0,1|0,0|0,0|0,0|0,0|0,0|0,0|1,0|1,0|1,0|0,0|1,0|0,1|0,0|0
9,35068951,.,T,C,.,PASS,AC=431;AN=5096;DP=23880;AF=0.08;EAS_AF=0.05;EUR_AF=0;AFR_AF=0.22;AMR_AF=0.02;SAS_AF=0.07;VT=SNP;NS=2548,GT,0|0,0|0,1|0,0|0,0|0,0|0,0|0,0|0,0|0,0|0,0|0,0|0,0|0,0|0,0|0,0|0,0|0,0|0,0|0,0|0,0|0,0|0,0|0,0|0,0|0,0|1,0|0,0|0,0|0,0|0,0|0,0|0,1|0,0|0,0|0,0|0,0|0,0|0,0|0,0|0,0|0,0|0,0|0,0|0,0|0,0|0,1|0,0|0,0|0,0|0,0|0,0|0,0|0,0|0,0|0,0|0,0|0,0|0,0|0,0|0,0|0,0|0,0|0,0|0,0|0,0|0,0|0,0|0,0|0,0|0,0|0,0|0,0|0,0|0,0|0,0|0,0|0,0|0,0|0,1|0,0|0,0|0,0|0,0|0,0|0,0|0,0|0,0|0,1|0,0|0,0|0,0|0,0|0,0|0,0|0,0|0,0|0,0|0,0|0
9,35069401,.,C,T,.,PASS,AC=1;AN=5096;DP=19294;AF=0;EAS_AF=0;EUR_AF=0;AFR_AF=0;AMR_AF=0;SAS_AF=0;VT=SNP;NS=2548,GT,0|0,0|0,0|0,0|0,0|0,0|0,0|0,0|0,0|0,0|0,0|0,0|0,0|0,0|0,0|0,0|0,0|0,0|0,0|0,0|0,0|0,0|0,0|0,0|0,0|0,0|0,0|0,0|0,0|0,0|0,0|0,0|0,0|0,0|0,0|0,0|0,0|0,0|0,0|0,0|0,0|0,0|0,0|0,0|0,0|0,0|0,0|0,0|0,0|0,0|0,0|0,0|0,0|0,0|0,0|0,0|0,0|0,0|0,0|0,0|0,0|0,0|0,0|0,0|1,0|0,0|0,0|0,0|0,0|0,0|0,0|0,0|0,0|0,0|0,0|0,0|0,0|0,0|0,0|0,0|0,0|0,0|0,0|0,0|0,0|0,0|0,0|0,0|0,0|0,0|0,0|0,0|0,0|0,0|0,0|0,0|0,0|0,0|0,0|0
9,35069584,.,C,T,.,PASS,AC=221;AN=5096;DP=18896;AF=0.04;EAS_AF=0.02;EUR_AF=0.07;AFR_AF=0;AMR_AF=0.03;SAS_AF=0.1;VT=SNP;NS=2548,GT,0|0,0|0,0|0,0|0,0|0,1|0,0|0,0|0,0|0,1|0,0|0,0|0,1|0,0|0,0|0,0|0,0|0,0|0,0|0,0|0,0|0,0|0,0|0,1|0,0|1,0|0,0|0,0|0,0|0,0|0,0|0,0|0,0|0,0|0,0|0,0|0,0|0,0|0,0|0,0|0,0|0,0|0,0|0,0|0,0|0,0|0,0|0,0|0,0|0,0|0,0|0,0|0,0|0,0|0,0|0,0|0,0|0,0|0,0|0,0|0,0|0,0|0,0|0,0|0,0|0,0|0,0|0,1|0,0|0,0|0,0|0,0|0,0|0,0|0,0|0,0|0,0|0,0|0,0|0,0|0,0|0,0|0,0|0,0|0,0|0,0|0,0|0,0|0,0|0,0|0,0|0,0|0,0|0,0|0,0|0,0|0,0|0,0|0,0|0
9,35069611,.,C,A,.,PASS,AC=2073;AN=5096;DP=18257;AF=0.41;EAS_AF=0.08;EUR_AF=0.68;AFR_AF=0.21;AMR_AF=0.7;SAS_AF=0.52;VT=SNP;NS=2548,GT,0|0,0|0,0|0,0|0,0|0,1|1,0|0,0|1,0|0,1|0,0|0,0|0,1|0,0|0,0|0,0|0,0|0,1|0,0|0,0|0,0|0,0|0,0|0,1|0,0|1,0|0,0|0,0|0,0|0,0|0,0|0,0|0,0|0,0|0,0|0,0|0,0|0,0|1,0|0,0|0,0|0,0|0,0|0,0|0,0|0,0|0,0|0,0|0,0|0,1|0,0|0,0|0,0|0,0|0,0|0,0|0,0|0,0|0,0|0,0|0,0|0,0|0,0|1,0|0,0|0,1|0,0|0,1|0,0|0,0|0,0|0,0|0,0|0,0|0,0|0,0|0,0|0,0|0,0|0,0|0,0|0,0|0,0|1,0|0,0|0,0|0,0|0,0|0,0|0,0|0,0|0,0|0,0|0,0|0,0|0,0|0,0|0,0|0,0|0
9,35069751,.,GCT,G,.,PASS,AC=28;AN=5096;DP=18299;AF=0.01;EAS_AF=0.03;EUR_AF=0;AFR_AF=0;AMR_AF=0;SAS_AF=0;VT=INDEL;NS=2548,GT,0|0,0|0,0|0,0|0,0|0,0|1,0|0,0|1,0|0,0|0,0|0,0|0,0|0,0|0,0|0,0|0,0|0,0|0,0|0,0|0,0|0,0|0,0|0,0|0,0|0,0|0,0|0,0|0,0|0,0|0,0|0,0|0,0|0,0|0,0|0,0|0,0|0,0|0,0|0,0|0,0|0,0|0,0|0,0|0,0|0,0|0,0|0,0|0,0|0,0|0,0|0,0|0,0|0,0|0,0|0,0|0,0|0,0|0,0|0,0|0,0|0,0|0,0|0,0|0,0|0,0|0,0|0,0|0,0|0,0|0,0|0,0|0,0|0,0|0,0|0,0|0,0|0,0|0,0|0,0|0,0|0,0|0,0|0,0|0,0|0,0|0,0|0,0|0,0|0,0|0,0|0,0|0,0|0,0|0,0|0,0|0,0|0,0|0,0|0
9,35070729,.,C,T,.,PASS,AC=850;AN=5096;DP=21346;AF=0.17;EAS_AF=0.08;EUR_AF=0.2;AFR_AF=0.11;AMR_AF=0.2;SAS_AF=0.27;VT=SNP;NS=2548,GT,0|0,0|0,0|0,0|0,0|0,1|1,0|0,0|1,0|0,1|0,0|0,0|0,1|0,0|0,0|0,0|0,0|0,1|0,0|0,0|0,0|0,0|0,0|0,1|0,0|1,0|0,0|0,0|0,0|0,0|0,0|0,0|0,0|0,0|0,0|0,0|0,0|0,0|1,0|0,0|0,0|0,0|0,0|0,0|0,0|0,0|0,0|0,0|0,0|0,1|0,0|0,0|0,0|0,0|0,0|0,0|0,0|0,0|0,0|0,0|0,0|0,0|0,0|0,0|0,0|0,0|0,0|0,1|0,0|0,0|0,0|0,0|0,0|0,0|0,0|0,0|0,0|0,0|0,0|0,0|0,0|0,0|0,0|1,0|0,0|0,0|0,0|0,0|0,0|0,0|0,0|0,0|0,0|0,0|0,0|0,0|0,0|0,0|0,0|0
9,35071014,.,A,T,.,PASS,AC=5;AN=5096;DP=19521;AF=0;EAS_AF=0;EUR_AF=0;AFR_AF=0;AMR_AF=0;SAS_AF=0;VT=SNP;NS=2548,GT,0|0,0|0,0|0,0|0,0|0,0|0,0|0,0|0,0|0,0|0,0|0,0|0,0|0,0|0,0|0,0|0,0|0,0|0,0|0,0|0,0|0,0|0,1|0,0|0,0|0,0|0,0|1,0|0,0|0,0|0,0|0,0|0,0|0,0|0,0|0,0|0,0|0,0|0,0|0,0|0,0|0,0|0,1|0,0|0,0|0,0|0,0|0,0|0,0|0,0|0,0|0,0|0,0|0,0|0,0|0,0|0,0|0,0|0,0|0,0|0,0|0,0|0,0|0,0|0,0|0,0|0,0|0,0|0,0|0,0|0,0|0,0|0,0|0,0|0,0|0,0|0,0|0,0|0,0|0,0|0,0|1,0|0,0|0,0|0,0|1,0|0,0|0,0|0,0|0,0|0,0|0,0|0,0|0,0|0,0|0,0|0,0|0,0|0,0|0
9,35071094,.,T,C,.,PASS,AC=932;AN=5096;DP=19689;AF=0.18;EAS_AF=0.08;EUR_AF=0.2;AFR_AF=0.17;AMR_AF=0.2;SAS_AF=0.28;VT=SNP;NS=2548,GT,0|0,0|0,0|0,0|0,0|0,1|1,0|0,0|1,0|0,1|0,0|0,0|0,1|0,0|0,0|0,0|0,0|0,1|0,0|0,0|0,0|0,0|0,0|0,1|0,0|1,0|0,0|0,0|0,0|0,0|0,0|0,0|0,0|0,0|0,0|0,0|0,0|0,0|1,0|0,0|0,0|0,0|0,0|0,0|0,0|0,0|0,0|0,0|0,0|0,1|0,0|0,0|0,0|0,0|0,0|0,0|0,0|0,0|0,0|0,0|0,0|0,0|0,0|0,0|0,0|0,0|0,0|0,1|0,0|0,0|0,0|0,0|0,0|0,0|0,0|0,0|0,0|0,0|0,0|0,0|0,0|0,0|0,0|1,0|0,0|0,0|0,0|0,0|0,0|0,0|0,0|0,0|0,0|0,0|0,0|0,0|0,0|0,0|0,0|0
9,35071162,.,ACT,A,.,PASS,AC=22;AN=5096;DP=20185;AF=0;EAS_AF=0.02;EUR_AF=0;AFR_AF=0;AMR_AF=0;SAS_AF=0;VT=INDEL;NS=2548,GT,0|0,0|0,0|0,0|0,0|0,0|0,0|0,0|0,0|0,0|0,0|0,0|0,0|0,0|0,0|0,0|0,0|0,0|0,0|0,0|0,0|0,0|0,0|0,0|0,0|0,0|0,0|0,0|0,1|0,0|0,0|0,0|0,0|0,0|0,0|0,0|0,0|0,1|0,0|0,0|0,0|0,0|0,0|0,0|0,0|0,0|0,0|0,0|0,0|0,0|0,0|0,0|0,0|0,0|0,0|0,0|0,0|0,0|0,0|0,0|0,0|0,0|0,0|0,0|0,0|0,0|0,0|0,0|0,0|0,0|0,0|0,0|0,0|0,0|0,0|0,0|0,0|0,0|0,0|0,0|0,0|0,0|0,0|0,0|0,0|0,0|0,0|0,0|0,0|0,0|0,0|0,0|0,0|0,0|0,0|0,0|0,0|0,0|0,0|1
9,35071165,.,CTT,C,.,PASS,AC=22;AN=5096;DP=20196;AF=0;EAS_AF=0.02;EUR_AF=0;AFR_AF=0;AMR_AF=0;SAS_AF=0;VT=INDEL;NS=2548,GT,0|0,0|0,0|0,0|0,0|0,0|0,0|0,0|0,0|0,0|0,0|0,0|0,0|0,0|0,0|0,0|0,0|0,0|0,0|0,0|0,0|0,0|0,0|0,0|0,0|0,0|0,0|0,0|0,1|0,0|0,0|0,0|0,0|0,0|0,0|0,0|0,0|0,1|0,0|0,0|0,0|0,0|0,0|0,0|0,0|0,0|0,0|0,0|0,0|0,0|0,0|0,0|0,0|0,0|0,0|0,0|0,0|0,0|0,0|0,0|0,0|0,0|0,0|0,0|0,0|0,0|0,0|0,0|0,0|0,0|0,0|0,0|0,0|0,0|0,0|0,0|0,0|0,0|0,0|0,0|0,0|0,0|0,0|0,0|0,0|0,0|0,0|0,0|0,0|0,0|0,0|0,0|0,0|0,0|0,0|0,0|0,0|0,0|0,0|1
9,35071427,.,G,T,.,PASS,AC=57;AN=5096;DP=15859;AF=0.01;EAS_AF=0.05;EUR_AF=0;AFR_AF=0;AMR_AF=0;SAS_AF=0;VT=SNP;NS=2548,GT,0|0,0|0,0|0,0|0,0|0,0|0,0|0,0|0,1|0,0|0,0|0,0|0,0|0,0|0,0|1,1|0,0|0,0|0,0|0,0|0,0|0,0|1,0|0,0|0,0|0,0|0,1|0,0|0,0|0,0|0,0|0,1|1,0|0,0|0,0|0,1|0,0|0,0|0,0|0,0|0,0|0,0|0,0|0,0|0,0|0,1|0,0|0,0|0,0|1,0|0,0|0,0|0,0|0,0|1,0|0,0|0,0|0,0|0,0|0,0|0,0|0,0|0,0|0,0|0,0|0,0|0,0|0,0|0,0|0,0|0,0|0,0|0,0|0,0|0,0|0,0|0,0|0,0|0,0|0,0|0,0|0,0|0,0|0,0|0,0|0,0|1,0|1,0|0,0|1,0|0,1|0,0|0,0|0,0|0,0|0,0|0,0|0,0|0,0|0
9,35071776,.,G,A,.,PASS,AC=623;AN=5096;DP=16531;AF=0.12;EAS_AF=0.32;EUR_AF=0.06;AFR_AF=0.04;AMR_AF=0.09;SAS_AF=0.12;VT=SNP;NS=2548,GT,1|1,0|1,0|0,0|0,0|0,0|0,0|1,1|0,0|1,0|0,0|1,1|0,0|0,0|0,0|0,0|1,0|0,0|0,0|0,1|0,1|0,0|0,0|0,0|1,0|0,0|0,0|0,0|0,0|1,0|0,0|0,0|0,0|0,0|0,0|0,0|1,1|0,0|0,0|0,1|1,1|1,0|1,0|0,1|1,0|0,0|0,0|0,0|0,1|0,0|1,1|1,0|1,1|1,0|0,0|0,1|1,1|0,1|0,0|0,0|1,0|0,0|0,0|0,0|1,1|0,0|0,0|1,0|1,1|1,1|1,1|0,0|0,1|0,0|0,1|0,0|1,0|0,1|1,1|1,0|0,0|0,0|0,0|0,0|1,1|0,1|0,0|0,0|0,0|0,0|0,0|0,0|1,0|1,0|1,0|0,0|1,0|0,1|0,0|0
9,35071777,.,C,A,.,PASS,AC=623;AN=5096;DP=16548;AF=0.12;EAS_AF=0.32;EUR_AF=0.06;AFR_AF=0.04;AMR_AF=0.09;SAS_AF=0.12;VT=SNP;NS=2548,GT,1|1,0|1,0|0,0|0,0|0,0|0,0|1,1|0,0|1,0|0,0|1,1|0,0|0,0|0,0|0,0|1,0|0,0|0,0|0,1|0,1|0,0|0,0|0,0|1,0|0,0|0,0|0,0|0,0|1,0|0,0|0,0|0,0|0,0|0,0|0,0|1,1|0,0|0,0|0,1|1,1|1,0|1,0|0,1|1,0|0,0|0,0|0,0|0,1|0,0|1,1|1,0|1,1|1,0|0,0|0,1|1,1|0,1|0,0|0,0|1,0|0,0|0,0|0,0|1,1|0,0|0,0|1,0|1,1|1,1|1,1|0,0|0,1|0,0|0,1|0,0|1,0|0,1|1,1|1,0|0,0|0,0|0,0|0,0|1,1|0,1|0,0|0,0|0,0|0,0|0,0|0,0|1,0|1,0|1,0|0,0|1,0|0,1|0,0|0
9,35071848,.,C,G,.,PASS,AC=1;AN=5096;DP=15258;AF=0;EAS_AF=0;EUR_AF=0;AFR_AF=0;AMR_AF=0;SAS_AF=0;VT=SNP;NS=2548,GT,0|0,0|0,0|0,0|0,0|0,0|0,0|0,0|0,0|0,0|0,0|0,0|0,0|0,0|0,0|0,0|0,0|0,0|0,0|0,0|0,0|0,0|0,0|0,0|0,0|0,0|0,0|0,0|0,0|0,0|0,0|0,0|0,0|0,0|0,0|0,0|0,0|0,0|0,0|0,0|0,0|0,0|0,0|0,0|0,0|0,0|0,0|0,0|0,0|0,0|1,0|0,0|0,0|0,0|0,0|0,0|0,0|0,0|0,0|0,0|0,0|0,0|0,0|0,0|0,0|0,0|0,0|0,0|0,0|0,0|0,0|0,0|0,0|0,0|0,0|0,0|0,0|0,0|0,0|0,0|0,0|0,0|0,0|0,0|0,0|0,0|0,0|0,0|0,0|0,0|0,0|0,0|0,0|0,0|0,0|0,0|0,0|0,0|0,0|0
9,35072004,.,G,C,.,PASS,AC=2073;AN=5096;DP=13598;AF=0.41;EAS_AF=0.08;EUR_AF=0.68;AFR_AF=0.21;AMR_AF=0.7;SAS_AF=0.52;VT=SNP;NS=2548,GT,0|0,0|0,0|0,0|0,0|0,1|1,0|0,0|1,0|0,1|0,0|0,0|0,1|0,0|0,0|0,0|0,0|0,1|0,0|0,0|0,0|0,0|0,0|0,1|0,0|1,0|0,0|0,0|0,0|0,0|0,0|0,0|0,0|0,0|0,0|0,0|0,0|0,0|1,0|0,0|0,0|0,0|0,0|0,0|0,0|0,0|0,0|0,0|0,0|0,1|0,0|0,0|0,0|0,0|0,0|0,0|0,0|0,0|0,0|0,0|0,0|0,0|0,0|1,0|0,0|0,1|0,0|0,1|0,0|0,0|0,0|0,0|0,0|0,0|0,0|0,0|0,0|0,0|0,0|0,0|0,0|0,0|0,0|1,0|0,0|0,0|0,0|0,0|0,0|0,0|0,0|0,0|0,0|0,0|0,0|0,0|0,0|0,0|0,0|0
9,35072490,.,C,T,.,PASS,AC=3;AN=5096;DP=16208;AF=0;EAS_AF=0;EUR_AF=0;AFR_AF=0;AMR_AF=0;SAS_AF=0;VT=SNP;NS=2548,GT,0|0,0|0,0|0,0|0,0|0,0|0,0|0,0|0,0|0,0|0,0|0,1|0,0|0,0|0,0|0,0|0,0|0,0|0,0|0,0|0,0|0,0|0,0|0,0|0,0|0,0|0,0|0,0|0,0|0,0|0,0|0,0|0,0|0,0|0,0|0,0|0,0|0,0|0,0|0,0|0,0|0,0|0,0|0,0|0,0|0,0|0,0|0,0|0,0|0,0|0,0|0,0|0,0|0,0|0,0|0,0|0,0|0,0|0,0|0,0|0,0|0,0|0,0|0,0|0,0|0,0|0,0|0,0|0,0|0,0|0,0|0,0|0,0|0,0|0,0|0,0|0,0|0,0|0,0|0,0|0,0|0,0|0,0|0,0|0,0|0,0|0,0|0,0|0,0|0,0|0,0|0,0|0,0|0,0|0,0|0,0|0,0|0,0|0,0|0
